rand-def
0.4750730937913075 0.5230047328822981 0.47893737440482526 0.42957772453903875 0.5322647697565253 0.5736632341128717 0.43077951164641176 0.6468366920559732 0.5884822435610743 0.6468366920559732 0.5230047328822981 0.5736632341128717 0.47893737440482526 0.47893737440482526 0.42957772453903875 0.5230047328822981 0.43077951164641176 0.42957772453903875 0.5322647697565253 0.42957772453903875 0.5230047328822981 0.5736632341128717 0.5884822435610743 0.47893737440482526 0.5322647697565253 

rand-def-smote
0.4750730937913075 0.5230047328822981 0.47893737440482526 0.42957772453903875 0.5322647697565253 0.5736632341128717 0.43077951164641176 0.6468366920559732 0.5884822435610743 0.6468366920559732 0.5230047328822981 0.5736632341128717 0.47893737440482526 0.47893737440482526 0.42957772453903875 0.5230047328822981 0.43077951164641176 0.42957772453903875 0.5322647697565253 0.42957772453903875 0.5230047328822981 0.5736632341128717 0.5884822435610743 0.47893737440482526 0.5322647697565253 

oner-def
0.27498597046143514 0.7071067811865475 0.16162440712835371 0.2313438706925245 0.22223355980148635 0.25534411542847546 0.20506698694768613 0.12121830534626528 0.3030457633656632 0.1414213562373095 0.25534411542847546 0.14958791130929178 0.1414213562373095 0.1818274580193979 0.24243661069253056 0.2160604053625562 0.13749298523071757 0.27039198072741244 0.10101525445522107 0.24243661069253056 0.3197462342561483 0.13749298523071757 0.1414213562373095 0.16162440712835371 0.20203050891044214 

oner-def-smote
0.27498597046143514 0.07856742013183861 0.1818274580193979 0.2313438706925245 0.22223355980148635 0.25534411542847546 0.20506698694768613 0.12121830534626528 0.3030457633656632 0.1414213562373095 0.2946278254943948 0.14958791130929178 0.16162440712835371 0.1818274580193979 0.282842712474619 0.3197462342561483 0.13749298523071757 0.35339950860664826 0.12121830534626528 0.24243661069253056 0.3197462342561483 0.15713484026367722 0.23914448069028918 0.16162440712835371 0.20203050891044214 

oner-cfs
0.27498597046143514 0.7071067811865475 0.16162440712835371 0.2313438706925245 0.22223355980148635 0.25534411542847546 0.20506698694768613 0.12121830534626528 0.3030457633656632 0.1414213562373095 0.25534411542847546 0.14958791130929178 0.1414213562373095 0.1818274580193979 0.24243661069253056 0.2160604053625562 0.13749298523071757 0.27039198072741244 0.10101525445522107 0.24243661069253056 0.3197462342561483 0.13749298523071757 0.1414213562373095 0.16162440712835371 0.20203050891044214 

oner-cfs-smote
0.31426968052735443 0.09820927516479827 0.1818274580193979 0.2313438706925245 0.22223355980148635 0.25534411542847546 0.20506698694768613 0.12121830534626528 0.24243661069253056 0.1414213562373095 0.25534411542847546 0.14958791130929178 0.16162440712835371 0.1818274580193979 0.282842712474619 0.2160604053625562 0.13749298523071757 0.35339950860664826 0.1414213562373095 0.24243661069253056 0.3197462342561483 0.15713484026367722 0.1414213562373095 0.16162440712835371 0.20203050891044214 

oner-dtf
0.6508541396588877 0.7071067811865475 0.5205702855160419 0.6507128568950522 0.647884058100495 0.6555790956225526 0.7071067811865475 0.7071067811865475 0.7073953373222827 0.5283528058677986 0.7073795321248246 0.652925515196842 0.7082603003566023 0.5841586736893931 0.7071067811865475 0.7071067811865475 0.7071067811865475 0.711709640404637 0.7071067811865475 0.7073953373222827 0.5432668671002207 0.7071067811865475 0.6456753130510898 0.7073953373222827 0.6456753130510898 

oner-dtf-smote
0.6508541396588877 0.4289845892077917 0.5146561698674771 0.4821278803043581 0.647884058100495 0.589582924355309 0.5335936864527373 0.5788945560868223 0.6168106587657812 0.5283528058677986 0.6484787516627083 0.652925515196842 0.689905041363546 0.5841586736893931 0.4620201740777658 0.4479032082388083 0.4750730937913075 0.711709640404637 0.5788945560868223 0.7073953373222827 0.5432668671002207 0.47303851016462223 0.6456753130510898 0.6682597483362408 0.5841586736893931 

oner-svmf
0.7071067811865475 0.7071067811865475 0.7071067811865475 0.7071067811865475 0.7071067811865475 0.7071067811865475 0.7071067811865475 0.7071067811865475 0.7071067811865475 0.7071067811865475 0.7071067811865475 0.7071067811865475 0.7071067811865475 0.7071067811865475 0.7071067811865475 0.7071067811865475 0.7071067811865475 0.711709640404637 0.7071067811865475 0.7071067811865475 0.3197462342561483 0.7071067811865475 0.7071067811865475 0.7071067811865475 0.7071067811865475 

oner-svmf-smote
0.5218970618904426 0.27498597046143514 0.5454576375917302 0.22223355980148635 0.4240214991510261 0.4321208107251124 0.39723193461319695 0.4444671196029727 0.4848732213850611 0.32957856016938664 0.5892556509887896 0.37781862524265114 0.4848732213850611 0.6262945776223706 0.38385796692984003 0.4714045207910316 0.31426968052735443 0.5407839614548249 0.4091424416109965 0.4444671196029727 0.3197462342561483 0.2946278254943948 0.4444671196029727 0.5252793231671495 0.42426406871192845 

cart-def
0.6276179737608335 0.5393468844152111 0.6006939260399132 0.6128026357093 0.6680451818445093 0.6772880744575893 0.6050839141886657 0.6507128568950522 0.619756806258466 0.7174216873994125 0.6276179737608335 0.6588078458684123 0.658196885814471 0.6680451818445093 0.5774447174873886 0.5803495115493383 0.7168604389202188 0.6801550526151434 0.46117612739129094 0.6738245075881998 0.5886005583449191 0.485912657903775 0.647884058100495 0.662831494028052 0.6680451818445093 

cart-def-smote
0.5361183073782995 0.7138942931053553 0.662831494028052 0.7253429871306345 0.6128026357093 0.7338802674234948 0.5531196597705521 0.6541536654692749 0.5685405175723512 0.5333505506862773 0.572653559113564 0.6050839141886657 0.7211102550927978 0.6680451818445093 0.6272848268575724 0.7393795363447868 0.7168604389202188 0.6272848268575724 0.711709640404637 0.619756806258466 0.5973836991001823 0.5973836991001824 0.711709640404637 0.658196885814471 0.6128026357093 

cart-cfs
0.6346477588219923 0.7114582486036498 0.6680451818445093 0.7253429871306345 0.6128026357093 0.5886005583449191 0.6669559557523871 0.7142857142857143 0.6272848268575724 0.6541536654692749 0.6832429931249356 0.7168604389202188 0.658196885814471 0.6680451818445093 0.6353663003641187 0.7393795363447868 0.7168604389202188 0.6801550526151434 0.5872944963425981 0.7354021529276429 0.6422015567609384 0.6588078458684123 0.711709640404637 0.7211102550927978 0.6128026357093 

cart-cfs-smote
0.6346477588219923 0.7114582486036498 0.7253429871306345 0.5525207113294194 0.5602236740975841 0.5886005583449191 0.7203501377716632 0.6541536654692749 0.6272848268575724 0.6541536654692749 0.6832429931249356 0.6626033578820312 0.658196885814471 0.6680451818445093 0.6353663003641187 0.7393795363447868 0.6626033578820312 0.6801550526151434 0.46117612739129094 0.6801550526151434 0.5559026693385972 0.6050839141886657 0.6507128568950522 0.662831494028052 0.5602236740975841 

cart-dtf
0.6555790956225526 0.7073795321248246 0.5841586736893931 0.7142857142857143 0.647884058100495 0.7243558228002943 0.7081971546656645 0.5841586736893931 0.6507128568950522 0.5841586736893931 0.6508541396588877 0.6555790956225526 0.7082603003566023 0.59557597651488 0.6456753130510898 0.7203501377716632 0.5905636562630361 0.7142857142857143 0.5817080136884896 0.7174216873994125 0.6832429931249356 0.5335936864527373 0.7082603003566023 0.7096995627642412 0.647884058100495 

cart-dtf-smote
0.6718548123582124 0.2832788618662658 0.5240867214021058 0.59557597651488 0.647884058100495 0.7383352144445562 0.6373774391990981 0.39870341384438307 0.5488330741634158 0.47812319314436846 0.558326423395605 0.6050839141886657 0.4091424416109965 0.5333505506862773 0.40259321321657743 0.6832429931249356 0.3868996743662255 0.5602236740975841 0.4845008803426381 0.5685405175723512 0.6211299937499416 0.5696137959558301 0.6507128568950522 0.6047682572402623 0.6064420568293799 

cart-svmf
0.6832429931249356 0.7114582486036498 0.7211102550927978 0.6680451818445093 0.6680451818445093 0.6346477588219923 0.7288689868556625 0.7142857142857143 0.6272848268575724 0.6541536654692749 0.6832429931249356 0.7168604389202188 0.7211102550927978 0.6680451818445093 0.6353663003641187 0.7393795363447868 0.7168604389202188 0.6801550526151434 0.6507128568950522 0.7301104193817506 0.6422015567609384 0.6588078458684123 0.711709640404637 0.7211102550927978 0.6680451818445093 

cart-svmf-smote
0.5803495115493383 0.7114582486036498 0.7211102550927978 0.7253429871306345 0.6128026357093 0.6346477588219923 0.6276179737608335 0.7142857142857143 0.6272848268575724 0.59557597651488 0.6832429931249356 0.7168604389202188 0.7211102550927978 0.6870215795009276 0.6353663003641187 0.7393795363447868 0.6718548123582124 0.6801550526151434 0.6507128568950522 0.619756806258466 0.5559026693385972 0.6588078458684123 0.5911045773403157 0.7211102550927978 0.5602236740975841 

nb-def
0.3435921354681384 0.41666666666666663 0.3940697182268771 0.5240867214021058 0.4042947045529199 0.5478634145365561 0.31732387941099616 0.39870341384438307 0.359761357157156 0.3904277141370313 0.4289845892077917 0.47790695928014587 0.2695298030352799 0.359761357157156 0.4042947045529199 0.3435921354681384 0.41989490160641596 0.4853252139882813 0.32204650035246934 0.3940697182268771 0.35409857733283234 0.48152599509332544 0.6456753130510898 0.331415747014026 0.3369122537940999 

nb-def-smote
0.3435921354681384 0.3004626062886658 0.331415747014026 0.47167715531173987 0.4042947045529199 0.4289845892077917 0.31732387941099616 0.39870341384438307 0.359761357157156 0.3904277141370313 0.4289845892077917 0.48152599509332544 0.2695298030352799 0.3037073450855785 0.4042947045529199 0.26425413320056174 0.36217791140014716 0.5018636208622976 0.257922208707674 0.3940697182268771 0.377307714089059 0.3669401337117474 0.6456753130510898 0.3369122537940999 0.3369122537940999 

nb-cfs
0.44139579394640843 0.18633899812498247 0.3904277141370313 0.4853252139882813 0.4042947045529199 0.5106882308569509 0.3669401337117474 0.3369122537940999 0.13720826854085394 0.39870341384438307 0.37934723010410176 0.3049235888902798 0.4540405358893964 0.47812319314436846 0.3037073450855785 0.18108895570007358 0.2022252747022366 0.4451382770337248 0.5799512021393501 0.4660184721596297 0.456857894538848 0.37934723010410176 0.5205702855160419 0.3369122537940999 0.3692790403120151 

nb-cfs-smote
0.3339115355603141 0.13176156917368245 0.3435107897504638 0.4932501042813751 0.26504963145498617 0.465640405951117 0.23651925508231111 0.20909494228585743 0.15534552264213694 0.3435107897504638 0.3868996743662255 0.22395160411940415 0.20909494228585743 0.3097831384189748 0.3106910452842739 0.25 0.09820927516479827 0.35339950860664826 0.26028514275802095 0.4660184721596297 0.3653596232768307 0.25534411542847546 0.3369122537940999 0.22778050881418388 0.5210172076618101 

nb-dtf
0.6493705404200533 0.3584302194601094 0.5240867214021058 0.7073953373222827 0.7100226978096958 0.6050839141886657 0.6484787516627083 0.6697925255803665 0.6456753130510898 0.7096995627642412 0.5944704044175749 0.47790695928014587 0.7073953373222827 0.5911045773403157 0.38225083712052066 0.6493705404200533 0.5432668671002207 0.647884058100495 0.7142857142857143 0.6431417446886603 0.6211299937499416 0.7081971546656645 0.7073953373222827 0.6440930007049387 0.7186994682200861 

nb-dtf-smote
0.6493705404200533 0.2946278254943948 0.5283528058677986 0.5050762722761053 0.6697925255803665 0.5432668671002207 0.6718548123582124 0.6496856278835388 0.647884058100495 0.5283528058677986 0.5361183073782995 0.4289845892077917 0.30978858290588474 0.5911045773403157 0.42903949253280654 0.5531196597705521 0.4030171702374141 0.521816177845182 0.5998285019422499 0.5817080136884896 0.5973836991001824 0.6481812160876685 0.647884058100495 0.6431417446886603 0.7186994682200861 

nb-svmf
0.2832788618662658 0.6484787516627083 0.5178187707153058 0.5911045773403157 0.3258368832427704 0.5335936864527373 0.6481812160876685 0.42910631713476166 0.3369122537940999 0.5240867214021058 0.5361183073782995 0.485912657903775 0.7071067811865475 0.47812319314436846 0.4433158305540585 0.5944704044175749 0.3669401337117474 0.6064420568293799 0.39870341384438307 0.7082603003566023 0.43479099562495915 0.6493705404200533 0.6431417446886603 0.6431417446886603 0.4116248056225617 

nb-svmf-smote
0.31056499687497074 0.31056499687497074 0.5178187707153058 0.3796341813569731 0.3106910452842739 0.5432668671002207 0.3197462342561483 0.290055566064433 0.2934547707557995 0.13720826854085394 0.5432668671002207 0.23651925508231111 0.290055566064433 0.47812319314436846 0.4433158305540585 0.5106882308569509 0.2728733708942847 0.44537691951707875 0.314923684357234 0.711709640404637 0.31056499687497074 0.3435921354681384 0.20652209227931653 0.5817080136884896 0.4116248056225617 

rf-def
0.5361183073782995 0.5944704044175749 0.662831494028052 0.7253429871306345 0.5602236740975841 0.6832429931249356 0.44876373392787533 0.6507128568950522 0.5685405175723512 0.5911045773403157 0.6832429931249356 0.6588078458684123 0.7211102550927978 0.6680451818445093 0.5774447174873886 0.6832429931249356 0.7168604389202188 0.6801550526151434 0.46117612739129094 0.619756806258466 0.5068968775248516 0.485912657903775 0.5872944963425981 0.658196885814471 0.5602236740975841 

rf-def-smote
0.4957380082659652 0.5944704044175749 0.5454576375917302 0.7253429871306345 0.5602236740975841 0.5886005583449191 0.4044505494044732 0.5333505506862773 0.5685405175723512 0.5333505506862773 0.5803495115493383 0.6588078458684123 0.658196885814471 0.6680451818445093 0.5774447174873886 0.6832429931249356 0.6626033578820312 0.6272848268575724 0.46117612739129094 0.5685405175723512 0.5068968775248516 0.43479099562495915 0.5283528058677986 0.6006939260399132 0.5602236740975841 

rf-cfs
0.4957380082659652 0.7114582486036498 0.6006939260399132 0.5525207113294194 0.6128026357093 0.5886005583449191 0.35409857733283234 0.5283528058677986 0.6272848268575724 0.5333505506862773 0.6346477588219923 0.7168604389202188 0.658196885814471 0.6064420568293799 0.5774447174873886 0.6276179737608335 0.6626033578820312 0.6272848268575724 0.5872944963425981 0.5111309509773956 0.5361183073782995 0.43479099562495915 0.5872944963425981 0.6006939260399132 0.5602236740975841 

rf-cfs-smote
0.4957380082659652 0.5944704044175749 0.4853252139882813 0.5018636208622976 0.4451382770337248 0.5361183073782995 0.35409857733283234 0.47167715531173987 0.5685405175723512 0.47167715531173987 0.5361183073782995 0.5478634145365561 0.658196885814471 0.6064420568293799 0.5774447174873886 0.6276179737608335 0.5478634145365561 0.6272848268575724 0.46117612739129094 0.5685405175723512 0.46022337571613586 0.43479099562495915 0.5333505506862773 0.5390596060705598 0.5018636208622976 

rf-dtf
0.6555790956225526 0.7073795321248246 0.5841586736893931 0.6507128568950522 0.647884058100495 0.6718548123582124 0.5905636562630361 0.5841586736893931 0.6507128568950522 0.5240867214021058 0.6508541396588877 0.6555790956225526 0.7082603003566023 0.59557597651488 0.6456753130510898 0.7203501377716632 0.5905636562630361 0.7142857142857143 0.5178187707153058 0.7174216873994125 0.572653559113564 0.4750730937913074 0.6440930007049387 0.7096995627642412 0.647884058100495 

rf-dtf-smote
0.6718548123582124 0.2832788618662658 0.5240867214021058 0.5390596060705598 0.5841586736893931 0.6871842709362768 0.5 0.39870341384438307 0.4451382770337248 0.47812319314436846 0.558326423395605 0.6050839141886657 0.4091424416109965 0.5333505506862773 0.40259321321657743 0.6276179737608335 0.3868996743662255 0.6272848268575724 0.4845008803426381 0.5774447174873886 0.5106882308569509 0.49104637582399135 0.6507128568950522 0.5585925498079627 0.6064420568293799 

rf-svmf
0.5803495115493383 0.7114582486036498 0.658196885814471 0.6064420568293799 0.6680451818445093 0.6832429931249356 0.35409857733283234 0.6507128568950522 0.6272848268575724 0.5333505506862773 0.6832429931249356 0.7168604389202188 0.59557597651488 0.6064420568293799 0.5774447174873886 0.7393795363447868 0.7168604389202188 0.6801550526151434 0.6507128568950522 0.619756806258466 0.46022337571613586 0.4289845892077917 0.647884058100495 0.7211102550927978 0.6680451818445093 

rf-svmf-smote
0.5361183073782995 0.652925515196842 0.59557597651488 0.6064420568293799 0.5525207113294194 0.5803495115493383 0.4044505494044732 0.47167715531173987 0.5685405175723512 0.5333505506862773 0.6276179737608335 0.6009252125773316 0.5333505506862773 0.6272848268575724 0.5774447174873886 0.6832429931249356 0.5590169943749475 0.6801550526151434 0.5240867214021058 0.5018636208622976 0.46022337571613586 0.5432668671002207 0.5872944963425981 0.658196885814471 0.5602236740975841 

svm-def
0.7393795363447868 0.7114582486036498 0.7211102550927978 0.7253429871306345 0.7253429871306345 0.7288689868556625 0.7203501377716632 0.711709640404637 0.7412069583470199 0.7142857142857143 0.7393795363447868 0.7168604389202188 0.7211102550927978 0.7253429871306345 0.7475128829686359 0.7338802674234948 0.7168604389202188 0.7412069583470199 0.711709640404637 0.7301104193817506 0.7338802674234948 0.7138942931053553 0.711709640404637 0.7211102550927978 0.7253429871306345 

svm-def-smote
0.5432668671002208 0.5361183073782995 0.586909541511599 0.5210172076618101 0.629847368714468 0.5559026693385972 0.43077951164641176 0.5018636208622976 0.607414690171157 0.5525207113294194 0.5068968775248516 0.565535363097287 0.6801550526151434 0.719522714314312 0.586909541511599 0.6373774391990981 0.6897060565519519 0.49050694722133126 0.5018636208622976 0.5314878538997624 0.5393468844152111 0.4957380082659652 0.5018636208622976 0.5111309509773956 0.5969083217808517 

svm-cfs
0.6832429931249356 0.7114582486036498 0.7174216873994125 0.7253429871306345 0.6680451818445093 0.7338802674234948 0.6669559557523871 0.711709640404637 0.6272848268575724 0.6507128568950522 0.6346477588219923 0.7168604389202188 0.7211102550927978 0.6272848268575724 0.5774447174873886 0.7393795363447868 0.7168604389202188 0.6801550526151434 0.7096995627642412 0.6738245075881998 0.6422015567609384 0.6588078458684123 0.711709640404637 0.6006939260399132 0.662831494028052 

svm-cfs-smote
0.5432668671002208 0.37267799624996495 0.26504963145498617 0.4451382770337248 0.49050694722133126 0.43611995744743276 0.26425413320056174 0.23914448069028918 0.607414690171157 0.41080449191618185 0.5361183073782995 0.43479099562495915 0.662831494028052 0.35339950860664826 0.5774447174873886 0.5185598528498463 0.5034602488997738 0.46662610558695394 0.4042947045529199 0.35339950860664826 0.3605765273818658 0.37934723010410176 0.3511492348332357 0.25161981564300523 0.4451382770337248 

svm-dtf
0.6009252125773316 0.7071067811865475 0.7071067811865475 0.6456753130510898 0.647884058100495 0.6588078458684123 0.7073795321248246 0.7082603003566023 0.7082603003566023 0.6440930007049387 0.6508541396588877 0.6493705404200533 0.7073953373222827 0.711709640404637 0.6431417446886603 0.7138942931053553 0.5892556509887896 0.7073953373222827 0.7071067811865475 0.7082603003566023 0.7114582486036498 0.7073795321248246 0.6440930007049387 0.7073953373222827 0.647884058100495 

svm-dtf-smote
0.6009252125773316 0.2728733708942847 0.46117612739129094 0.5283528058677986 0.5390596060705598 0.5478634145365561 0.6050839141886656 0.39870341384438307 0.5817283093853122 0.35920303080361893 0.5361183073782995 0.5393468844152111 0.4091424416109965 0.3511492348332357 0.39076020808931883 0.46022337571613586 0.4044505494044732 0.6272848268575724 0.5146561698674771 0.6030478611913834 0.5624571314254607 0.41666666666666663 0.6541536654692749 0.5660728950554377 0.4853252139882813 

svm-svmf
0.6588078458684123 0.7071067811865475 0.647884058100495 0.5454576375917302 0.5240867214021058 0.6588078458684123 0.7071067811865475 0.5799512021393501 0.5240867214021058 0.5240867214021058 0.7095577652469333 0.6493705404200533 0.7073953373222827 0.59557597651488 0.5240867214021058 0.6508541396588877 0.7073795321248246 0.6507128568950522 0.5785419118799026 0.59557597651488 0.3898796902116166 0.7071067811865475 0.7082603003566023 0.7082603003566023 0.5817080136884896 

svm-svmf-smote
0.5803495115493383 0.31056499687497074 0.4264053881792633 0.2744165370817079 0.3291893988477032 0.2635231383473649 0.41989490160641596 0.3037073450855785 0.290055566064433 0.25161981564300523 0.4910463758239913 0.4044505494044732 0.3258368832427704 0.4853252139882813 0.39076020808931883 0.5776842873079283 0.3868996743662255 0.41304418455863307 0.3435107897504638 0.46662610558695394 0.3004626062886658 0.3435921354681384 0.6456753130510898 0.607414690171157 0.4281422487024224 

