rand-def
0.0 0.0 0.0 0.0 0.0 0.0 0.0 0.0 0.0 0.0 0.0 0.0 0.0 0.0 0.0 0.0 0.0 0.0 0.0 0.0 0.0 0.0 0.0 0.0 0.0 

rand-def-smote
0.0 0.0 0.0 0.0 0.0 0.0 0.0 0.0 0.0 0.0 0.0 0.0 0.0 0.0 0.0 0.0 0.0 0.0 0.0 0.0 0.0 0.0 0.0 0.0 0.0 

oner-def
0.4400000000000001 0.5555555555555556 0.6666666666666666 0.4545454545454545 0.576923076923077 0.5517241379310344 0.5217391304347826 0.7999999999999999 0.46428571428571425 0.7666666666666666 0.5185185185185185 0.7241379310344828 0.7083333333333333 0.625 0.4545454545454545 0.5925925925925927 0.6956521739130433 0.3636363636363636 0.8076923076923076 0.4545454545454545 0.37037037037037046 0.7586206896551723 0.7499999999999999 0.6666666666666666 0.6153846153846154 

oner-def-smote
0.4400000000000001 0.8518518518518517 0.6666666666666666 0.4545454545454545 0.576923076923077 0.5517241379310344 0.5217391304347826 0.7999999999999999 0.46428571428571425 0.7666666666666666 0.48148148148148157 0.7241379310344828 0.6666666666666666 0.625 0.3636363636363636 0.5925925925925927 0.6956521739130433 0.27272727272727276 0.7692307692307692 0.4545454545454545 0.37037037037037046 0.7241379310344828 0.6785714285714285 0.6666666666666666 0.6153846153846154 

oner-cfs
0.4400000000000001 0.5555555555555556 0.6666666666666666 0.4545454545454545 0.576923076923077 0.5517241379310344 0.5217391304347826 0.7999999999999999 0.46428571428571425 0.7666666666666666 0.5185185185185185 0.7241379310344828 0.7083333333333333 0.625 0.4545454545454545 0.5925925925925927 0.6956521739130433 0.3636363636363636 0.8076923076923076 0.4545454545454545 0.37037037037037046 0.7586206896551723 0.7499999999999999 0.6666666666666666 0.6153846153846154 

oner-cfs-smote
0.35999999999999993 0.8148148148148149 0.6666666666666666 0.4545454545454545 0.576923076923077 0.5517241379310344 0.5217391304347826 0.7999999999999999 0.46428571428571425 0.7666666666666666 0.5185185185185185 0.7241379310344828 0.6666666666666666 0.625 0.3636363636363636 0.4444444444444444 0.6956521739130433 0.27272727272727276 0.7307692307692307 0.40909090909090906 0.37037037037037046 0.7241379310344828 0.6785714285714285 0.6666666666666666 0.6153846153846154 

oner-dtf
0.4400000000000001 0.5555555555555556 0.4999999999999999 0.3181818181818182 0.46153846153846145 0.4482758620689654 0.47826086956521735 0.6333333333333334 0.5714285714285713 0.5333333333333333 0.5185185185185185 0.48275862068965514 0.45833333333333326 0.45833333333333326 0.5000000000000001 0.5555555555555556 0.47826086956521735 0.3181818181818182 0.576923076923077 0.4545454545454545 0.4444444444444444 0.5862068965517241 0.5357142857142856 0.4999999999999999 0.4999999999999999 

oner-dtf-smote
0.4400000000000001 -0.2222222222222222 0.4999999999999999 -0.1818181818181818 0.46153846153846145 0.6206896551724138 0.47826086956521735 0.6666666666666667 0.5714285714285713 0.5333333333333333 0.5555555555555556 0.48275862068965514 0.41666666666666663 0.45833333333333326 0.0 0.1111111111111111 -0.08695652173913047 0.3181818181818182 0.19230769230769226 -0.40909090909090906 0.4444444444444444 0.48275862068965514 0.5357142857142856 -0.45833333333333337 0.4999999999999999 

oner-svmf
0.52 0.5555555555555556 0.5416666666666667 0.5000000000000001 0.576923076923077 0.5862068965517241 0.47826086956521735 0.6333333333333334 0.6071428571428572 0.6333333333333334 0.5555555555555556 0.5862068965517241 0.5416666666666667 0.5416666666666667 0.5000000000000001 0.5555555555555556 0.47826086956521735 0.3181818181818182 0.576923076923077 0.5000000000000001 0.37037037037037046 0.5862068965517241 0.6071428571428572 0.5416666666666667 0.576923076923077 

oner-svmf-smote
-0.12000000000000002 0.48148148148148157 0.2916666666666667 0.5000000000000001 0.11538461538461539 0.2413793103448275 0.043478260869565064 0.26666666666666666 0.14285714285714285 0.4333333333333334 -0.1111111111111111 0.206896551724138 0.0 -0.2916666666666667 0.1363636363636365 0.14814814814814822 0.3043478260869564 -0.27272727272727265 0.19230769230769226 0.0 0.37037037037037046 0.4482758620689654 0.21428571428571422 -0.08333333333333338 0.19230769230769226 

cart-def
0.15999999999999998 0.48148148148148157 0.2916666666666667 0.1363636363636365 0.26923076923076933 0.27586206896551724 0.2608695652173913 0.5 0.2857142857142856 0.4333333333333334 0.2222222222222222 0.4137931034482759 0.2916666666666667 0.20833333333333343 0.04545454545454542 0.2222222222222222 0.21739130434782603 0.04545454545454542 0.5384615384615383 0.09090909090909084 0.18518518518518512 0.5172413793103449 0.4999999999999999 0.25000000000000006 0.26923076923076933 

cart-def-smote
0.15999999999999998 0.37037037037037046 0.25000000000000006 0.1363636363636365 0.26923076923076933 0.2413793103448275 0.2608695652173913 0.4666666666666667 0.21428571428571422 0.4666666666666667 0.2222222222222222 0.3793103448275862 0.2916666666666667 0.20833333333333343 0.04545454545454542 0.1111111111111111 0.21739130434782603 0.04545454545454542 0.5384615384615383 0.09090909090909084 0.18518518518518512 0.48275862068965514 0.46428571428571425 0.2916666666666667 0.26923076923076933 

cart-cfs
0.11999999999999991 0.40740740740740733 0.20833333333333343 0.1363636363636365 0.26923076923076933 0.2413793103448275 0.17391304347826073 0.4666666666666667 0.24999999999999992 0.4666666666666667 0.18518518518518512 0.3793103448275862 0.2916666666666667 0.20833333333333343 0.0 0.14814814814814822 0.21739130434782603 0.04545454545454542 0.46153846153846145 0.04545454545454542 0.14814814814814822 0.4137931034482759 0.46428571428571425 0.25000000000000006 0.26923076923076933 

cart-cfs-smote
0.15999999999999998 0.40740740740740733 0.20833333333333343 0.1363636363636365 0.26923076923076933 0.2413793103448275 0.21739130434782603 0.4666666666666667 0.24999999999999992 0.4666666666666667 0.18518518518518512 0.3793103448275862 0.2916666666666667 0.20833333333333343 0.04545454545454542 0.14814814814814822 0.21739130434782603 0.04545454545454542 0.46153846153846145 0.04545454545454542 0.14814814814814822 0.4137931034482759 0.46428571428571425 0.25000000000000006 0.26923076923076933 

cart-dtf
0.35999999999999993 0.5185185185185185 0.45833333333333326 0.27272727272727276 0.46153846153846145 0.31034482758620696 0.391304347826087 0.5666666666666667 0.46428571428571425 0.5666666666666667 0.48148148148148157 0.4482758620689654 0.45833333333333326 0.3333333333333333 0.40909090909090906 0.2962962962962962 0.47826086956521735 0.27272727272727276 0.5384615384615383 0.22727272727272735 0.18518518518518512 0.5862068965517241 0.5357142857142856 0.41666666666666663 0.46153846153846145 

cart-dtf-smote
0.0 0.48148148148148157 0.41666666666666663 0.22727272727272735 0.15384615384615383 0.0 -0.08695652173913047 0.6333333333333334 0.32142857142857145 0.5666666666666667 -0.03703703703703701 0.4137931034482759 0.4999999999999999 0.3333333333333333 0.18181818181818193 0.2592592592592593 0.391304347826087 0.1363636363636365 0.423076923076923 -0.13636363636363638 0.2222222222222222 0.13793103448275867 0.46428571428571425 -0.16666666666666666 0.19230769230769226 

cart-svmf
0.11999999999999991 0.40740740740740733 0.25000000000000006 0.1363636363636365 0.26923076923076933 0.2413793103448275 0.08695652173913036 0.4666666666666667 0.24999999999999992 0.4666666666666667 0.18518518518518512 0.3793103448275862 0.25000000000000006 0.20833333333333343 0.0 0.14814814814814822 0.21739130434782603 0.04545454545454542 0.423076923076923 0.09090909090909084 0.14814814814814822 0.4137931034482759 0.46428571428571425 0.25000000000000006 0.26923076923076933 

cart-svmf-smote
0.11999999999999991 0.40740740740740733 0.25000000000000006 0.1363636363636365 0.26923076923076933 0.2413793103448275 0.08695652173913036 0.4666666666666667 0.17857142857142852 0.4666666666666667 0.18518518518518512 0.3793103448275862 0.25000000000000006 0.08333333333333327 0.0 0.14814814814814822 0.13043478260869565 0.04545454545454542 0.423076923076923 0.09090909090909084 0.14814814814814822 0.4137931034482759 0.46428571428571425 0.25000000000000006 0.26923076923076933 

nb-def
0.4400000000000001 0.6296296296296295 0.5833333333333334 0.40909090909090906 0.5384615384615383 0.4482758620689654 0.5217391304347826 0.6333333333333334 0.5357142857142856 0.7000000000000001 0.5185185185185185 0.5862068965517241 0.6666666666666666 0.45833333333333326 0.4545454545454545 0.48148148148148157 0.5217391304347826 0.27272727272727276 0.7692307692307692 0.5454545454545455 0.4444444444444444 0.5517241379310344 0.5357142857142856 0.625 0.6153846153846154 

nb-def-smote
0.4400000000000001 0.7407407407407407 0.625 0.40909090909090906 0.5384615384615383 0.5172413793103449 0.5217391304347826 0.6333333333333334 0.5357142857142856 0.7000000000000001 0.48148148148148157 0.5517241379310344 0.625 0.4999999999999999 0.40909090909090906 0.4444444444444444 0.5652173913043477 0.18181818181818193 0.7307692307692307 0.5454545454545455 0.3333333333333333 0.6206896551724138 0.5357142857142856 0.4999999999999999 0.576923076923077 

nb-cfs
0.4 0.7777777777777778 0.625 0.27272727272727276 0.5384615384615383 0.3793103448275862 0.5217391304347826 0.6666666666666667 0.7499999999999999 0.6333333333333334 0.5185185185185185 0.689655172413793 0.5833333333333334 0.375 0.4545454545454545 0.6666666666666666 0.6521739130434783 0.22727272727272735 0.576923076923077 0.40909090909090906 0.37037037037037046 0.5517241379310344 0.5714285714285713 0.5833333333333334 0.46153846153846145 

nb-cfs-smote
0.4400000000000001 0.8518518518518517 0.5416666666666667 0.27272727272727276 0.4999999999999999 0.48275862068965514 0.5217391304347826 0.7333333333333334 0.7142857142857142 0.6333333333333334 0.4444444444444444 0.6206896551724138 0.625 0.375 0.3181818181818182 0.5555555555555556 0.7391304347826086 0.27272727272727276 0.846153846153846 0.40909090909090906 0.40740740740740733 0.689655172413793 0.6428571428571428 0.625 0.26923076923076933 

nb-dtf
0.48 0.6666666666666666 0.45833333333333326 0.4545454545454545 -0.3846153846153846 0.4137931034482759 0.47826086956521735 -0.13333333333333333 0.5357142857142856 0.5333333333333333 0.48148148148148157 0.5862068965517241 0.4999999999999999 0.375 0.18181818181818193 0.5185185185185185 0.3478260869565217 0.3636363636363636 0.3846153846153846 0.5000000000000001 0.2592592592592593 0.5172413793103449 0.5714285714285713 0.4999999999999999 -0.423076923076923 

nb-dtf-smote
0.48 0.4444444444444444 0.41666666666666663 0.04545454545454542 -0.30769230769230765 0.48275862068965514 -0.5217391304347828 -0.10000000000000002 0.4999999999999999 0.5333333333333333 0.5555555555555556 0.6206896551724138 0.375 0.41666666666666663 0.04545454545454542 -0.1481481481481481 0.17391304347826073 -0.09090909090909084 -0.15384615384615383 0.3636363636363636 0.2962962962962962 -0.13793103448275856 0.4999999999999999 0.5416666666666667 -0.423076923076923 

nb-svmf
0.52 0.5555555555555556 0.5416666666666667 0.3181818181818182 0.3846153846153846 0.5862068965517241 0.5217391304347826 0.26666666666666666 0.6428571428571428 0.5666666666666667 0.5185185185185185 0.5172413793103449 0.5416666666666667 0.375 -0.04545454545454542 0.48148148148148157 0.5217391304347826 0.18181818181818193 0.576923076923077 0.40909090909090906 0.48148148148148157 0.5517241379310344 0.6071428571428572 0.5416666666666667 0.19230769230769226 

nb-svmf-smote
0.52 0.4444444444444444 0.45833333333333326 0.3181818181818182 0.3461538461538462 0.5862068965517241 0.3478260869565217 0.3 0.5714285714285713 0.7666666666666666 0.40740740740740733 0.5862068965517241 0.375 0.375 -0.04545454545454542 0.4444444444444444 0.5652173913043477 0.04545454545454542 0.4999999999999999 0.4545454545454545 0.40740740740740733 0.48275862068965514 0.6428571428571428 0.5416666666666667 0.19230769230769226 

rf-def
0.15999999999999998 0.48148148148148157 0.25000000000000006 0.1363636363636365 0.26923076923076933 0.2413793103448275 0.3043478260869564 0.5 0.2857142857142856 0.5 0.18518518518518512 0.4137931034482759 0.25000000000000006 0.20833333333333343 0.04545454545454542 0.18518518518518512 0.21739130434782603 0.04545454545454542 0.5384615384615383 0.09090909090909084 0.18518518518518512 0.5172413793103449 0.4999999999999999 0.2916666666666667 0.26923076923076933 

rf-def-smote
0.15999999999999998 0.48148148148148157 0.2916666666666667 0.1363636363636365 0.26923076923076933 0.2413793103448275 0.3043478260869564 0.5 0.2857142857142856 0.5 0.2222222222222222 0.4137931034482759 0.2916666666666667 0.20833333333333343 0.04545454545454542 0.18518518518518512 0.21739130434782603 0.04545454545454542 0.5384615384615383 0.09090909090909084 0.18518518518518512 0.5172413793103449 0.4999999999999999 0.2916666666666667 0.26923076923076933 

rf-cfs
0.15999999999999998 0.40740740740740733 0.2916666666666667 0.18181818181818193 0.26923076923076933 0.2413793103448275 0.3478260869565217 0.5333333333333333 0.24999999999999992 0.5 0.18518518518518512 0.3793103448275862 0.2916666666666667 0.25000000000000006 0.04545454545454542 0.2222222222222222 0.21739130434782603 0.04545454545454542 0.46153846153846145 0.1363636363636365 0.2222222222222222 0.5172413793103449 0.4999999999999999 0.2916666666666667 0.26923076923076933 

rf-cfs-smote
0.15999999999999998 0.48148148148148157 0.2916666666666667 0.18181818181818193 0.3461538461538462 0.27586206896551724 0.3478260869565217 0.5333333333333333 0.2857142857142856 0.5333333333333333 0.2222222222222222 0.4137931034482759 0.2916666666666667 0.25000000000000006 0.04545454545454542 0.2222222222222222 0.3043478260869564 0.04545454545454542 0.5384615384615383 0.09090909090909084 0.2222222222222222 0.5517241379310344 0.5357142857142856 0.3333333333333333 0.30769230769230776 

rf-dtf
0.35999999999999993 0.5185185185185185 0.45833333333333326 0.3181818181818182 0.46153846153846145 0.31034482758620696 0.47826086956521735 0.5666666666666667 0.46428571428571425 0.5666666666666667 0.48148148148148157 0.4482758620689654 0.45833333333333326 0.3333333333333333 0.40909090909090906 0.2962962962962962 0.47826086956521735 0.27272727272727276 0.576923076923077 0.22727272727272735 0.2592592592592593 0.6206896551724138 0.5714285714285713 0.41666666666666663 0.46153846153846145 

rf-dtf-smote
0.0 0.48148148148148157 0.41666666666666663 0.27272727272727276 0.19230769230769226 0.03448275862068971 -0.08695652173913047 0.6333333333333334 0.39285714285714285 0.5666666666666667 -0.03703703703703701 0.4137931034482759 0.4999999999999999 0.3333333333333333 0.18181818181818193 0.37037037037037046 0.47826086956521735 0.04545454545454542 0.423076923076923 -0.1818181818181818 0.2962962962962962 0.206896551724138 0.46428571428571425 -0.16666666666666666 0.19230769230769226 

rf-svmf
0.15999999999999998 0.40740740740740733 0.2916666666666667 0.18181818181818193 0.26923076923076933 0.2413793103448275 0.3478260869565217 0.5 0.24999999999999992 0.5 0.18518518518518512 0.3793103448275862 0.3333333333333333 0.25000000000000006 0.04545454545454542 0.14814814814814822 0.21739130434782603 0.04545454545454542 0.423076923076923 0.09090909090909084 0.2222222222222222 0.5517241379310344 0.4999999999999999 0.25000000000000006 0.26923076923076933 

rf-svmf-smote
0.15999999999999998 0.4444444444444444 0.3333333333333333 0.18181818181818193 0.30769230769230776 0.2413793103448275 0.3478260869565217 0.5333333333333333 0.2857142857142856 0.5 0.2222222222222222 0.4137931034482759 0.41666666666666663 0.12499999999999992 0.04545454545454542 0.18518518518518512 0.17391304347826073 0.04545454545454542 0.4999999999999999 0.1363636363636365 0.2222222222222222 0.48275862068965514 0.4999999999999999 0.2916666666666667 0.30769230769230776 

svm-def
0.08000000000000004 0.40740740740740733 0.25000000000000006 0.1363636363636365 0.26923076923076933 0.27586206896551724 0.17391304347826073 0.5 0.21428571428571422 0.4666666666666667 0.14814814814814822 0.3793103448275862 0.25000000000000006 0.20833333333333343 -0.04545454545454542 0.18518518518518512 0.21739130434782603 0.0 0.423076923076923 0.09090909090909084 0.18518518518518512 0.4137931034482759 0.46428571428571425 0.25000000000000006 0.26923076923076933 

svm-def-smote
0.0 0.2222222222222222 0.08333333333333327 0.09090909090909084 0.0 0.206896551724138 0.08695652173913036 0.4000000000000001 0.14285714285714285 0.4000000000000001 0.18518518518518512 0.34482758620689646 0.12499999999999992 -0.08333333333333338 0.0 0.0 0.0 0.04545454545454542 0.30769230769230776 0.04545454545454542 -0.03703703703703701 0.27586206896551724 0.35714285714285715 0.20833333333333343 0.11538461538461539 

svm-cfs
0.11999999999999991 0.40740740740740733 0.2916666666666667 0.1363636363636365 0.26923076923076933 0.2413793103448275 0.17391304347826073 0.5 0.24999999999999992 0.5 0.18518518518518512 0.3793103448275862 0.25000000000000006 0.12499999999999992 0.04545454545454542 0.14814814814814822 0.21739130434782603 0.04545454545454542 0.46153846153846145 0.09090909090909084 0.14814814814814822 0.4137931034482759 0.46428571428571425 0.2916666666666667 0.30769230769230776 

svm-cfs-smote
0.0 0.5555555555555556 0.5416666666666667 0.22727272727272735 0.2307692307692307 0.34482758620689646 0.43478260869565205 0.6666666666666667 0.14285714285714285 0.6333333333333334 0.2222222222222222 0.5172413793103449 0.25000000000000006 0.3333333333333333 0.04545454545454542 0.2962962962962962 0.2608695652173913 0.1363636363636365 0.5384615384615383 0.27272727272727276 0.2592592592592593 0.5862068965517241 0.5714285714285713 0.4999999999999999 0.3846153846153846 

svm-dtf
0.35999999999999993 0.5555555555555556 0.5416666666666667 0.40909090909090906 0.46153846153846145 0.4137931034482759 0.43478260869565205 0.5666666666666667 0.5357142857142856 0.6 0.48148148148148157 0.5517241379310344 0.4999999999999999 0.375 0.5000000000000001 0.37037037037037046 0.5652173913043477 0.4545454545454545 0.576923076923077 0.40909090909090906 0.40740740740740733 0.5517241379310344 0.5714285714285713 0.4999999999999999 0.46153846153846145 

svm-dtf-smote
0.4400000000000001 0.5185185185185185 0.4999999999999999 0.3181818181818182 0.26923076923076933 0.4482758620689654 -0.3478260869565218 0.6333333333333334 0.39285714285714285 0.5333333333333333 0.5185185185185185 0.5172413793103449 0.5416666666666667 0.45833333333333326 0.22727272727272735 0.40740740740740733 0.47826086956521735 -0.3181818181818182 0.6153846153846154 -0.13636363636363638 -0.18518518518518523 0.2413793103448275 0.5357142857142856 -0.12500000000000003 0.3461538461538462 

svm-svmf
0.32000000000000006 0.5555555555555556 0.41666666666666663 0.22727272727272735 0.4999999999999999 0.4137931034482759 0.47826086956521735 0.6333333333333334 0.5357142857142856 0.5666666666666667 0.4444444444444444 0.5517241379310344 0.4999999999999999 0.3333333333333333 0.40909090909090906 0.48148148148148157 0.43478260869565205 0.3181818181818182 0.6538461538461539 0.27272727272727276 0.3333333333333333 0.5862068965517241 0.5357142857142856 0.45833333333333326 0.5384615384615383 

svm-svmf-smote
0.15999999999999998 0.5185185185185185 0.3333333333333333 0.3636363636363636 0.3846153846153846 0.5172413793103449 0.47826086956521735 0.6333333333333334 0.39285714285714285 0.5333333333333333 0.3333333333333333 0.48275862068965514 0.5416666666666667 0.2916666666666667 0.27272727272727276 0.2592592592592593 0.3478260869565217 0.09090909090909084 0.5384615384615383 0.22727272727272735 0.37037037037037046 0.48275862068965514 0.39285714285714285 -0.04166666666666675 0.26923076923076933 

