rand-def
0.28 0.36 0.36 0.44 0.3673469387755102 0.4 0.32 0.36 0.32 0.24489795918367346 0.44 0.36 0.4 0.32 0.40816326530612246 0.28 0.32 0.32 0.4 0.3673469387755102 0.48 0.36 0.28 0.32 0.3673469387755102 

oner-def
0.6666666666666666 0.7317073170731707 0.6363636363636364 0.6521739130434783 0.6190476190476191 0.6829268292682927 0.6976744186046512 0.6666666666666666 0.6666666666666666 0.65 0.7142857142857143 0.6818181818181818 0.6976744186046512 0.6222222222222222 0.5405405405405406 0.6857142857142857 0.7567567567567568 0.5882352941176471 0.6122448979591837 0.7368421052631579 0.6842105263157895 0.6829268292682927 0.5531914893617021 0.7317073170731707 0.7 

oner-cfs
0.6666666666666666 0.7317073170731707 0.6363636363636364 0.6511627906976745 0.6666666666666666 0.7142857142857143 0.6511627906976745 0.6666666666666666 0.6666666666666666 0.65 0.6829268292682927 0.6818181818181818 0.6511627906976745 0.6222222222222222 0.6511627906976745 0.7567567567567568 0.7222222222222222 0.5957446808510638 0.6122448979591837 0.7368421052631579 0.6842105263157895 0.7317073170731707 0.5531914893617021 0.6976744186046512 0.6486486486486487 

oner-dtf
0.6666666666666666 0.75 0.6521739130434783 0.6521739130434783 0.6190476190476191 0.6829268292682927 0.6976744186046512 0.7142857142857143 0.6666666666666666 0.65 0.7142857142857143 0.6818181818181818 0.6666666666666666 0.7142857142857143 0.5405405405405406 0.6829268292682927 0.7222222222222222 0.625 0.375 0.43333333333333335 0.46875 0.6829268292682927 0.6 0.717948717948718 0.6486486486486487 

oner-svmf
0.36666666666666664 0.5909090909090909 0.45454545454545453 0.5909090909090909 0.4166666666666667 0.5 0.43902439024390244 0.5306122448979592 0.47368421052631576 0.5106382978723404 0.43902439024390244 0.17391304347826086 0.6 0.5714285714285714 0.35294117647058826 0.425531914893617 0.19047619047619047 0.5555555555555556 0.45614035087719296 0.43333333333333335 0.4406779661016949 0.4 0.5 0.4827586206896552 0.4888888888888889 

cart-def
0.4827586206896552 0.8 0.5142857142857142 0.3888888888888889 0.45161290322580644 0.5806451612903226 0.3225806451612903 0.42857142857142855 0.45161290322580644 0.38461538461538464 0.4375 0.5 0.4666666666666667 0.38461538461538464 0.3076923076923077 0.42857142857142855 0.2857142857142857 0.47368421052631576 0.4864864864864865 0.6060606060606061 0.5333333333333333 0.6206896551724138 0.4375 0.5384615384615384 0.32 

cart-cfs
0.21428571428571427 0.6842105263157895 0.5555555555555556 0.13793103448275862 0.5 0.5714285714285714 0.42424242424242425 0.5454545454545454 0.1875 0.5517241379310345 0.0 0.13333333333333333 0.3870967741935484 0.3448275862068966 0.4827586206896552 0.5 0.6666666666666666 0.5294117647058824 0.17647058823529413 0.42857142857142855 0.41379310344827586 0.38461538461538464 0.13333333333333333 0.6451612903225806 0.5806451612903226 

cart-dtf
0.5925925925925926 0.8571428571428571 0.4 0.7 0.8125 0.8235294117647058 0.8235294117647058 0.6896551724137931 0.7692307692307693 0.6666666666666666 0.6875 0.7272727272727273 0.7142857142857143 0.8484848484848485 0.6923076923076923 0.8148148148148148 0.7096774193548387 0.7222222222222222 0.06666666666666667 0.6923076923076923 0.29411764705882354 0.7142857142857143 0.6666666666666666 0.8387096774193549 0.75 

cart-svmf
0.5 0.6666666666666666 0.0 0.14285714285714285 0.48484848484848486 0.625 0.4827586206896552 0.5555555555555556 0.48 0.5185185185185185 0.3870967741935484 0.5161290322580645 0.45161290322580644 0.7741935483870968 0.5 0.5 0.41379310344827586 0.6451612903225806 0.6875 0.5185185185185185 0.7741935483870968 0.4444444444444444 0.5517241379310345 0.375 0.5217391304347826 

nb-def
0.5714285714285714 0.4666666666666667 0.6341463414634146 0.631578947368421 0.5555555555555556 0.6666666666666666 0.6486486486486487 0.6666666666666666 0.35294117647058826 0.5142857142857142 0.7428571428571429 0.5405405405405406 0.6 0.5882352941176471 0.5142857142857142 0.5806451612903226 0.5333333333333333 0.55 0.5909090909090909 0.7027027027027027 0.6666666666666666 0.5714285714285714 0.5581395348837209 0.6666666666666666 0.5625 

nb-cfs
0.5142857142857142 0.5882352941176471 0.6829268292682927 0.35714285714285715 0.5 0.6666666666666666 0.6060606060606061 0.6111111111111112 0.6046511627906976 0.6666666666666666 0.37037037037037035 0.5263157894736842 0.6341463414634146 0.6486486486486487 0.3880597014925373 0.6857142857142857 0.717948717948718 0.5641025641025641 0.3888888888888889 0.7777777777777778 0.7222222222222222 0.6285714285714286 0.5365853658536586 0.45161290322580644 0.5 

nb-dtf
0.5454545454545454 0.509090909090909 0.5 0.4583333333333333 0.41935483870967744 0.56 0.5 0.5833333333333334 0.4375 0.5161290322580645 0.7647058823529411 0.5714285714285714 0.5172413793103449 0.4888888888888889 0.41379310344827586 0.5098039215686274 0.625 0.5454545454545454 0.19047619047619047 0.4727272727272727 0.46153846153846156 0.5106382978723404 0.5185185185185185 0.6875 0.5116279069767442 

nb-svmf
0.3673469387755102 0.5098039215686274 0.5957446808510638 0.47058823529411764 0.5 0.4838709677419355 0.5416666666666666 0.5490196078431373 0.3333333333333333 0.5 0.5641025641025641 0.5660377358490566 0.5 0.5098039215686274 0.4230769230769231 0.5660377358490566 0.43333333333333335 0.5 0.45161290322580644 0.5 0.5 0.4 0.5142857142857142 0.5853658536585366 0.5581395348837209 

rf-def
0.14285714285714285 0.3870967741935484 0.24242424242424243 0.29411764705882354 0.35294117647058826 0.2 0.35294117647058826 0.20689655172413793 0.24242424242424243 0.21428571428571427 0.0 0.13333333333333333 0.30303030303030304 0.3225806451612903 0.2857142857142857 0.08333333333333333 0.2962962962962963 0.32432432432432434 0.21621621621621623 0.4 0.27586206896551724 0.07407407407407407 0.2926829268292683 0.2962962962962963 0.16666666666666666 

rf-cfs
0.20689655172413793 0.48484848484848486 0.47368421052631576 0.25 0.5 0.375 0.36363636363636365 0.20689655172413793 0.1875 0.27586206896551724 0.13793103448275862 0.1935483870967742 0.35294117647058826 0.14814814814814814 0.375 0.23076923076923078 0.2962962962962963 0.43902439024390244 0.2631578947368421 0.45161290322580644 0.4375 0.3225806451612903 0.38095238095238093 0.5806451612903226 0.4 

rf-dtf
0.3448275862068966 0.7878787878787878 0.3333333333333333 0.6666666666666666 0.6060606060606061 0.6486486486486487 0.7647058823529411 0.4827586206896552 0.6 0.45161290322580644 0.48484848484848486 0.4666666666666667 0.7333333333333333 0.8 0.6206896551724138 0.7407407407407407 0.41379310344827586 0.5641025641025641 0.06451612903225806 0.7407407407407407 0.29411764705882354 0.5625 0.6 0.8387096774193549 0.4666666666666667 

rf-svmf
0.17391304347826086 0.625 0.35294117647058826 0.13793103448275862 0.3870967741935484 0.6060606060606061 0.375 0.47058823529411764 0.4666666666666667 0.26666666666666666 0.375 0.46153846153846156 0.45714285714285713 0.6666666666666666 0.41379310344827586 0.4827586206896552 0.41379310344827586 0.625 0.6111111111111112 0.5384615384615384 0.6451612903225806 0.46153846153846156 0.6111111111111112 0.5625 0.5 

svm-def
0.2909090909090909 0.47058823529411764 0.3076923076923077 0.4528301886792453 0.3389830508474576 0.47058823529411764 0.32786885245901637 0.26666666666666666 0.3448275862068966 0.3673469387755102 0.37037037037037035 0.3793103448275862 0.28 0.41509433962264153 0.4067796610169492 0.37735849056603776 0.2857142857142857 0.3389830508474576 0.3448275862068966 0.2962962962962963 0.43137254901960786 0.2962962962962963 0.4 0.45614035087719296 0.2962962962962963 

svm-cfs
0.5714285714285714 0.6382978723404256 0.5833333333333334 0.29411764705882354 0.6363636363636364 0.6666666666666666 0.625 0.6666666666666666 0.2857142857142857 0.5853658536585366 0.12903225806451613 0.2857142857142857 0.5454545454545454 0.5769230769230769 0.6086956521739131 0.6666666666666666 0.717948717948718 0.5660377358490566 0.2564102564102564 0.5777777777777777 0.6511627906976745 0.65 0.4782608695652174 0.6122448979591837 0.5833333333333334 

svm-dtf
0.3870967741935484 0.5172413793103449 0.5 0.5 0.3 0.5833333333333334 0.46875 0.0 0.45161290322580644 0.4528301886792453 0.47619047619047616 0.6382978723404256 0.7407407407407407 0.5 0.4444444444444444 0.7647058823529411 0.6363636363636364 0.0 0.29411764705882354 0.7333333333333333 0.3783783783783784 0.4482758620689655 0.4838709677419355 0.5084745762711864 0.6190476190476191 

svm-svmf
0.6086956521739131 0.4166666666666667 0.48484848484848486 0.5128205128205128 0.6428571428571429 0.6857142857142857 0.7142857142857143 0.6666666666666666 0.6153846153846154 0.5384615384615384 0.6923076923076923 0.5161290322580645 0.7142857142857143 0.6666666666666666 0.5333333333333333 0.5 0.5333333333333333 0.7096774193548387 0.7586206896551724 0.5714285714285714 0.7272727272727273 0.5384615384615384 0.6153846153846154 0.6206896551724138 0.6666666666666666 

