rand-def
-0.18449612403100768 -0.0046511627906977715 -0.0046511627906977715 0.17519379844961236 0.038205980066445155 0.0852713178294573 -0.09457364341085273 -0.0046511627906977715 -0.09457364341085273 -0.24584717607973428 0.17519379844961236 -0.0046511627906977715 0.0852713178294573 -0.09457364341085273 0.13289036544850497 -0.18449612403100768 -0.09457364341085273 -0.09457364341085273 0.0852713178294573 0.038205980066445155 0.2651162790697674 -0.0046511627906977715 -0.18449612403100768 -0.09457364341085273 0.038205980066445155 

oner-def
0.6108527131782946 0.7441860465116279 0.5844961240310078 0.6744186046511627 0.6511627906976745 0.6542635658914728 0.6976744186046511 0.6108527131782946 0.6511627906976745 0.6976744186046511 0.7209302325581395 0.5410852713178294 0.6077519379844962 0.7209302325581395 0.4119601328903655 0.6806201550387598 0.6806201550387598 0.5116279069767442 0.558139534883721 0.7674418604651163 0.634108527131783 0.6542635658914728 0.46821705426356575 0.7441860465116279 0.7209302325581395 

oner-cfs
0.6775193798449612 0.7441860465116279 0.5844961240310078 0.6310077519379846 0.5797342192691031 0.6108527131782946 0.6077519379844962 0.6108527131782946 0.5844961240310078 0.6976744186046511 0.6542635658914728 0.6310077519379846 0.6077519379844962 0.5612403100775194 0.6511627906976745 0.7472868217054263 0.6806201550387598 0.5147286821705426 0.558139534883721 0.7674418604651163 0.634108527131783 0.6542635658914728 0.42480620155038773 0.7441860465116279 0.6013289036544851 

oner-dtf
0.6108527131782946 0.7674418604651163 0.627906976744186 0.627906976744186 0.5797342192691031 0.6542635658914728 0.6976744186046511 0.7209302325581395 0.6744186046511627 0.6976744186046511 0.7209302325581395 0.6310077519379846 0.6511627906976745 0.7209302325581395 0.4119601328903655 0.6542635658914728 0.6806201550387598 0.6046511627906976 0.1441860465116278 0.4368770764119603 0.20930232558139528 0.6542635658914728 0.5348837209302326 0.7007751937984497 0.6013289036544851 

oner-svmf
-0.05736434108527133 0.49457364341085275 0.22480620155038755 0.49457364341085275 0.15614617940199338 0.35813953488372086 0.2046511627906975 0.3782945736434109 0.27441860465116275 0.3687707641196014 0.13798449612403108 0.32558139534883734 0.14108527131782944 0.42170542635658914 -0.00830564784053145 0.1550387596899223 0.35813953488372086 0.4108527131782944 0.19224806201550404 0.1611295681063123 -0.007751937984496138 0.058914728682170514 0.32093023255813957 0.30852713178294566 0.3205980066445182 

cart-def
0.34728682170542635 0.613953488372093 0.2775193798449611 0.3643410852713178 0.3388704318936877 0.3271317829457363 0.5705426356589147 0.37364341085271313 0.4108527131782944 0.4335548172757475 0.10077519379844957 0.3007751937984495 0.2542635658914727 0.08062015503875974 0.3853820598006643 0.3937984496124032 0.24031007751937983 0.3007751937984495 0.18759689922480627 0.45681063122923593 0.37364341085271313 0.3271317829457363 0.007751937984496138 0.4635658914728682 0.6229235880398671 

cart-cfs
0.013953488372093092 0.5906976744186045 0.4542635658914729 -0.21240310077519386 0.3621262458471759 0.3906976744186046 0.5209302325581395 -0.05581395348837215 -0.16899224806201552 0.3853820598006643 -0.2325581395348837 -0.23565891472868217 0.344186046511628 0.32093023255813957 0.3870431893687707 0.3271317829457363 0.483720930232558 0.19069767441860463 -0.1953488372093024 0.3853820598006643 0.37364341085271313 0.26356589147286824 -0.12558139534883717 0.37054263565891477 0.5514950166112957 

cart-dtf
0.5302325581395348 0.7038759689922482 0.1705426356589148 0.5937984496124029 0.5747508305647839 0.8170542635658915 0.8604651162790697 0.483720930232558 0.7534883720930234 0.5265780730897012 0.6170542635658913 0.32403100775193794 0.483720930232558 0.7968992248062015 0.5730897009966778 0.6635658914728682 0.483720930232558 0.6604651162790698 -0.2589147286821706 0.5747508305647839 0.07441860465116279 0.5968992248062015 0.45736434108527124 0.7968992248062015 0.7408637873754151 

cart-svmf
0.23720930232558146 0.45736434108527124 -0.1457364341085272 -0.18914728682170545 0.4335548172757475 0.5240310077519379 0.413953488372093 0.2542635658914727 0.483720930232558 0.31395348837209314 0.19069767441860463 0.4403100775193798 0.32093023255813957 0.8170542635658915 0.2906976744186047 0.5271317829457365 0.21395348837209305 0.5038759689922481 0.5240310077519379 0.31395348837209314 0.4403100775193798 0.1705426356589148 0.32403100775193794 0.6372093023255814 0.6445182724252492 

nb-def
0.3906976744186046 0.21395348837209305 0.5643410852713178 0.5441860465116279 0.4352159468438539 0.613953488372093 0.5674418604651164 0.6775193798449612 0.16434108527131785 0.3637873754152823 0.6806201550387598 0.32093023255813957 0.49767441860465134 0.45736434108527124 0.2923588039867109 0.4372093023255814 0.3038759689922481 0.40775193798449605 0.49457364341085275 0.6960132890365449 0.5472868217054263 0.43410852713178283 0.3612403100775192 0.5906976744186045 0.4335548172757475 

nb-cfs
0.4108527131782944 0.4372093023255814 0.6775193798449612 0.21395348837209305 0.13787375415282388 0.5906976744186045 0.48062015503875966 0.5674418604651164 0.49457364341085275 0.6245847176079735 0.1705426356589148 0.2775193798449611 0.5643410852713178 0.43410852713178283 0.1611295681063123 0.5038759689922481 0.7472868217054263 0.43100775193798446 0.010852713178294504 0.8139534883720931 0.6573643410852714 0.5007751937984497 0.38449612403100764 0.3054263565891473 0.33554817275747495 

nb-dtf
0.3674418604651164 0.21860465116279082 0.25116279069767433 0.17519379844961236 0.13787375415282388 0.4635658914728682 0.37364341085271313 0.5147286821705426 0.2341085271317831 0.3621262458471759 0.8170542635658915 0.43410852713178283 0.34883720930232553 0.24806201550387597 0.11295681063122931 0.24186046511627923 0.5038759689922481 0.3906976744186046 0.04031007751937987 0.27740863787375414 0.2077519379844961 0.2682170542635658 0.39534883720930236 0.613953488372093 0.4401993355481728 

nb-svmf
0.018604651162790642 0.30852713178294566 0.5612403100775194 0.28527131782945747 0.2192691029900331 0.2790697674418605 0.3782945736434109 0.44496124031007755 0.027906976744186185 0.27740863787375414 0.38449612403100764 0.5348837209302326 0.28837209302325584 0.3317829457364341 0.08803986710963452 0.4651162790697674 0.1953488372093024 0.2790697674418605 0.2310077519379845 0.34883720930232553 0.23875968992248064 0.10852713178294571 0.3410852713178294 0.5178294573643412 0.48504983388704304 

rf-def
-0.1224806201550388 0.19069767441860463 0.007751937984496138 -0.12558139534883717 0.15116279069767447 -0.07906976744186056 0.03100775193798455 -0.05581395348837215 -0.12558139534883717 -0.11295681063122931 -0.2558139534883721 -0.16899224806201552 0.0976744186046512 0.03410852713178292 -0.0415282392026578 -0.11937984496124032 0.08062015503875974 0.027906976744186185 -0.15193798449612395 0.12458471760797352 0.10077519379844957 -0.18914728682170545 -0.06511627906976747 0.08062015503875974 -0.04318936877076407 

rf-cfs
-0.05581395348837215 0.5674418604651164 0.27441860465116275 -0.10232558139534875 0.3405315614617941 -0.05581395348837215 0.0976744186046512 -0.05581395348837215 -0.08217054263565893 0.029900332225913484 -0.18914728682170545 -0.10232558139534875 0.16434108527131785 -0.032558139534883734 0.2441860465116279 -0.11937984496124032 0.2806201550387597 0.2713178294573644 -0.0852713178294573 0.1960132890365449 0.2341085271317831 -0.032558139534883734 0.1348837209302325 0.413953488372093 0.0531561461794019 

rf-dtf
0.2806201550387597 0.7503875968992249 0.1441860465116278 0.6837209302325582 0.3870431893687707 0.6573643410852714 0.7705426356589147 0.413953488372093 0.413953488372093 0.1727574750830565 0.3674418604651164 0.16744186046511622 0.5038759689922481 0.7038759689922482 0.5033222591362128 0.5968992248062015 0.34728682170542635 0.3643410852713178 -0.19224806201550393 0.7159468438538206 0.07441860465116279 0.4604651162790696 0.3643410852713178 0.8201550387596899 0.2441860465116279 

rf-svmf
-0.006201550387596955 0.5271317829457365 0.05426356589147274 -0.07906976744186056 0.3388704318936877 0.5038759689922481 0.18759689922480627 0.4108527131782944 0.2341085271317831 0.006644518272425071 0.19069767441860463 0.3069767441860465 0.2310077519379845 0.5472868217054263 0.31395348837209314 0.3038759689922481 0.1472868217054264 0.48062015503875966 0.4542635658914729 0.40697674418604635 0.6403100775193797 0.3503875968992247 0.2775193798449611 0.4372093023255814 0.33554817275747495 

svm-def
-0.21085271317829457 0.24186046511627923 -0.14108527131782944 0.1953488372093024 -0.09966777408637872 0.24186046511627923 -0.1705426356589148 -0.3271317829457364 -0.054263565891472965 0.038205980066445155 -0.007751937984496138 -0.010852713178294615 -0.18449612403100768 0.10542635658914712 0.0897009966777409 0.015503875968992276 -0.027906976744186074 -0.12403100775193798 -0.10077519379844968 -0.1960132890365449 0.15193798449612395 -0.18759689922480627 0.058914728682170514 0.19224806201550404 -0.1727574750830565 

svm-cfs
0.4511627906976745 0.6046511627906976 0.46821705426356575 0.007751937984496138 0.627906976744186 0.6511627906976745 0.5813953488372094 0.627906976744186 0.0511627906976746 0.5083056478405314 -0.19224806201550393 -0.14883720930232558 0.4046511627906977 0.4883720930232558 0.5813953488372094 0.6511627906976745 0.7007751937984497 0.4651162790697674 -0.10852713178294571 0.5099667774086378 0.6077519379844962 0.5875968992248062 0.20155038759689914 0.558139534883721 0.5116279069767442 

svm-dtf
-0.013953488372092981 0.32558139534883734 0.5069767441860464 0.30232558139534893 0.21594684385382057 0.49147286821705416 0.2558139534883721 0.11627906976744184 0.14263565891472862 0.22923588039867093 0.2325581395348837 0.6046511627906976 0.6434108527131781 0.30232558139534893 0.18604651162790686 0.6806201550387598 0.5844961240310078 0.627906976744186 -0.058914728682170514 0.7176079734219267 0.23720930232558146 0.1457364341085272 0.2558139534883721 0.32558139534883734 0.5332225913621262 

svm-svmf
0.5100775193798448 0.3069767441860465 0.3007751937984495 0.4108527131782944 0.5265780730897012 0.613953488372093 0.6868217054263566 0.5271317829457365 0.5302325581395348 0.31229235880398676 0.5069767441860464 0.3503875968992247 0.5736434108527131 0.6635658914728682 0.3621262458471759 0.3503875968992247 0.4170542635658916 0.6837209302325582 0.6635658914728682 0.43189368770764114 0.6170542635658913 0.3302325581395349 0.4868217054263566 0.5736434108527131 0.6461794019933556 

