rand-def
0.3488372093023256 0.3953488372093023 0.3953488372093023 0.4418604651162791 0.3953488372093023 0.4186046511627907 0.37209302325581395 0.3953488372093023 0.37209302325581395 0.32558139534883723 0.4418604651162791 0.3953488372093023 0.4186046511627907 0.37209302325581395 0.4186046511627907 0.3488372093023256 0.37209302325581395 0.37209302325581395 0.4186046511627907 0.3953488372093023 0.46511627906976744 0.3953488372093023 0.3488372093023256 0.37209302325581395 0.3953488372093023 

oner-def
0.7441860465116279 0.7441860465116279 0.6511627906976745 0.6744186046511628 0.6511627906976745 0.7209302325581395 0.6976744186046512 0.7441860465116279 0.6511627906976745 0.6976744186046512 0.7209302325581395 0.6744186046511628 0.6744186046511628 0.7209302325581395 0.6976744186046512 0.813953488372093 0.813953488372093 0.5116279069767442 0.5581395348837209 0.7674418604651163 0.7674418604651163 0.7209302325581395 0.5348837209302325 0.7441860465116279 0.7209302325581395 

cart-def
0.813953488372093 0.813953488372093 0.7441860465116279 0.6976744186046512 0.7674418604651163 0.8604651162790697 0.8372093023255814 0.9069767441860465 0.7441860465116279 0.7906976744186046 0.7674418604651163 0.7674418604651163 0.7209302325581395 0.813953488372093 0.813953488372093 0.8604651162790697 0.9069767441860465 0.7674418604651163 0.7209302325581395 0.813953488372093 0.9069767441860465 0.8604651162790697 0.6744186046511628 0.9302325581395349 0.8372093023255814 

cart-cfs
0.813953488372093 0.7906976744186046 0.7209302325581395 0.7209302325581395 0.7906976744186046 0.7906976744186046 0.7209302325581395 0.7441860465116279 0.6976744186046512 0.813953488372093 0.7674418604651163 0.6976744186046512 0.7441860465116279 0.7209302325581395 0.7441860465116279 0.8604651162790697 0.8837209302325582 0.7906976744186046 0.6046511627906976 0.813953488372093 0.9069767441860465 0.9302325581395349 0.6744186046511628 0.8372093023255814 0.8372093023255814 

cart-dtf
0.9302325581395349 0.8372093023255814 0.8372093023255814 0.8604651162790697 0.8604651162790697 0.8837209302325582 0.8604651162790697 0.8837209302325582 0.9534883720930233 0.8837209302325582 0.8837209302325582 0.7906976744186046 0.8837209302325582 0.9302325581395349 0.9302325581395349 0.9302325581395349 0.8837209302325582 0.8604651162790697 0.6744186046511628 0.8604651162790697 0.6744186046511628 0.9302325581395349 0.7906976744186046 0.9302325581395349 0.8837209302325582 

cart-svmf
0.8372093023255814 0.7906976744186046 0.7209302325581395 0.7441860465116279 0.7906976744186046 0.7906976744186046 0.813953488372093 0.7209302325581395 0.8837209302325582 0.813953488372093 0.7906976744186046 0.9069767441860465 0.7209302325581395 0.8837209302325582 0.7906976744186046 0.8604651162790697 0.813953488372093 0.8372093023255814 0.7906976744186046 0.813953488372093 0.9069767441860465 0.8372093023255814 0.7906976744186046 0.8372093023255814 0.9302325581395349 

nb-def
0.7906976744186046 0.813953488372093 0.6976744186046512 0.7441860465116279 0.7209302325581395 0.813953488372093 0.7674418604651163 0.7441860465116279 0.6976744186046512 0.7209302325581395 0.813953488372093 0.7209302325581395 0.6976744186046512 0.7906976744186046 0.7209302325581395 0.8372093023255814 0.8372093023255814 0.6744186046511628 0.627906976744186 0.7674418604651163 0.813953488372093 0.7674418604651163 0.627906976744186 0.7906976744186046 0.7906976744186046 

nb-cfs
0.7441860465116279 0.8372093023255814 0.7441860465116279 0.813953488372093 0.20930232558139536 0.7906976744186046 0.813953488372093 0.7674418604651163 0.627906976744186 0.7674418604651163 0.8372093023255814 0.7441860465116279 0.6976744186046512 0.7674418604651163 0.23255813953488372 0.8372093023255814 0.813953488372093 0.6976744186046512 0.7441860465116279 0.813953488372093 0.7906976744186046 0.7674418604651163 0.6511627906976745 0.37209302325581395 0.9069767441860465 

nb-dtf
0.7674418604651163 0.4186046511627907 0.6511627906976745 0.4418604651162791 0.20930232558139536 0.9302325581395349 0.9069767441860465 0.5813953488372093 0.7674418604651163 0.7906976744186046 0.8837209302325582 0.7674418604651163 0.3488372093023256 0.5813953488372093 0.2558139534883721 0.4418604651162791 0.8372093023255814 0.7906976744186046 0.9069767441860465 0.3488372093023256 0.6744186046511628 0.5348837209302325 0.3953488372093023 0.813953488372093 0.5116279069767442 

nb-svmf
0.4186046511627907 0.4418604651162791 0.627906976744186 0.4186046511627907 0.7906976744186046 0.27906976744186046 0.5116279069767442 0.5116279069767442 0.627906976744186 0.3488372093023256 0.6511627906976745 0.5348837209302325 0.4883720930232558 0.46511627906976744 0.3023255813953488 0.46511627906976744 0.3953488372093023 0.27906976744186046 0.6976744186046512 0.3488372093023256 0.37209302325581395 0.4418604651162791 0.6744186046511628 0.6511627906976745 0.627906976744186 

rf-def
0.7441860465116279 0.7906976744186046 0.6744186046511628 0.6744186046511628 0.6511627906976745 0.7209302325581395 0.6976744186046512 0.7441860465116279 0.6744186046511628 0.7441860465116279 0.7441860465116279 0.6976744186046512 0.6976744186046512 0.7674418604651163 0.7441860465116279 0.813953488372093 0.813953488372093 0.627906976744186 0.5813953488372093 0.7674418604651163 0.7674418604651163 0.7441860465116279 0.5348837209302325 0.813953488372093 0.813953488372093 

rf-cfs
0.7441860465116279 0.7674418604651163 0.6744186046511628 0.6976744186046512 0.6976744186046512 0.7441860465116279 0.6976744186046512 0.7441860465116279 0.6511627906976745 0.7441860465116279 0.7441860465116279 0.6976744186046512 0.6976744186046512 0.7674418604651163 0.7441860465116279 0.813953488372093 0.813953488372093 0.6046511627906976 0.5813953488372093 0.7674418604651163 0.7674418604651163 0.7674418604651163 0.5348837209302325 0.813953488372093 0.7674418604651163 

rf-dtf
0.813953488372093 0.8837209302325582 0.7441860465116279 0.8837209302325582 0.7441860465116279 0.7906976744186046 0.8372093023255814 0.813953488372093 0.813953488372093 0.7441860465116279 0.7674418604651163 0.7674418604651163 0.8372093023255814 0.8372093023255814 0.8604651162790697 0.9302325581395349 0.813953488372093 0.6976744186046512 0.6744186046511628 0.9302325581395349 0.6744186046511628 0.8604651162790697 0.6976744186046512 0.9534883720930233 0.7441860465116279 

rf-svmf
0.8604651162790697 0.8604651162790697 0.7209302325581395 0.7209302325581395 0.7674418604651163 0.8372093023255814 0.7209302325581395 0.7441860465116279 0.7674418604651163 0.7209302325581395 0.7906976744186046 0.9069767441860465 0.6976744186046512 0.813953488372093 0.813953488372093 0.8372093023255814 0.813953488372093 0.813953488372093 0.7209302325581395 0.9069767441860465 0.9069767441860465 0.8837209302325582 0.7441860465116279 0.8372093023255814 0.9069767441860465 

svm-def
0.2558139534883721 0.4418604651162791 0.32558139534883723 0.3953488372093023 0.18604651162790697 0.4418604651162791 0.16279069767441862 0.13953488372093023 0.27906976744186046 0.3953488372093023 0.32558139534883723 0.2558139534883721 0.3488372093023256 0.37209302325581395 0.23255813953488372 0.3488372093023256 0.37209302325581395 0.20930232558139536 0.23255813953488372 0.23255813953488372 0.4186046511627907 0.27906976744186046 0.32558139534883723 0.32558139534883723 0.2558139534883721 

svm-cfs
0.6511627906976745 0.6046511627906976 0.5348837209302325 0.6744186046511628 0.627906976744186 0.6511627906976745 0.5813953488372093 0.627906976744186 0.6511627906976745 0.6511627906976745 0.6744186046511628 0.6511627906976745 0.6046511627906976 0.4883720930232558 0.5813953488372093 0.6511627906976745 0.7674418604651163 0.46511627906976744 0.5581395348837209 0.5813953488372093 0.6744186046511628 0.7209302325581395 0.5348837209302325 0.5581395348837209 0.5116279069767442 

svm-dtf
0.18604651162790697 0.32558139534883723 0.9069767441860465 0.3023255813953488 0.9302325581395349 0.5581395348837209 0.2558139534883721 0.11627906976744186 0.20930232558139536 0.37209302325581395 0.23255813953488372 0.6046511627906976 0.9767441860465116 0.3023255813953488 0.18604651162790697 0.813953488372093 0.6511627906976745 0.627906976744186 0.6744186046511628 0.8604651162790697 0.8372093023255814 0.27906976744186046 0.2558139534883721 0.32558139534883723 0.6046511627906976 

svm-svmf
0.9767441860465116 0.9069767441860465 0.7674418604651163 0.7441860465116279 0.8837209302325582 0.813953488372093 0.9534883720930233 0.8604651162790697 0.9302325581395349 0.8837209302325582 0.9069767441860465 0.8837209302325582 0.9069767441860465 0.9302325581395349 0.7906976744186046 0.8837209302325582 0.8837209302325582 0.8837209302325582 0.9302325581395349 0.8604651162790697 0.8837209302325582 0.9302325581395349 0.9534883720930233 0.9069767441860465 0.8604651162790697 

