rand-def
0.0 0.0 0.0 0.0 0.0 0.0 0.0 0.0 0.0 0.0 0.0 0.0 0.0 0.0 0.0 0.0 0.0 0.0 0.0 0.0 0.0 0.0 0.0 0.0 0.0 

oner-def
0.6388888888888888 0.6562499999999999 0.5 0.42857142857142855 0.5161290322580645 0.5666666666666667 0.6176470588235293 0.59375 0.5588235294117647 0.6486486486486486 0.5714285714285715 0.5 0.5000000000000001 0.4999999999999999 0.4137931034482758 0.6944444444444444 0.764705882352941 0.3823529411764707 0.3666666666666667 0.6774193548387097 0.5384615384615385 0.59375 0.4166666666666668 0.6764705882352939 0.6129032258064516 

oner-cfs
0.6388888888888888 0.6562499999999999 0.5624999999999999 0.4999999999999999 0.48387096774193555 0.5666666666666667 0.5588235294117647 0.59375 0.5294117647058824 0.6216216216216216 0.42857142857142855 0.5 0.5000000000000001 0.4999999999999999 0.4482758620689656 0.75 0.7058823529411764 0.4411764705882353 0.3666666666666667 0.6774193548387097 0.5384615384615385 0.59375 0.4166666666666668 0.6176470588235293 0.5806451612903225 

oner-dtf
0.6388888888888888 0.6875 0.5 0.42857142857142855 0.5161290322580645 0.5333333333333333 0.6176470588235293 0.6562499999999999 0.5294117647058824 0.6486486486486486 0.5714285714285715 0.5624999999999999 0.5000000000000001 0.6470588235294118 0.4137931034482758 0.6388888888888888 0.764705882352941 0.4411764705882353 0.3333333333333333 -0.09677419354838708 -0.3076923076923077 0.59375 0.4444444444444444 0.6764705882352939 0.5806451612903225 

oner-svmf
-0.05555555555555548 0.43750000000000006 0.2499999999999999 0.3571428571428572 0.09677419354838719 0.2666666666666667 0.32352941176470584 0.40625 0.41176470588235287 0.48648648648648646 0.1785714285714285 0.28124999999999994 0.3666666666666667 0.32352941176470584 -0.13793103448275862 0.24999999999999994 0.35294117647058826 0.5294117647058824 -0.0333333333333334 -0.09677419354838708 -0.3076923076923077 -0.03125000000000006 0.5000000000000001 0.2352941176470588 0.29032258064516137 

cart-def
0.5833333333333334 0.59375 0.3125 0.4642857142857143 0.4193548387096775 0.3000000000000001 0.4999999999999999 0.5 0.4705882352941177 0.6216216216216216 0.3571428571428572 0.43750000000000006 0.46666666666666673 0.6764705882352939 0.5517241379310345 0.6388888888888888 0.5294117647058824 0.32352941176470584 0.5000000000000001 0.5806451612903225 0.5384615384615385 0.6562499999999999 0.38888888888888895 0.6764705882352939 0.5483870967741936 

cart-cfs
0.5000000000000001 0.59375 0.5 0.10714285714285714 0.3225806451612903 0.5666666666666667 0.6176470588235293 0.5 0.2352941176470588 0.5945945945945945 0.03571428571428556 0.15624999999999992 0.46666666666666673 0.6176470588235293 0.3793103448275863 0.611111111111111 0.6764705882352939 0.3823529411764707 0.0333333333333333 0.6129032258064516 0.6153846153846154 0.59375 0.2777777777777778 0.6764705882352939 0.6129032258064516 

cart-dtf
0.7222222222222222 0.8125 0.3437500000000001 0.6785714285714286 0.8064516129032259 0.7333333333333333 0.8529411764705881 0.78125 0.8529411764705881 0.6756756756756757 0.5714285714285715 0.7499999999999999 0.5666666666666667 0.8823529411764703 0.5862068965517242 0.7777777777777777 0.7352941176470588 0.7941176470588234 0.0333333333333333 0.7096774193548386 0.11538461538461536 0.7499999999999999 0.6388888888888888 0.9117647058823529 0.6451612903225806 

cart-svmf
0.6388888888888888 0.5624999999999999 0.12500000000000006 0.14285714285714268 0.5806451612903225 0.6000000000000001 0.5588235294117647 0.625 0.4999999999999999 0.6486486486486486 0.4642857142857143 0.625 0.6666666666666667 0.7352941176470588 0.3793103448275863 0.5833333333333334 0.5294117647058824 0.6764705882352939 0.46666666666666673 0.5161290322580645 0.6538461538461539 0.5312500000000001 0.7222222222222222 0.6176470588235293 0.7419354838709677 

nb-def
0.5555555555555556 0.5312500000000001 0.5312500000000001 0.4999999999999999 0.48387096774193555 0.6333333333333333 0.6470588235294118 0.625 0.3823529411764707 0.5405405405405405 0.6428571428571428 0.43750000000000006 0.46666666666666673 0.6176470588235293 0.3793103448275863 0.6388888888888888 0.5588235294117647 0.4705882352941177 0.40000000000000013 0.6451612903225806 0.6153846153846154 0.5624999999999999 0.47222222222222227 0.6470588235294118 0.5483870967741936 

nb-cfs
0.5555555555555556 0.59375 0.625 0.42857142857142855 0.16129032258064524 0.6000000000000001 0.6176470588235293 0.625 0.5294117647058824 0.6486486486486486 0.39285714285714274 0.43750000000000006 0.5000000000000001 0.588235294117647 -0.10344827586206895 0.6666666666666667 0.7352941176470588 0.4999999999999999 0.2666666666666667 0.7419354838709677 0.5769230769230769 0.5312500000000001 0.47222222222222227 0.058823529411764726 0.6129032258064516 

nb-dtf
0.5833333333333334 0.09374999999999999 0.28124999999999994 0.07142857142857134 -0.16129032258064516 0.6666666666666667 0.6176470588235293 0.40625 0.4411764705882353 0.5945945945945945 0.7142857142857142 0.5312500000000001 0.06666666666666671 0.2647058823529412 -0.17241379310344826 0.24999999999999994 0.6470588235294118 0.5588235294117647 0.4333333333333333 0.06451612903225806 0.4230769230769232 0.2499999999999999 0.2777777777777778 0.6470588235294118 0.25806451612903225 

nb-svmf
0.1666666666666667 0.18749999999999997 0.28124999999999994 -0.03571428571428579 0.5161290322580645 0.0 0.29411764705882343 0.28124999999999994 0.17647058823529416 0.29729729729729737 0.3571428571428572 0.2499999999999999 0.2333333333333333 0.4705882352941177 -0.17241379310344826 0.3611111111111111 0.14705882352941177 0.11764705882352945 0.2666666666666667 0.09677419354838719 -0.07692307692307683 0.06250000000000003 0.5000000000000001 0.4411764705882353 0.48387096774193555 

rf-def
0.33333333333333326 0.46874999999999994 0.21875000000000003 0.1785714285714285 0.29032258064516137 0.3666666666666667 0.35294117647058826 0.37499999999999994 0.3823529411764707 0.4324324324324324 0.14285714285714268 0.2499999999999999 0.3333333333333333 0.35294117647058826 0.24137931034482768 0.4166666666666668 0.4411764705882353 0.32352941176470584 0.1666666666666667 0.3870967741935483 0.23076923076923073 0.28124999999999994 0.30555555555555564 0.5294117647058824 0.3225806451612903 

rf-cfs
0.3611111111111111 0.43750000000000006 0.40625 0.14285714285714268 0.3870967741935483 0.3666666666666667 0.4705882352941177 0.28124999999999994 0.2352941176470588 0.5135135135135136 0.10714285714285714 0.2499999999999999 0.3333333333333333 0.3823529411764707 0.4137931034482758 0.47222222222222227 0.5294117647058824 0.29411764705882343 0.0999999999999999 0.4193548387096775 0.23076923076923073 0.37499999999999994 0.2777777777777778 0.6470588235294118 0.3870967741935483 

rf-dtf
0.5833333333333334 0.6562499999999999 0.3437500000000001 0.7142857142857142 0.6129032258064516 0.5666666666666667 0.764705882352941 0.5312500000000001 0.5588235294117647 0.5135135135135136 0.21428571428571427 0.40625 0.6666666666666667 0.7352941176470588 0.689655172413793 0.7222222222222222 0.41176470588235287 0.4999999999999999 0.0999999999999999 0.7741935483870966 0.1538461538461539 0.40625 0.5277777777777778 0.764705882352941 0.4516129032258064 

rf-svmf
0.5277777777777778 0.59375 0.28124999999999994 0.14285714285714268 0.5161290322580645 0.7000000000000001 0.3823529411764707 0.40625 0.6176470588235293 0.4324324324324324 0.3214285714285714 0.6562499999999999 0.3666666666666667 0.6764705882352939 0.4137931034482758 0.5000000000000001 0.4999999999999999 0.6176470588235293 0.5666666666666667 0.6129032258064516 0.5 0.625 0.5277777777777778 0.5588235294117647 0.5161290322580645 

svm-def
-0.08333333333333331 0.15624999999999992 -0.12500000000000006 -0.07142857142857147 -0.25806451612903225 0.0999999999999999 -0.2058823529411765 -0.375 -0.08823529411764704 0.16216216216216214 -0.21428571428571438 -0.12500000000000006 -0.2000000000000001 0.08823529411764704 -0.2068965517241379 0.08333333333333331 0.029411764705882314 -0.14705882352941177 -0.2666666666666667 -0.25806451612903225 -0.11538461538461536 -0.18749999999999997 0.08333333333333331 0.08823529411764704 -0.2258064516129032 

svm-cfs
0.5000000000000001 0.46874999999999994 0.3125 0.14285714285714268 0.48387096774193555 0.5000000000000001 0.4705882352941177 0.5 0.2647058823529412 0.5135135135135136 0.07142857142857134 0.15624999999999992 0.3333333333333333 0.35294117647058826 0.3793103448275863 0.5833333333333334 0.6764705882352939 0.32352941176470584 0.0333333333333333 0.4193548387096775 0.4230769230769232 0.5624999999999999 0.30555555555555564 0.4411764705882353 0.3225806451612903 

svm-dtf
-0.05555555555555548 0.12500000000000006 0.6562499999999999 -0.07142857142857147 0.5806451612903225 0.3333333333333333 0.0 -0.15625 -0.029411764705882314 0.27027027027027023 0.42857142857142855 0.46874999999999994 0.8000000000000002 0.11764705882352945 -0.2068965517241379 0.6944444444444444 0.5294117647058824 0.5588235294117647 0.1333333333333333 0.7419354838709677 0.1538461538461539 0.0 0.11111111111111115 0.14705882352941177 0.4193548387096775 

svm-svmf
0.8055555555555556 0.59375 0.46874999999999994 0.3214285714285714 0.6774193548387097 0.6666666666666667 0.764705882352941 0.6875 0.7352941176470588 0.7027027027027026 0.6785714285714286 0.5312500000000001 0.7333333333333333 0.7941176470588234 0.5172413793103449 0.611111111111111 0.6176470588235293 0.764705882352941 0.7666666666666667 0.6129032258064516 0.6538461538461539 0.59375 0.7777777777777777 0.7058823529411764 0.6774193548387097 

