rand-def
0.5951711621179355 0.512641701709948 0.512641701709948 0.4373961885472526 0.4965652268696963 0.4738837741264473 0.5531929813463841 0.512641701709948 0.5531929813463841 0.6250484247418432 0.4373961885472526 0.512641701709948 0.4738837741264473 0.5531929813463841 0.4580683380843762 0.5951711621179355 0.5531929813463841 0.5531929813463841 0.4738837741264473 0.4965652268696963 0.4037948705197794 0.512641701709948 0.5951711621179355 0.5531929813463841 0.4965652268696963 

oner-def
0.20398352455177451 0.18088778123376797 0.25112929243546933 0.26310949997638977 0.25178308065690297 0.20288467111206124 0.21377646873081665 0.20398352455177451 0.24666515622786542 0.2196620108056491 0.19733212498229233 0.23022081247934106 0.21377646873081665 0.26729914178696507 0.2941372215712083 0.1931493003985685 0.13974574936891168 0.34533121871901157 0.31244253122196286 0.1644434374852436 0.1895535096505789 0.20288467111206124 0.3263575098037061 0.18088778123376797 0.19733212498229233 

oner-cfs
0.20398352455177451 0.18088778123376797 0.25112929243546933 0.2349975419464428 0.23022081247934106 0.19733212498229233 0.2349975419464428 0.20398352455177451 0.24666515622786542 0.2196620108056491 0.20288467111206124 0.23022081247934106 0.2349975419464428 0.26729914178696507 0.24666515622786542 0.13974574936891168 0.16185036649122964 0.29972845912556095 0.31244253122196286 0.1644434374852436 0.1895535096505789 0.18088778123376797 0.3263575098037061 0.21377646873081665 0.20718221697898823 

oner-dtf
0.20398352455177451 0.1644434374852436 0.26310949997638977 0.26310949997638977 0.25178308065690297 0.20288467111206124 0.21377646873081665 0.19733212498229233 0.24666515622786542 0.2196620108056491 0.19733212498229233 0.23022081247934106 0.24666515622786542 0.19733212498229233 0.2941372215712083 0.20288467111206124 0.16185036649122964 0.2959981874734385 0.4612162067834081 0.5450087384668642 0.5591076874498282 0.20288467111206124 0.3288868749704872 0.17106684761865884 0.20718221697898823 

oner-svmf
0.5900482706703328 0.27949149873782336 0.39137691663145224 0.27949149873782336 0.4433691427362986 0.3731670545773807 0.39768121849211546 0.35797002599498 0.3646938750495379 0.35980235165241886 0.39768121849211546 0.620717767945354 0.3288868749704872 0.3322480981888009 0.5251495027120118 0.43178364160104254 0.6163458595761552 0.29711268056956275 0.4861163605955878 0.5450087384668642 0.5184197999662584 0.512811644471307 0.34487674254728606 0.4792102350451552 0.36211291084594355 

cart-def
0.39430017479945934 0.10934904713681315 0.3357385729994031 0.44184142485836486 0.3899251776071445 0.30536929384707623 0.5049184207591337 0.4396025541607578 0.40512461535817895 0.46891689955245425 0.4114169009097529 0.3616526242622596 0.39941065892972694 0.48161936641888575 0.5219278619318793 0.4396025541607578 0.5392519083283609 0.3646938750495379 0.35454249192870785 0.25043972983035745 0.3494843265635111 0.29455120273560387 0.4114169009097529 0.3828170389145921 0.51802745722692 

cart-cfs
0.5891024054712077 0.1895535096505789 0.29711268056956275 0.6438132672643385 0.3447874400639338 0.2873972854560717 0.4182614154113402 0.3192236390790792 0.6107385876941525 0.32417146746519737 0.7259763385482774 0.6490423207608063 0.4550182898873002 0.4940910381388357 0.37723553947693794 0.3898168981839153 0.24963166183107932 0.32717219339663206 0.6238802841714313 0.4249375934968633 0.44419213437932065 0.48161936641888575 0.6490423207608063 0.25552015075735673 0.2847492975382698 

cart-dtf
0.33647518771820756 0.0822217187426218 0.4493369912959428 0.18692942952327685 0.09649575866924966 0.09477675482528945 0.09477675482528945 0.2447084359327844 0.2362752039399716 0.2248362035307459 0.2128157593860528 0.17243837127364303 0.24080968320944288 0.08092518324561482 0.2573115974377337 0.18927749997523524 0.20570845045487646 0.16185036649122964 0.6989686531270222 0.2573115974377337 0.5246178082384071 0.24080968320944288 0.22092071242918243 0.1064078796930264 0.14120578430135156 

cart-svmf
0.427122638093413 0.24963166183107932 0.7341253077983533 0.638964744688806 0.3529265137299166 0.26230890411920355 0.39430017479945934 0.29711268056956275 0.4293328115356595 0.36706265389917664 0.4550182898873002 0.3552401175730936 0.40512461535817895 0.15597007104285782 0.3718203943097554 0.3616526242622596 0.44419213437932065 0.25552015075735673 0.2128157593860528 0.36706265389917664 0.15597007104285782 0.4355858031289665 0.3444181771863902 0.4612162067834081 0.4070614868718553 

nb-def
0.2873972854560717 0.39941065892972694 0.2336434622922429 0.22960921018041827 0.2824115686027031 0.22092071242918243 0.2168908576495635 0.20398352455177451 0.4750793392508433 0.32049255491213624 0.14879279052948388 0.3074012412232302 0.256320850854974 0.2783150863723448 0.32049255491213624 0.30536929384707623 0.3494843265635111 0.29758558105896776 0.27949149873782336 0.17202518577268414 0.2047040100899106 0.2873972854560717 0.2987082338634572 0.2047040100899106 0.29271016714656806 

nb-cfs
0.3357385729994031 0.2783150863723448 0.20288467111206124 0.4894168718655688 0.4141995850226475 0.2047040100899106 0.2699300053717852 0.250194323851519 0.2640692867143132 0.1929915173384993 0.4852552192886586 0.31820737599649285 0.2336434622922429 0.2168908576495635 0.6597100321501673 0.1931493003985685 0.17106684761865884 0.28505426525237854 0.44184142485836486 0.13155474998819489 0.16185036649122964 0.2397066692907099 0.31048229394358834 0.5447070100699106 0.4093799814152654 

nb-dtf
0.3192236390790792 0.43014385565098284 0.3509565251467999 0.40796704910354903 0.5777639319174508 0.38033665376097914 0.427122638093413 0.3159787295667375 0.4114169009097529 0.3372543052961189 0.13646934005994038 0.2873972854560717 0.4604416249586821 0.3649327210212079 0.5358269473850269 0.38979377412546534 0.26230890411920355 0.3192236390790792 0.6163458595761552 0.46320353021404637 0.3752914857772785 0.3580035984845025 0.41380248675786413 0.2128157593860528 0.332526857052224 

nb-svmf
0.4990092943270397 0.38979377412546534 0.29972845912556095 0.41923724810673507 0.3447874400639338 0.5262189999527795 0.3421336952373177 0.3648339071699946 0.500388647703038 0.4141995850226475 0.28505426525237854 0.3782199062160602 0.3731670545773807 0.38979377412546534 0.46914045806717763 0.3782199062160602 0.5345982835739301 0.49333031245573084 0.40512461535817895 0.4604416249586821 0.4464927859934963 0.4738837741264473 0.3357385729994031 0.27018812427389904 0.29724473615865216 

rf-def
0.638964744688806 0.4550182898873002 0.5673539559988428 0.5246178082384071 0.4650450823534175 0.5991159883945905 0.4750793392508433 0.5939026767069463 0.5673539559988428 0.584289191058187 0.7298769686732658 0.6490423207608063 0.5176124040295402 0.5049184207591337 0.5311719918710791 0.6729503754364151 0.5349724676404809 0.4992260099171775 0.5970794050010849 0.436241848352966 0.5439949751797823 0.684306908452071 0.5368114906816478 0.5349724676404809 0.6202044751692514 

rf-cfs
0.5939026767069463 0.3686875818641741 0.3646938750495379 0.5608825790411989 0.33087140823452765 0.4612162067834081 0.46791021312857345 0.5939026767069463 0.6107385876941525 0.5364908482127183 0.6438132672643385 0.604731658327078 0.4750793392508433 0.6345054764834728 0.4496724070614918 0.5807810708386221 0.5349724676404809 0.39768121849211546 0.5566301727446896 0.3899251776071445 0.4114169009097529 0.5049184207591337 0.45443285995323457 0.30536929384707623 0.436241848352966 

rf-dtf
0.4940910381388357 0.1250971619257595 0.49926332366215864 0.2047040100899106 0.25043972983035745 0.2168908576495635 0.13646934005994038 0.39430017479945934 0.29955799419729523 0.3899251776071445 0.3686875818641741 0.39941065892972694 0.19970532946486347 0.10934904713681315 0.2711282023168899 0.23798575865129842 0.44419213437932065 0.28505426525237854 0.7045560693461329 0.20796652255228226 0.5246178082384071 0.31194014208571563 0.256320850854974 0.1064078796930264 0.383280226136035 

rf-svmf
0.620717767945354 0.26230890411920355 0.4750793392508433 0.6438132672643385 0.442702716867792 0.2699300053717852 0.4612162067834081 0.3763100826294246 0.39941065892972694 0.5422564046337798 0.4612162067834081 0.432157854299781 0.38448518364030093 0.22092071242918243 0.4303127210173308 0.39430017479945934 0.44419213437932065 0.26230890411920355 0.250194323851519 0.3629881692741387 0.25552015075735673 0.432157854299781 0.250194323851519 0.31194014208571563 0.4093799814152654 

svm-def
0.6211242426440883 0.41923724810673507 0.57992164646502 0.4503348913109791 0.6099807104713736 0.41923724810673507 0.637193270135364 0.6921625510351346 0.5916409892431685 0.4965652268696963 0.5319546810634965 0.5589829974756467 0.5951711621179355 0.48237862854563474 0.5519851322542415 0.5172639998590152 0.5320393984651319 0.6067593935993495 0.5916409892431685 0.6072422668138153 0.45228954374418795 0.6072553737901835 0.512811644471307 0.4861163605955878 0.6072422668138153 

svm-cfs
0.28433026447586834 0.2795538437249141 0.3159787295667375 0.5246178082384071 0.26310949997638977 0.24666515622786542 0.2959981874734385 0.24666515622786542 0.5320393984651319 0.2665478961267005 0.6546427866051863 0.5320393984651319 0.3132895650055611 0.36177556246753595 0.2959981874734385 0.24666515622786542 0.17106684761865884 0.3782199062160602 0.5655462470378612 0.3002764516170459 0.2349975419464428 0.2186980942736263 0.3791070193011578 0.31244253122196286 0.3288868749704872 

svm-dtf
0.592672034616574 0.4604416249586821 0.3898168981839153 0.49333031245573084 0.5577698605694213 0.3159787295667375 0.5591076874498282 0.7072979686393279 0.5447070100699106 0.4553434608673599 0.5426633437013039 0.2795538437249141 0.23798575865129842 0.49333031245573084 0.5755520311983526 0.13646934005994038 0.25112929243546933 0.7072979686393279 0.5246178082384071 0.1723937200319669 0.45062836297678766 0.5022585848709387 0.5262189999527795 0.4768859687072064 0.25178308065690297 

svm-svmf
0.37748197130928235 0.47597151730259685 0.3686875818641741 0.3294801633698203 0.26558599593553955 0.1931493003985685 0.24080968320944288 0.24963166183107932 0.33365047109327683 0.3629881692741387 0.28474842539560874 0.3552401175730936 0.24080968320944288 0.2871127791859441 0.3303685622730074 0.3898168981839153 0.3494843265635111 0.20570845045487646 0.19490844909195765 0.31870319512264744 0.17243837127364303 0.3828170389145921 0.33365047109327683 0.29455120273560387 0.2248362035307459 

