rand-def
0.5333333333333333 0.4 0.4 0.26666666666666666 0.35714285714285715 0.3333333333333333 0.4666666666666667 0.4 0.4666666666666667 0.5714285714285714 0.26666666666666666 0.4 0.3333333333333333 0.4666666666666667 0.2857142857142857 0.5333333333333333 0.4666666666666667 0.4666666666666667 0.3333333333333333 0.35714285714285715 0.2 0.4 0.5333333333333333 0.4666666666666667 0.35714285714285715 

oner-def
0.13333333333333333 0.0 0.06666666666666667 0.0 0.0 0.06666666666666667 0.0 0.13333333333333333 0.0 0.0 0.0 0.13333333333333333 0.06666666666666667 0.0 0.2857142857142857 0.13333333333333333 0.13333333333333333 0.0 0.0 0.0 0.13333333333333333 0.06666666666666667 0.06666666666666667 0.0 0.0 

cart-def
0.4666666666666667 0.2 0.4666666666666667 0.3333333333333333 0.42857142857142855 0.5333333333333333 0.26666666666666666 0.5333333333333333 0.3333333333333333 0.35714285714285715 0.6666666666666666 0.4666666666666667 0.4666666666666667 0.7333333333333333 0.42857142857142855 0.4666666666666667 0.6666666666666666 0.4666666666666667 0.5333333333333333 0.35714285714285715 0.5333333333333333 0.5333333333333333 0.6666666666666666 0.4666666666666667 0.21428571428571427 

cart-cfs
0.8 0.2 0.26666666666666666 0.9333333333333333 0.42857142857142855 0.4 0.2 0.8 0.8666666666666667 0.42857142857142855 1.0 0.9333333333333333 0.4 0.4 0.35714285714285715 0.5333333333333333 0.4 0.6 0.8 0.42857142857142855 0.5333333333333333 0.6666666666666666 0.8 0.4666666666666667 0.2857142857142857 

cart-dtf
0.4 0.13333333333333333 0.6666666666666666 0.26666666666666666 0.2857142857142857 0.06666666666666667 0.0 0.4 0.2 0.35714285714285715 0.26666666666666666 0.4666666666666667 0.4 0.13333333333333333 0.35714285714285715 0.26666666666666666 0.4 0.2 0.9333333333333333 0.2857142857142857 0.6 0.3333333333333333 0.3333333333333333 0.13333333333333333 0.14285714285714285 

cart-svmf
0.6 0.3333333333333333 0.8666666666666667 0.9333333333333333 0.35714285714285715 0.26666666666666666 0.4 0.4666666666666667 0.4 0.5 0.6 0.4666666666666667 0.4 0.06666666666666667 0.5 0.3333333333333333 0.6 0.3333333333333333 0.26666666666666666 0.5 0.4666666666666667 0.6666666666666666 0.4666666666666667 0.2 0.2857142857142857 

nb-def
0.4 0.6 0.13333333333333333 0.2 0.2857142857142857 0.2 0.2 0.06666666666666667 0.5333333333333333 0.35714285714285715 0.13333333333333333 0.4 0.2 0.3333333333333333 0.42857142857142855 0.4 0.5333333333333333 0.26666666666666666 0.13333333333333333 0.07142857142857142 0.26666666666666666 0.3333333333333333 0.26666666666666666 0.2 0.35714285714285715 

nb-cfs
0.3333333333333333 0.4 0.06666666666666667 0.6 0.07142857142857142 0.2 0.3333333333333333 0.2 0.13333333333333333 0.14285714285714285 0.6666666666666666 0.4666666666666667 0.13333333333333333 0.3333333333333333 0.07142857142857142 0.3333333333333333 0.06666666666666667 0.26666666666666666 0.7333333333333333 0.0 0.13333333333333333 0.26666666666666666 0.26666666666666666 0.06666666666666667 0.5714285714285714 

nb-dtf
0.4 0.2 0.4 0.26666666666666666 0.07142857142857142 0.4666666666666667 0.5333333333333333 0.06666666666666667 0.5333333333333333 0.42857142857142855 0.06666666666666667 0.3333333333333333 0.0 0.3333333333333333 0.14285714285714285 0.2 0.3333333333333333 0.4 0.8666666666666667 0.07142857142857142 0.4666666666666667 0.26666666666666666 0.0 0.2 0.07142857142857142 

nb-svmf
0.4 0.13333333333333333 0.06666666666666667 0.13333333333333333 0.5714285714285714 0.0 0.13333333333333333 0.06666666666666667 0.6 0.07142857142857142 0.26666666666666666 0.0 0.2 0.13333333333333333 0.21428571428571427 0.0 0.2 0.0 0.4666666666666667 0.0 0.13333333333333333 0.3333333333333333 0.3333333333333333 0.13333333333333333 0.14285714285714285 

rf-def
0.8666666666666667 0.6 0.6666666666666666 0.8 0.5 0.8 0.6666666666666666 0.8 0.8 0.8571428571428571 1.0 0.8666666666666667 0.6 0.7333333333333333 0.7857142857142857 0.9333333333333333 0.7333333333333333 0.6 0.7333333333333333 0.6428571428571429 0.6666666666666666 0.9333333333333333 0.6 0.7333333333333333 0.8571428571428571 

rf-cfs
0.8 0.2 0.4 0.8 0.35714285714285715 0.8 0.6 0.8 0.7333333333333333 0.7142857142857143 0.9333333333333333 0.8 0.5333333333333333 0.8 0.5 0.9333333333333333 0.5333333333333333 0.3333333333333333 0.6666666666666666 0.5714285714285714 0.5333333333333333 0.8 0.4 0.4 0.7142857142857143 

rf-dtf
0.5333333333333333 0.13333333333333333 0.6 0.2 0.35714285714285715 0.13333333333333333 0.06666666666666667 0.4 0.4 0.5714285714285714 0.4 0.6 0.3333333333333333 0.13333333333333333 0.35714285714285715 0.3333333333333333 0.4666666666666667 0.3333333333333333 0.8666666666666667 0.21428571428571427 0.6 0.4 0.3333333333333333 0.13333333333333333 0.5 

rf-svmf
0.8666666666666667 0.3333333333333333 0.6666666666666666 0.8 0.42857142857142855 0.3333333333333333 0.5333333333333333 0.3333333333333333 0.5333333333333333 0.7142857142857143 0.6 0.6 0.4666666666666667 0.26666666666666666 0.5 0.5333333333333333 0.6666666666666666 0.3333333333333333 0.26666666666666666 0.5 0.26666666666666666 0.5333333333333333 0.4666666666666667 0.4 0.5714285714285714 

svm-def
0.4666666666666667 0.2 0.4666666666666667 0.2 0.2857142857142857 0.2 0.3333333333333333 0.4666666666666667 0.3333333333333333 0.35714285714285715 0.3333333333333333 0.26666666666666666 0.5333333333333333 0.26666666666666666 0.14285714285714285 0.3333333333333333 0.4 0.3333333333333333 0.3333333333333333 0.42857142857142855 0.26666666666666666 0.4666666666666667 0.26666666666666666 0.13333333333333333 0.42857142857142855 

svm-cfs
0.2 0.0 0.06666666666666667 0.6666666666666666 0.0 0.0 0.0 0.0 0.6 0.14285714285714285 0.8666666666666667 0.8 0.2 0.0 0.0 0.0 0.06666666666666667 0.0 0.6666666666666666 0.07142857142857142 0.06666666666666667 0.13333333333333333 0.3333333333333333 0.0 0.0 

svm-dtf
0.2 0.0 0.4 0.0 0.7142857142857143 0.06666666666666667 0.0 0.0 0.06666666666666667 0.14285714285714285 0.0 0.0 0.3333333333333333 0.0 0.0 0.13333333333333333 0.06666666666666667 0.0 0.7333333333333333 0.14285714285714285 0.6 0.13333333333333333 0.0 0.0 0.07142857142857142 

svm-svmf
0.4666666666666667 0.6 0.4666666666666667 0.3333333333333333 0.35714285714285715 0.2 0.26666666666666666 0.3333333333333333 0.4 0.5714285714285714 0.4 0.5333333333333333 0.3333333333333333 0.26666666666666666 0.42857142857142855 0.5333333333333333 0.4666666666666667 0.2 0.26666666666666666 0.42857142857142855 0.26666666666666666 0.6 0.4666666666666667 0.3333333333333333 0.21428571428571427 

