rand-def
0.6511627906976745 0.6046511627906976 0.6046511627906976 0.5581395348837209 0.6046511627906976 0.5813953488372093 0.627906976744186 0.6046511627906976 0.627906976744186 0.6744186046511628 0.5581395348837209 0.6046511627906976 0.5813953488372093 0.627906976744186 0.5813953488372093 0.6511627906976745 0.627906976744186 0.627906976744186 0.5813953488372093 0.6046511627906976 0.5348837209302325 0.6046511627906976 0.6511627906976745 0.627906976744186 0.6046511627906976 

oner-def
0.2558139534883721 0.2558139534883721 0.3488372093023256 0.32558139534883723 0.3488372093023256 0.27906976744186046 0.3023255813953488 0.2558139534883721 0.3488372093023256 0.3023255813953488 0.27906976744186046 0.32558139534883723 0.32558139534883723 0.27906976744186046 0.3023255813953488 0.18604651162790697 0.18604651162790697 0.4883720930232558 0.4418604651162791 0.23255813953488372 0.23255813953488372 0.27906976744186046 0.46511627906976744 0.2558139534883721 0.27906976744186046 

cart-def
0.18604651162790697 0.18604651162790697 0.2558139534883721 0.3023255813953488 0.23255813953488372 0.13953488372093023 0.16279069767441862 0.09302325581395349 0.2558139534883721 0.20930232558139536 0.23255813953488372 0.23255813953488372 0.27906976744186046 0.18604651162790697 0.18604651162790697 0.13953488372093023 0.09302325581395349 0.23255813953488372 0.27906976744186046 0.18604651162790697 0.09302325581395349 0.13953488372093023 0.32558139534883723 0.06976744186046512 0.16279069767441862 

cart-cfs
0.18604651162790697 0.20930232558139536 0.27906976744186046 0.27906976744186046 0.20930232558139536 0.20930232558139536 0.27906976744186046 0.2558139534883721 0.3023255813953488 0.18604651162790697 0.23255813953488372 0.3023255813953488 0.2558139534883721 0.27906976744186046 0.2558139534883721 0.13953488372093023 0.11627906976744186 0.20930232558139536 0.3953488372093023 0.18604651162790697 0.09302325581395349 0.06976744186046512 0.32558139534883723 0.16279069767441862 0.16279069767441862 

cart-dtf
0.06976744186046512 0.16279069767441862 0.16279069767441862 0.13953488372093023 0.13953488372093023 0.11627906976744186 0.13953488372093023 0.11627906976744186 0.046511627906976744 0.11627906976744186 0.11627906976744186 0.20930232558139536 0.11627906976744186 0.06976744186046512 0.06976744186046512 0.06976744186046512 0.11627906976744186 0.13953488372093023 0.32558139534883723 0.13953488372093023 0.32558139534883723 0.06976744186046512 0.20930232558139536 0.06976744186046512 0.11627906976744186 

cart-svmf
0.16279069767441862 0.20930232558139536 0.27906976744186046 0.2558139534883721 0.20930232558139536 0.20930232558139536 0.18604651162790697 0.27906976744186046 0.11627906976744186 0.18604651162790697 0.20930232558139536 0.09302325581395349 0.27906976744186046 0.11627906976744186 0.20930232558139536 0.13953488372093023 0.18604651162790697 0.16279069767441862 0.20930232558139536 0.18604651162790697 0.09302325581395349 0.16279069767441862 0.20930232558139536 0.16279069767441862 0.06976744186046512 

nb-def
0.20930232558139536 0.18604651162790697 0.3023255813953488 0.2558139534883721 0.27906976744186046 0.18604651162790697 0.23255813953488372 0.2558139534883721 0.3023255813953488 0.27906976744186046 0.18604651162790697 0.27906976744186046 0.3023255813953488 0.20930232558139536 0.27906976744186046 0.16279069767441862 0.16279069767441862 0.32558139534883723 0.37209302325581395 0.23255813953488372 0.18604651162790697 0.23255813953488372 0.37209302325581395 0.20930232558139536 0.20930232558139536 

nb-cfs
0.2558139534883721 0.16279069767441862 0.2558139534883721 0.18604651162790697 0.7906976744186046 0.20930232558139536 0.18604651162790697 0.23255813953488372 0.37209302325581395 0.23255813953488372 0.16279069767441862 0.2558139534883721 0.3023255813953488 0.23255813953488372 0.7674418604651163 0.16279069767441862 0.18604651162790697 0.3023255813953488 0.2558139534883721 0.18604651162790697 0.20930232558139536 0.23255813953488372 0.3488372093023256 0.627906976744186 0.09302325581395349 

nb-dtf
0.23255813953488372 0.5813953488372093 0.3488372093023256 0.5581395348837209 0.7906976744186046 0.06976744186046512 0.09302325581395349 0.4186046511627907 0.23255813953488372 0.20930232558139536 0.11627906976744186 0.23255813953488372 0.6511627906976745 0.4186046511627907 0.7441860465116279 0.5581395348837209 0.16279069767441862 0.20930232558139536 0.09302325581395349 0.6511627906976745 0.32558139534883723 0.46511627906976744 0.6046511627906976 0.18604651162790697 0.4883720930232558 

nb-svmf
0.5813953488372093 0.5581395348837209 0.37209302325581395 0.5813953488372093 0.20930232558139536 0.7209302325581395 0.4883720930232558 0.4883720930232558 0.37209302325581395 0.6511627906976745 0.3488372093023256 0.46511627906976744 0.5116279069767442 0.5348837209302325 0.6976744186046512 0.5348837209302325 0.6046511627906976 0.7209302325581395 0.3023255813953488 0.6511627906976745 0.627906976744186 0.5581395348837209 0.32558139534883723 0.3488372093023256 0.37209302325581395 

rf-def
0.2558139534883721 0.20930232558139536 0.32558139534883723 0.32558139534883723 0.3488372093023256 0.27906976744186046 0.3023255813953488 0.2558139534883721 0.32558139534883723 0.2558139534883721 0.2558139534883721 0.3023255813953488 0.3023255813953488 0.23255813953488372 0.2558139534883721 0.18604651162790697 0.18604651162790697 0.37209302325581395 0.4186046511627907 0.23255813953488372 0.23255813953488372 0.2558139534883721 0.46511627906976744 0.18604651162790697 0.18604651162790697 

rf-cfs
0.2558139534883721 0.23255813953488372 0.32558139534883723 0.3023255813953488 0.3023255813953488 0.2558139534883721 0.3023255813953488 0.2558139534883721 0.3488372093023256 0.2558139534883721 0.2558139534883721 0.3023255813953488 0.3023255813953488 0.23255813953488372 0.2558139534883721 0.18604651162790697 0.18604651162790697 0.3953488372093023 0.4186046511627907 0.23255813953488372 0.23255813953488372 0.23255813953488372 0.46511627906976744 0.18604651162790697 0.23255813953488372 

rf-dtf
0.18604651162790697 0.11627906976744186 0.2558139534883721 0.11627906976744186 0.2558139534883721 0.20930232558139536 0.16279069767441862 0.18604651162790697 0.18604651162790697 0.2558139534883721 0.23255813953488372 0.23255813953488372 0.16279069767441862 0.16279069767441862 0.13953488372093023 0.06976744186046512 0.18604651162790697 0.3023255813953488 0.32558139534883723 0.06976744186046512 0.32558139534883723 0.13953488372093023 0.3023255813953488 0.046511627906976744 0.2558139534883721 

rf-svmf
0.13953488372093023 0.13953488372093023 0.27906976744186046 0.27906976744186046 0.23255813953488372 0.16279069767441862 0.27906976744186046 0.2558139534883721 0.23255813953488372 0.27906976744186046 0.20930232558139536 0.09302325581395349 0.3023255813953488 0.18604651162790697 0.18604651162790697 0.16279069767441862 0.18604651162790697 0.18604651162790697 0.27906976744186046 0.09302325581395349 0.09302325581395349 0.11627906976744186 0.2558139534883721 0.16279069767441862 0.09302325581395349 

svm-def
0.7441860465116279 0.5581395348837209 0.6744186046511628 0.6046511627906976 0.813953488372093 0.5581395348837209 0.8372093023255814 0.8604651162790697 0.7209302325581395 0.6046511627906976 0.6744186046511628 0.7441860465116279 0.6511627906976745 0.627906976744186 0.7674418604651163 0.6511627906976745 0.627906976744186 0.7906976744186046 0.7674418604651163 0.7674418604651163 0.5813953488372093 0.7209302325581395 0.6744186046511628 0.6744186046511628 0.7441860465116279 

svm-cfs
0.3488372093023256 0.3953488372093023 0.46511627906976744 0.32558139534883723 0.37209302325581395 0.3488372093023256 0.4186046511627907 0.37209302325581395 0.3488372093023256 0.3488372093023256 0.32558139534883723 0.3488372093023256 0.3953488372093023 0.5116279069767442 0.4186046511627907 0.3488372093023256 0.23255813953488372 0.5348837209302325 0.4418604651162791 0.4186046511627907 0.32558139534883723 0.27906976744186046 0.46511627906976744 0.4418604651162791 0.4883720930232558 

svm-dtf
0.813953488372093 0.6744186046511628 0.09302325581395349 0.6976744186046512 0.06976744186046512 0.4418604651162791 0.7441860465116279 0.8837209302325582 0.7906976744186046 0.627906976744186 0.7674418604651163 0.3953488372093023 0.023255813953488372 0.6976744186046512 0.813953488372093 0.18604651162790697 0.3488372093023256 0.37209302325581395 0.32558139534883723 0.13953488372093023 0.16279069767441862 0.7209302325581395 0.7441860465116279 0.6744186046511628 0.3953488372093023 

svm-svmf
0.023255813953488372 0.09302325581395349 0.23255813953488372 0.2558139534883721 0.11627906976744186 0.18604651162790697 0.046511627906976744 0.13953488372093023 0.06976744186046512 0.11627906976744186 0.09302325581395349 0.11627906976744186 0.09302325581395349 0.06976744186046512 0.20930232558139536 0.11627906976744186 0.11627906976744186 0.11627906976744186 0.06976744186046512 0.13953488372093023 0.11627906976744186 0.06976744186046512 0.046511627906976744 0.09302325581395349 0.13953488372093023 

