rand-def
0.0 0.0 0.0 0.0 0.0 0.0 0.0 0.0 0.0 0.0 0.0 0.0 0.0 0.0 0.0 0.0 0.0 0.0 0.0 0.0 0.0 0.0 0.0 0.0 0.0 

oner-def
0.6388888888888888 0.6562499999999999 0.5624999999999999 0.4999999999999999 0.5161290322580645 0.5666666666666667 0.6176470588235293 0.59375 0.5588235294117647 0.6216216216216216 0.5714285714285715 0.5 0.5666666666666667 0.6470588235294118 0.4137931034482758 0.75 0.7058823529411764 0.3823529411764707 0.3666666666666667 0.6774193548387097 0.5384615384615385 0.59375 0.4166666666666668 0.6764705882352939 0.6129032258064516 

oner-cfs
0.6388888888888888 0.6562499999999999 0.5624999999999999 0.4999999999999999 0.48387096774193555 0.5666666666666667 0.588235294117647 0.59375 0.5294117647058824 0.6216216216216216 0.5357142857142857 0.5 0.5000000000000001 0.4999999999999999 0.48275862068965514 0.75 0.7058823529411764 0.4411764705882353 0.3666666666666667 0.6774193548387097 0.5384615384615385 0.59375 0.4166666666666668 0.6176470588235293 0.5806451612903225 

oner-dtf
0.6388888888888888 0.6875 0.5 0.4999999999999999 0.48387096774193555 0.5666666666666667 0.6176470588235293 0.625 0.5588235294117647 0.6216216216216216 0.5714285714285715 0.5624999999999999 0.5000000000000001 0.6470588235294118 0.4137931034482758 0.6388888888888888 0.7058823529411764 0.4999999999999999 0.3333333333333333 0.5483870967741936 0.38461538461538464 0.59375 0.4444444444444444 0.6764705882352939 0.5806451612903225 

oner-svmf
0.5833333333333334 0.5312500000000001 0.5312500000000001 0.4642857142857143 0.48387096774193555 0.5000000000000001 0.5588235294117647 0.40625 0.41176470588235287 0.6216216216216216 0.4642857142857143 0.5312500000000001 0.5000000000000001 0.5588235294117647 0.5172413793103449 0.5833333333333334 0.4999999999999999 0.5294117647058824 0.5000000000000001 0.5483870967741936 0.4230769230769232 0.5312500000000001 0.5000000000000001 0.5588235294117647 0.5483870967741936 

cart-def
0.7777777777777777 0.8437500000000001 0.625 0.8571428571428571 0.6774193548387097 0.7666666666666667 0.7941176470588234 0.625 0.764705882352941 0.7567567567567567 0.8214285714285715 0.5312500000000001 0.7000000000000001 0.9411764705882352 0.5862068965517242 0.7777777777777777 0.764705882352941 0.6176470588235293 0.6666666666666667 0.7419354838709677 0.6538461538461539 0.59375 0.8055555555555556 0.8823529411764703 0.7741935483870966 

cart-cfs
0.6666666666666667 0.59375 0.59375 0.07142857142857134 0.5806451612903225 0.6000000000000001 0.6470588235294118 0.5312500000000001 0.17647058823529416 0.7297297297297297 0.10714285714285714 0.18749999999999997 0.40000000000000013 0.6764705882352939 0.48275862068965514 0.7222222222222222 0.588235294117647 0.4999999999999999 0.0333333333333333 0.7096774193548386 0.5769230769230769 0.59375 0.2777777777777778 0.764705882352941 0.6774193548387097 

cart-dtf
0.75 0.8437500000000001 0.40625 0.8928571428571429 0.8387096774193548 0.7666666666666667 0.9411764705882352 0.8437500000000001 0.8823529411764703 0.7837837837837838 0.7142857142857142 0.6875 0.8333333333333335 0.9411764705882352 0.6206896551724137 0.75 0.7352941176470588 0.7941176470588234 0.06666666666666671 0.5483870967741936 0.3076923076923078 0.71875 0.7777777777777777 0.8529411764705881 0.8064516129032259 

cart-svmf
0.7222222222222222 0.6875 0.15624999999999992 0.14285714285714268 0.5806451612903225 0.7000000000000001 0.6176470588235293 0.5624999999999999 0.6176470588235293 0.6756756756756757 0.39285714285714274 0.6562499999999999 0.5666666666666667 0.8235294117647058 0.4482758620689656 0.5833333333333334 0.5294117647058824 0.6470588235294118 0.6333333333333333 0.6451612903225806 0.6153846153846154 0.625 0.6944444444444444 0.7058823529411764 0.6774193548387097 

nb-def
0.611111111111111 0.46874999999999994 0.5624999999999999 0.4642857142857143 0.5161290322580645 0.6333333333333333 0.6470588235294118 0.59375 0.35294117647058826 0.5405405405405405 0.5714285714285715 0.46874999999999994 0.46666666666666673 0.588235294117647 0.3793103448275863 0.6388888888888888 0.5588235294117647 0.4411764705882353 0.40000000000000013 0.6451612903225806 0.5384615384615385 0.5312500000000001 0.47222222222222227 0.6470588235294118 0.6129032258064516 

nb-cfs
0.611111111111111 0.59375 0.5312500000000001 0.39285714285714274 0.3225806451612903 0.5000000000000001 0.6764705882352939 0.625 0.5294117647058824 0.6756756756756757 0.3214285714285714 0.5 0.46666666666666673 0.6176470588235293 0.4482758620689656 0.7222222222222222 0.7352941176470588 0.41176470588235287 0.3333333333333333 0.8064516129032259 0.5769230769230769 0.5312500000000001 0.47222222222222227 0.4705882352941177 0.5806451612903225 

nb-dtf
0.6388888888888888 0.46874999999999994 0.43750000000000006 0.607142857142857 -0.12903225806451613 0.5666666666666667 0.588235294117647 0.46874999999999994 0.4705882352941177 0.6216216216216216 0.607142857142857 0.5 0.3000000000000001 0.5294117647058824 0.0 0.6944444444444444 0.6764705882352939 0.4999999999999999 0.40000000000000013 0.06451612903225806 0.46153846153846145 0.5312500000000001 0.4444444444444444 0.6176470588235293 0.5483870967741936 

nb-svmf
0.611111111111111 0.46874999999999994 0.5624999999999999 0.25000000000000006 0.6129032258064516 0.1666666666666667 0.4705882352941177 0.3437500000000001 0.4705882352941177 0.37837837837837834 0.4642857142857143 0.5624999999999999 0.5000000000000001 0.6176470588235293 0.06896551724137931 0.5555555555555556 0.08823529411764704 0.3823529411764707 0.5000000000000001 0.6451612903225806 0.3076923076923078 0.06250000000000003 0.5555555555555556 0.588235294117647 0.6129032258064516 

rf-def
0.4444444444444444 0.40625 0.3437500000000001 0.28571428571428564 0.3870967741935483 0.40000000000000013 0.35294117647058826 0.28124999999999994 0.35294117647058826 0.5135135135135136 0.14285714285714268 0.21875000000000003 0.3000000000000001 0.41176470588235287 0.3448275862068965 0.38888888888888895 0.4705882352941177 0.35294117647058826 0.0999999999999999 0.4516129032258064 0.19230769230769243 0.3437500000000001 0.2777777777777778 0.5588235294117647 0.3225806451612903 

rf-cfs
0.3611111111111111 0.46874999999999994 0.3437500000000001 0.10714285714285714 0.4516129032258064 0.5000000000000001 0.4411764705882353 0.28124999999999994 0.2352941176470588 0.4324324324324324 0.10714285714285714 0.28124999999999994 0.2666666666666667 0.4705882352941177 0.4137931034482758 0.5000000000000001 0.4705882352941177 0.29411764705882343 0.0333333333333333 0.3870967741935483 0.46153846153846145 0.37499999999999994 0.2777777777777778 0.5588235294117647 0.4193548387096775 

rf-dtf
0.5000000000000001 0.875 0.3437500000000001 0.6785714285714286 0.5161290322580645 0.5333333333333333 0.8235294117647058 0.5 0.7058823529411764 0.5675675675675677 0.3214285714285714 0.46874999999999994 0.7333333333333333 0.8235294117647058 0.5862068965517242 0.6944444444444444 0.6176470588235293 0.5294117647058824 0.06666666666666671 0.6774193548387097 0.3461538461538461 0.5312500000000001 0.6388888888888888 0.8529411764705881 0.4516129032258064 

rf-svmf
0.611111111111111 0.625 0.2499999999999999 0.10714285714285714 0.5483870967741936 0.6333333333333333 0.4705882352941177 0.5 0.4705882352941177 0.48648648648648646 0.42857142857142855 0.46874999999999994 0.46666666666666673 0.588235294117647 0.5172413793103449 0.6388888888888888 0.4705882352941177 0.4999999999999999 0.6000000000000001 0.6774193548387097 0.7692307692307693 0.59375 0.5555555555555556 0.764705882352941 0.5806451612903225 

svm-def
0.5555555555555556 0.5312500000000001 0.5 0.42857142857142855 0.5161290322580645 0.46666666666666673 0.5294117647058824 0.5 0.5588235294117647 0.6216216216216216 0.4642857142857143 0.5 0.5000000000000001 0.5588235294117647 0.4482758620689656 0.5555555555555556 0.5294117647058824 0.5294117647058824 0.5000000000000001 0.5161290322580645 0.4230769230769232 0.5312500000000001 0.5555555555555556 0.5588235294117647 0.48387096774193555 

svm-cfs
0.5555555555555556 0.5312500000000001 0.5 0.07142857142857134 0.5161290322580645 0.46666666666666673 0.5294117647058824 0.5 0.20588235294117638 0.6216216216216216 0.10714285714285714 0.18749999999999997 0.5000000000000001 0.5588235294117647 0.4482758620689656 0.5555555555555556 0.5294117647058824 0.5294117647058824 0.0333333333333333 0.5161290322580645 0.4230769230769232 0.5312500000000001 0.2777777777777778 0.5588235294117647 0.48387096774193555 

svm-dtf
0.5555555555555556 0.5312500000000001 0.5 0.42857142857142855 0.5161290322580645 0.5000000000000001 0.5294117647058824 0.5 0.5588235294117647 0.6216216216216216 0.4642857142857143 0.5 0.6000000000000001 0.5588235294117647 0.4482758620689656 0.5833333333333334 0.5294117647058824 0.5294117647058824 0.2666666666666667 0.7741935483870966 0.3076923076923078 0.5312500000000001 0.5555555555555556 0.5588235294117647 0.48387096774193555 

svm-svmf
0.6388888888888888 0.59375 0.37499999999999994 0.39285714285714274 0.6129032258064516 0.5666666666666667 0.7352941176470588 0.6562499999999999 0.6764705882352939 0.6486486486486486 0.6428571428571428 0.625 0.7000000000000001 0.6764705882352939 0.6206896551724137 0.6666666666666667 0.4705882352941177 0.7352941176470588 0.6333333333333333 0.5483870967741936 0.5 0.6562499999999999 0.611111111111111 0.588235294117647 0.5806451612903225 

