rand-def
0.2 0.2571428571428571 0.2571428571428571 0.3142857142857143 0.2571428571428571 0.2857142857142857 0.22857142857142856 0.2571428571428571 0.22857142857142856 0.17142857142857143 0.3142857142857143 0.2571428571428571 0.2857142857142857 0.22857142857142856 0.2857142857142857 0.2 0.22857142857142856 0.22857142857142856 0.2857142857142857 0.2571428571428571 0.34285714285714286 0.2571428571428571 0.2 0.22857142857142856 0.2571428571428571 

oner-def
0.5416666666666666 0.5769230769230769 0.5172413793103449 0.5172413793103449 0.4827586206896552 0.5384615384615384 0.5357142857142857 0.5416666666666666 0.5 0.5 0.5555555555555556 0.48148148148148145 0.5357142857142857 0.5555555555555556 0.43478260869565216 0.6363636363636364 0.6190476190476191 0.4166666666666667 0.4411764705882353 0.5833333333333334 0.5652173913043478 0.5384615384615384 0.4117647058823529 0.5769230769230769 0.5384615384615384 

cart-def
0.8181818181818182 0.7777777777777778 0.5652173913043478 0.8666666666666667 0.625 0.75 0.7222222222222222 0.6153846153846154 0.7333333333333333 0.6666666666666666 0.7777777777777778 0.5 0.7142857142857143 0.9333333333333333 0.5714285714285714 0.8181818181818182 0.7692307692307693 0.5555555555555556 0.7777777777777778 0.6875 0.7142857142857143 0.5714285714285714 0.7857142857142857 0.8666666666666667 0.7692307692307693 

cart-cfs
0.6666666666666666 0.5714285714285714 0.5555555555555556 0.07692307692307693 0.5333333333333333 0.5789473684210527 0.6 0.5 0.06666666666666667 0.6428571428571429 0.0 0.0 0.4 0.625 0.46153846153846156 0.6923076923076923 0.5555555555555556 0.4375 0.0625 0.6923076923076923 0.7 0.625 0.07692307692307693 0.8181818181818182 0.6428571428571429 

cart-dtf
0.8 0.7777777777777778 0.375 0.9285714285714286 0.7647058823529411 0.7222222222222222 0.8823529411764706 0.9166666666666666 0.9230769230769231 0.7142857142857143 0.6842105263157895 0.6666666666666666 0.8571428571428571 0.9333333333333333 0.6153846153846154 0.6875 0.7142857142857143 0.75 0.06666666666666667 0.5 0.0 0.75 0.7058823529411765 0.8125 0.75 

cart-svmf
0.7272727272727273 0.6470588235294118 0.0 0.15384615384615385 0.5384615384615384 0.6875 0.5555555555555556 0.5333333333333333 0.5833333333333334 0.5714285714285714 0.42857142857142855 0.6428571428571429 0.5555555555555556 0.8461538461538461 0.42857142857142855 0.5 0.45454545454545453 0.5789473684210527 0.6666666666666666 0.6363636363636364 0.6470588235294118 0.6666666666666666 0.6666666666666666 0.6666666666666666 0.6428571428571429 

nb-def
0.5238095238095238 0.42857142857142855 0.52 0.5 0.47619047619047616 0.6111111111111112 0.5714285714285714 0.5454545454545454 0.3157894736842105 0.42857142857142855 0.5882352941176471 0.4444444444444444 0.48 0.5263157894736842 0.4 0.5625 0.5 0.4090909090909091 0.4482758620689655 0.5652173913043478 0.5789473684210527 0.5 0.4230769230769231 0.5714285714285714 0.5625 

nb-cfs
0.5294117647058824 0.6 0.5 0.4166666666666667 0.3939393939393939 0.5 0.6666666666666666 0.5714285714285714 0.48 0.5555555555555556 0.3 0.4666666666666667 0.47619047619047616 0.5555555555555556 0.46153846153846156 0.6470588235294118 0.6363636363636364 0.3684210526315789 0.3076923076923077 0.7222222222222222 0.6111111111111112 0.5 0.4090909090909091 0.45161290322580644 0.5714285714285714 

nb-dtf
0.5714285714285714 0.4583333333333333 0.36363636363636365 0.6428571428571429 0.2765957446808511 0.6666666666666666 0.6666666666666666 0.45454545454545453 0.3333333333333333 0.5 0.7 0.45454545454545453 0.4 0.4666666666666667 0.3076923076923077 0.5909090909090909 0.6428571428571429 0.4166666666666667 0.2 0.3170731707317073 0.5714285714285714 0.5 0.41379310344827586 0.6666666666666666 0.5 

nb-svmf
0.5294117647058824 0.46153846153846156 0.5238095238095238 0.39285714285714285 0.6666666666666666 0.3684210526315789 0.42105263157894735 0.4117647058823529 0.36363636363636365 0.37142857142857144 0.5 0.6 0.5 0.55 0.3142857142857143 0.47368421052631576 0.30952380952380953 0.35 0.5 0.5882352941176471 0.36363636363636365 0.2857142857142857 0.4444444444444444 0.5555555555555556 0.5714285714285714 

rf-def
0.15384615384615385 0.3076923076923077 0.25 0.23529411764705882 0.2777777777777778 0.16666666666666666 0.26666666666666666 0.25 0.1875 0.21428571428571427 0.0 0.13333333333333333 0.3157894736842105 0.09090909090909091 0.23076923076923078 0.1111111111111111 0.2 0.2857142857142857 0.2 0.3333333333333333 0.16666666666666666 0.0 0.24 0.3333333333333333 0.0 

rf-cfs
0.2857142857142857 0.38461538461538464 0.09090909090909091 0.1875 0.3333333333333333 0.3125 0.23529411764705882 0.16666666666666666 0.13333333333333333 0.3125 0.08333333333333333 0.14285714285714285 0.23529411764705882 0.2857142857142857 0.2857142857142857 0.3 0.36363636363636365 0.3 0.1111111111111111 0.3333333333333333 0.25 0.09090909090909091 0.28 0.5384615384615384 0.2 

rf-dtf
0.38461538461538464 0.875 0.15384615384615385 0.8 0.5 0.6470588235294118 0.7647058823529411 0.5714285714285714 0.7 0.42857142857142855 0.4 0.46153846153846156 0.7857142857142857 1.0 0.7272727272727273 0.9090909090909091 0.46153846153846156 0.4444444444444444 0.06666666666666667 0.7272727272727273 0.25 0.6666666666666666 0.55 0.8666666666666667 0.375 

rf-svmf
0.5 0.7692307692307693 0.16666666666666666 0.14285714285714285 0.4166666666666667 0.7142857142857143 0.375 0.4117647058823529 0.38461538461538464 0.25 0.5 0.6666666666666666 0.4117647058823529 0.6 0.5 0.6666666666666666 0.4 0.6153846153846154 0.5454545454545454 0.6363636363636364 0.75 0.5714285714285714 0.42857142857142855 0.5333333333333333 0.5714285714285714 

svm-def
0.0 0 0.0 0.0 0.0 0.0 0.0 0.0 0 0 0 0.0 0 0 0.0 0.0 0.0 0.0 0 0.0 0 0 0.0 0 0.0 

svm-cfs
0.0 0 0.0 0.0 0.0 0.0 0.0 0.0 0.0 0 0.0 0.0 0 0 0.0 0.0 0.0 0.0 0.0625 0.0 0 0 0.0 0 0.0 

svm-dtf
0.0 0 0.3333333333333333 0.0 0.3333333333333333 0.5 0.0 0.0 0 0 0 0.0 0.8 0 0.0 0.5 0.0 0.0 0.18181818181818182 0.8888888888888888 0.0 0 0.0 0 0.0 

svm-svmf
0.75 0.6666666666666666 0.14285714285714285 0.3333333333333333 0.6666666666666666 0.5833333333333334 0.875 0.7 0.75 0.5555555555555556 0.8571428571428571 0.7142857142857143 0.8 0.75 0.6363636363636364 0.8 0.2857142857142857 0.8 0.7 0.5 0.6 0.8333333333333334 0.6666666666666666 0.6666666666666666 0.5555555555555556 

