rand-def
0.5951711621179355 0.512641701709948 0.512641701709948 0.4373961885472526 0.4965652268696963 0.4738837741264473 0.5531929813463841 0.512641701709948 0.5531929813463841 0.6250484247418432 0.4373961885472526 0.512641701709948 0.4738837741264473 0.5531929813463841 0.4580683380843762 0.5951711621179355 0.5531929813463841 0.5531929813463841 0.4738837741264473 0.4965652268696963 0.4037948705197794 0.512641701709948 0.5951711621179355 0.5531929813463841 0.4965652268696963 

oner-def
0.20398352455177451 0.18088778123376797 0.23022081247934106 0.23022081247934106 0.24666515622786542 0.20288467111206124 0.21377646873081665 0.20398352455177451 0.24666515622786542 0.2196620108056491 0.19733212498229233 0.24877803638492046 0.21377646873081665 0.19733212498229233 0.2941372215712083 0.13974574936891168 0.16185036649122964 0.34533121871901157 0.31244253122196286 0.1644434374852436 0.1895535096505789 0.20288467111206124 0.3322480981888009 0.18088778123376797 0.19733212498229233 

cart-def
0.28474842539560874 0.08092518324561482 0.1895535096505789 0.09985266473243173 0.2248362035307459 0.15597007104285782 0.1250971619257595 0.3400724921570101 0.19970532946486347 0.218120924176483 0.08092518324561482 0.3192236390790792 0.2447084359327844 0.04992633236621587 0.31870319512264744 0.28474842539560874 0.24080968320944288 0.2699300053717852 0.3785549999504705 0.1723937200319669 0.2447084359327844 0.3444181771863902 0.19490844909195765 0.09985266473243173 0.20796652255228226 

cart-cfs
0.427122638093413 0.3444181771863902 0.2699300053717852 0.6888363543727803 0.32417146746519737 0.22991782836485739 0.29955799419729523 0.4785212986432401 0.6989686531270222 0.26558599593553955 0.7259763385482774 0.7298769686732658 0.4493369912959428 0.25552015075735673 0.4201377294972578 0.29039053541931104 0.47597151730259685 0.40512461535817895 0.7045560693461329 0.26096393096593967 0.38033665376097914 0.4739788710418418 0.6888363543727803 0.28474842539560874 0.26558599593553955 

cart-dtf
0.33161808553540534 0.08092518324561482 0.4550182898873002 0.09570425972864803 0.08293180010874827 0.1250971619257595 0.03288868749704872 0.18927749997523524 0.14237421269780437 0.21246879674843164 0.13646934005994038 0.24963166183107932 0.14519526770965552 0.04992633236621587 0.31400182440054125 0.20570845045487646 0.2447084359327844 0.15597007104285782 0.6989686531270222 0.3718203943097554 0.7088256118199149 0.2871127791859441 0.16358609669831603 0.1064078796930264 0.12054353858157298 

cart-svmf
0.33365047109327683 0.2128157593860528 0.7341253077983533 0.638964744688806 0.36706265389917664 0.20570845045487646 0.2699300053717852 0.3494843265635111 0.38598268517540135 0.31870319512264744 0.44419213437932065 0.29455120273560387 0.2699300053717852 0.19140851945729606 0.4249375934968633 0.3192236390790792 0.48161936641888575 0.22991782836485739 0.33647518771820756 0.35962016498121196 0.2128157593860528 0.427122638093413 0.33647518771820756 0.24963166183107932 0.26558599593553955 

nb-def
0.250194323851519 0.44419213437932065 0.2186980942736263 0.2612966608191369 0.27117654015472603 0.22092071242918243 0.2047040100899106 0.2168908576495635 0.4750793392508433 0.32049255491213624 0.26230890411920355 0.3686875818641741 0.256320850854974 0.2783150863723448 0.361630615744719 0.30536929384707623 0.4785212986432401 0.35454249192870785 0.27949149873782336 0.17202518577268414 0.22991782836485739 0.2873972854560717 0.31048229394358834 0.2047040100899106 0.2775354316636771 

nb-cfs
0.31194014208571563 0.4293328115356595 0.2873972854560717 0.4852552192886586 0.33274253851291113 0.3192236390790792 0.33647518771820756 0.2047040100899106 0.256320850854974 0.24108707716314595 0.5772784472199374 0.39941065892972694 0.29711268056956275 0.2699300053717852 0.25140744645157387 0.2128157593860528 0.13974574936891168 0.4256315187721056 0.5392519083283609 0.09649575866924966 0.22092071242918243 0.3192236390790792 0.35454249192870785 0.28350057101105797 0.5074798407702549 

nb-dtf
0.3444181771863902 0.28505426525237854 0.5311678590742768 0.29455120273560387 0.5613843839773761 0.5195869077008843 0.6130464680567658 0.3074012412232302 0.5742255583718882 0.4159330451045645 0.38033665376097914 0.48161936641888575 0.32804714141043945 0.39941065892972694 0.4553434608673599 0.17547826257339996 0.29455120273560387 0.4852552192886586 0.6632361710708107 0.46320353021404637 0.520886395350047 0.4785212986432401 0.3132895650055611 0.5195869077008843 0.5093414413509277 

nb-svmf
0.31194014208571563 0.27018812427389904 0.250194323851519 0.33720306507641545 0.5061459340759392 0.3974696119482977 0.3763100826294246 0.3322480981888009 0.5311678590742768 0.3652842427574248 0.2612966608191369 0.5666406848835324 0.24277554973684448 0.2397066692907099 0.42275176389174 0.32717219339663206 0.4861163605955878 0.43350040461946515 0.6137077654069842 0.23252254117670876 0.5311678590742768 0.4738837741264473 0.5250231422726808 0.47597151730259685 0.31870319512264744 

rf-def
0.638964744688806 0.5392519083283609 0.5548232659495417 0.5608825790411989 0.5023276138579705 0.6345054764834728 0.5491896560283744 0.5847253472758729 0.604731658327078 0.584289191058187 0.7298769686732658 0.6490423207608063 0.4750793392508433 0.6801449843140202 0.5794092798011767 0.6729503754364151 0.6267872109416496 0.4907582900949481 0.5814769968508768 0.4833986938265222 0.6345054764834728 0.7259763385482774 0.5268968924907294 0.5742255583718882 0.7192403299624239 

rf-cfs
0.5439949751797823 0.4894168718655688 0.6801449843140202 0.604731658327078 0.4496724070614918 0.5049184207591337 0.5608825790411989 0.6345054764834728 0.6490423207608063 0.4892372046981913 0.684306908452071 0.6438132672643385 0.5608825790411989 0.5439949751797823 0.5311719918710791 0.5772784472199374 0.5311678590742768 0.48270241608950737 0.6669199086347486 0.4833986938265222 0.5847253472758729 0.6801449843140202 0.4794133385814198 0.3898168981839153 0.6202044751692514 

rf-dtf
0.4894168718655688 0.057479457091214346 0.638964744688806 0.14977899709864761 0.29271016714656806 0.2128157593860528 0.11495891418242869 0.3444181771863902 0.38033665376097914 0.4249375934968633 0.4493369912959428 0.4396025541607578 0.19490844909195765 0.2357022603955158 0.3070349860614491 0.2362752039399716 0.4396025541607578 0.3686875818641741 0.6989686531270222 0.3070349860614491 0.6618076031048844 0.33647518771820756 0.2397066692907099 0.09985266473243173 0.5616350064060697 

rf-svmf
0.5678324999257058 0.24080968320944288 0.6345054764834728 0.6438132672643385 0.46891689955245425 0.2447084359327844 0.4550182898873002 0.4114169009097529 0.4894168718655688 0.5749584342669001 0.4355858031289665 0.427122638093413 0.4114169009097529 0.4293328115356595 0.3303685622730074 0.427122638093413 0.5278483501692466 0.3400724921570101 0.432157854299781 0.35962016498121196 0.2871127791859441 0.520886395350047 0.44419213437932065 0.3494843265635111 0.5074798407702549 

svm-def
0.7072979686393279 0.7071067811865475 0.7072979686393279 0.7072979686393279 0.7072979686393279 0.7072979686393279 0.7072979686393279 0.7072979686393279 0.7071067811865475 0.7071067811865475 0.7071067811865475 0.7072979686393279 0.7071067811865475 0.7071067811865475 0.7078712211732291 0.7072979686393279 0.7072979686393279 0.7072979686393279 0.7071067811865475 0.7072979686393279 0.7071067811865475 0.7071067811865475 0.7072979686393279 0.7071067811865475 0.7078712211732291 

svm-cfs
0.7072979686393279 0.7071067811865475 0.7072979686393279 0.7298769686732658 0.7072979686393279 0.7072979686393279 0.7072979686393279 0.7072979686393279 0.7341253077983533 0.7071067811865475 0.7259763385482774 0.7298769686732658 0.7071067811865475 0.7071067811865475 0.7078712211732291 0.7072979686393279 0.7072979686393279 0.7072979686393279 0.7045560693461329 0.7072979686393279 0.7071067811865475 0.7071067811865475 0.7298769686732658 0.7071067811865475 0.7078712211732291 

svm-dtf
0.7072979686393279 0.7071067811865475 0.6607853065261319 0.7072979686393279 0.657422326016443 0.6601711687107179 0.7072979686393279 0.7072979686393279 0.7071067811865475 0.7071067811865475 0.7071067811865475 0.7072979686393279 0.5188056527546789 0.7071067811865475 0.7078712211732291 0.6601711687107179 0.7072979686393279 0.7072979686393279 0.6304437225497972 0.3034915997769908 0.7088256118199149 0.7071067811865475 0.7072979686393279 0.7071067811865475 0.7078712211732291 

svm-svmf
0.5659243910994821 0.5195869077008843 0.6673009421865537 0.6163458595761552 0.5061459340759392 0.38598268517540135 0.37748197130928235 0.38033665376097914 0.4255369146916381 0.45930307654351565 0.42458263794144907 0.4725504078799432 0.33161808553540534 0.4255369146916381 0.35962016498121196 0.5188056527546789 0.6183170437474179 0.33161808553540534 0.38033665376097914 0.5093414413509277 0.4293328115356595 0.4716912535372495 0.6130464680567658 0.6130464680567658 0.45930307654351565 

