rand-def
0.6511627906976745 0.6046511627906976 0.6046511627906976 0.5581395348837209 0.6046511627906976 0.5813953488372093 0.627906976744186 0.6046511627906976 0.627906976744186 0.6744186046511628 0.5581395348837209 0.6046511627906976 0.5813953488372093 0.627906976744186 0.5813953488372093 0.6511627906976745 0.627906976744186 0.627906976744186 0.5813953488372093 0.6046511627906976 0.5348837209302325 0.6046511627906976 0.6511627906976745 0.627906976744186 0.6046511627906976 

oner-def
0.2558139534883721 0.2558139534883721 0.32558139534883723 0.32558139534883723 0.3488372093023256 0.27906976744186046 0.3023255813953488 0.2558139534883721 0.3488372093023256 0.3023255813953488 0.27906976744186046 0.32558139534883723 0.3023255813953488 0.27906976744186046 0.3023255813953488 0.18604651162790697 0.18604651162790697 0.4883720930232558 0.4418604651162791 0.23255813953488372 0.23255813953488372 0.27906976744186046 0.46511627906976744 0.2558139534883721 0.27906976744186046 

cart-def
0.046511627906976744 0.09302325581395349 0.23255813953488372 0.046511627906976744 0.13953488372093023 0.09302325581395349 0.11627906976744186 0.11627906976744186 0.09302325581395349 0.11627906976744186 0.09302325581395349 0.20930232558139536 0.09302325581395349 0.023255813953488372 0.13953488372093023 0.046511627906976744 0.06976744186046512 0.18604651162790697 0.046511627906976744 0.11627906976744186 0.09302325581395349 0.13953488372093023 0.06976744186046512 0.046511627906976744 0.06976744186046512 

cart-cfs
0.06976744186046512 0.13953488372093023 0.18604651162790697 0.27906976744186046 0.16279069767441862 0.18604651162790697 0.13953488372093023 0.11627906976744186 0.32558139534883723 0.11627906976744186 0.23255813953488372 0.2558139534883721 0.20930232558139536 0.13953488372093023 0.16279069767441862 0.09302325581395349 0.09302325581395349 0.20930232558139536 0.3488372093023256 0.09302325581395349 0.06976744186046512 0.06976744186046512 0.27906976744186046 0.046511627906976744 0.11627906976744186 

cart-dtf
0.046511627906976744 0.09302325581395349 0.23255813953488372 0.023255813953488372 0.09302325581395349 0.11627906976744186 0.046511627906976744 0.023255813953488372 0.023255813953488372 0.09302325581395349 0.13953488372093023 0.11627906976744186 0.046511627906976744 0.023255813953488372 0.11627906976744186 0.11627906976744186 0.09302325581395349 0.09302325581395349 0.32558139534883723 0.16279069767441862 0.06976744186046512 0.06976744186046512 0.11627906976744186 0.06976744186046512 0.09302325581395349 

cart-svmf
0.06976744186046512 0.13953488372093023 0.27906976744186046 0.2558139534883721 0.13953488372093023 0.11627906976744186 0.18604651162790697 0.16279069767441862 0.11627906976744186 0.13953488372093023 0.18604651162790697 0.11627906976744186 0.18604651162790697 0.046511627906976744 0.18604651162790697 0.20930232558139536 0.13953488372093023 0.18604651162790697 0.09302325581395349 0.09302325581395349 0.13953488372093023 0.06976744186046512 0.09302325581395349 0.11627906976744186 0.11627906976744186 

nb-def
0.23255813953488372 0.18604651162790697 0.27906976744186046 0.2558139534883721 0.2558139534883721 0.16279069767441862 0.20930232558139536 0.23255813953488372 0.3023255813953488 0.27906976744186046 0.16279069767441862 0.23255813953488372 0.3023255813953488 0.20930232558139536 0.27906976744186046 0.16279069767441862 0.11627906976744186 0.3023255813953488 0.37209302325581395 0.23255813953488372 0.18604651162790697 0.23255813953488372 0.3488372093023256 0.20930232558139536 0.16279069767441862 

nb-cfs
0.18604651162790697 0.09302325581395349 0.23255813953488372 0.16279069767441862 0.46511627906976744 0.20930232558139536 0.09302325581395349 0.20930232558139536 0.3023255813953488 0.18604651162790697 0.16279069767441862 0.18604651162790697 0.2558139534883721 0.18604651162790697 0.32558139534883723 0.13953488372093023 0.18604651162790697 0.27906976744186046 0.20930232558139536 0.11627906976744186 0.16279069767441862 0.20930232558139536 0.3023255813953488 0.3953488372093023 0.06976744186046512 

nb-dtf
0.13953488372093023 0.3023255813953488 0.16279069767441862 0.11627906976744186 0.7906976744186046 0.046511627906976744 0.023255813953488372 0.27906976744186046 0.13953488372093023 0.13953488372093023 0.06976744186046512 0.13953488372093023 0.4186046511627907 0.18604651162790697 0.627906976744186 0.20930232558139536 0.11627906976744186 0.16279069767441862 0.09302325581395349 0.6511627906976745 0.06976744186046512 0.11627906976744186 0.3953488372093023 0.046511627906976744 0.09302325581395349 

nb-svmf
0.18604651162790697 0.32558139534883723 0.23255813953488372 0.3953488372093023 0.046511627906976744 0.5581395348837209 0.2558139534883721 0.46511627906976744 0.16279069767441862 0.5116279069767442 0.2558139534883721 0.046511627906976744 0.27906976744186046 0.20930232558139536 0.5581395348837209 0.23255813953488372 0.6744186046511628 0.3023255813953488 0.046511627906976744 0.16279069767441862 0.16279069767441862 0.5813953488372093 0.11627906976744186 0.09302325581395349 0.13953488372093023 

rf-def
0.2558139534883721 0.20930232558139536 0.27906976744186046 0.3023255813953488 0.3023255813953488 0.23255813953488372 0.2558139534883721 0.20930232558139536 0.3023255813953488 0.2558139534883721 0.2558139534883721 0.3023255813953488 0.3023255813953488 0.23255813953488372 0.23255813953488372 0.18604651162790697 0.18604651162790697 0.3488372093023256 0.37209302325581395 0.23255813953488372 0.23255813953488372 0.23255813953488372 0.4418604651162791 0.13953488372093023 0.18604651162790697 

rf-cfs
0.23255813953488372 0.18604651162790697 0.23255813953488372 0.3023255813953488 0.27906976744186046 0.2558139534883721 0.3023255813953488 0.23255813953488372 0.3023255813953488 0.2558139534883721 0.2558139534883721 0.27906976744186046 0.3023255813953488 0.23255813953488372 0.23255813953488372 0.16279069767441862 0.16279069767441862 0.32558139534883723 0.37209302325581395 0.23255813953488372 0.20930232558139536 0.23255813953488372 0.4186046511627907 0.13953488372093023 0.18604651162790697 

rf-dtf
0.18604651162790697 0.046511627906976744 0.2558139534883721 0.06976744186046512 0.20930232558139536 0.13953488372093023 0.09302325581395349 0.13953488372093023 0.06976744186046512 0.18604651162790697 0.20930232558139536 0.16279069767441862 0.06976744186046512 0.0 0.06976744186046512 0.023255813953488372 0.16279069767441862 0.23255813953488372 0.32558139534883723 0.06976744186046512 0.06976744186046512 0.09302325581395349 0.20930232558139536 0.046511627906976744 0.11627906976744186 

rf-svmf
0.06976744186046512 0.06976744186046512 0.23255813953488372 0.27906976744186046 0.16279069767441862 0.09302325581395349 0.23255813953488372 0.23255813953488372 0.18604651162790697 0.20930232558139536 0.13953488372093023 0.06976744186046512 0.23255813953488372 0.09302325581395349 0.18604651162790697 0.06976744186046512 0.13953488372093023 0.11627906976744186 0.11627906976744186 0.09302325581395349 0.06976744186046512 0.06976744186046512 0.18604651162790697 0.16279069767441862 0.06976744186046512 

svm-def
0.023255813953488372 0.0 0.023255813953488372 0.023255813953488372 0.023255813953488372 0.023255813953488372 0.023255813953488372 0.023255813953488372 0.0 0.0 0.0 0.023255813953488372 0.0 0.0 0.046511627906976744 0.023255813953488372 0.023255813953488372 0.023255813953488372 0.0 0.023255813953488372 0.0 0.0 0.023255813953488372 0.0 0.046511627906976744 

svm-cfs
0.023255813953488372 0.0 0.023255813953488372 0.2558139534883721 0.023255813953488372 0.023255813953488372 0.023255813953488372 0.023255813953488372 0.27906976744186046 0.0 0.23255813953488372 0.2558139534883721 0.0 0.0 0.046511627906976744 0.023255813953488372 0.023255813953488372 0.023255813953488372 0.3488372093023256 0.023255813953488372 0.0 0.0 0.2558139534883721 0.0 0.046511627906976744 

svm-dtf
0.023255813953488372 0.0 0.046511627906976744 0.023255813953488372 0.046511627906976744 0.023255813953488372 0.023255813953488372 0.023255813953488372 0.0 0.0 0.0 0.023255813953488372 0.023255813953488372 0.0 0.046511627906976744 0.023255813953488372 0.023255813953488372 0.023255813953488372 0.20930232558139536 0.023255813953488372 0.06976744186046512 0.0 0.023255813953488372 0.0 0.046511627906976744 

svm-svmf
0.023255813953488372 0.046511627906976744 0.13953488372093023 0.09302325581395349 0.046511627906976744 0.11627906976744186 0.023255813953488372 0.06976744186046512 0.046511627906976744 0.09302325581395349 0.023255813953488372 0.046511627906976744 0.046511627906976744 0.046511627906976744 0.09302325581395349 0.023255813953488372 0.11627906976744186 0.046511627906976744 0.06976744186046512 0.09302325581395349 0.09302325581395349 0.023255813953488372 0.023255813953488372 0.023255813953488372 0.09302325581395349 

