rand-def
0.3488372093023256 0.3953488372093023 0.3953488372093023 0.4418604651162791 0.3953488372093023 0.4186046511627907 0.37209302325581395 0.3953488372093023 0.37209302325581395 0.32558139534883723 0.4418604651162791 0.3953488372093023 0.4186046511627907 0.37209302325581395 0.4186046511627907 0.3488372093023256 0.37209302325581395 0.37209302325581395 0.4186046511627907 0.3953488372093023 0.46511627906976744 0.3953488372093023 0.3488372093023256 0.37209302325581395 0.3953488372093023 

oner-def
0.7441860465116279 0.7441860465116279 0.6744186046511628 0.6744186046511628 0.6511627906976745 0.7209302325581395 0.6976744186046512 0.7441860465116279 0.6511627906976745 0.6976744186046512 0.7209302325581395 0.6744186046511628 0.6976744186046512 0.7209302325581395 0.6976744186046512 0.813953488372093 0.813953488372093 0.5116279069767442 0.5581395348837209 0.7674418604651163 0.7674418604651163 0.7209302325581395 0.5348837209302325 0.7441860465116279 0.7209302325581395 

cart-def
0.9534883720930233 0.9069767441860465 0.7674418604651163 0.9534883720930233 0.8604651162790697 0.9069767441860465 0.8837209302325582 0.8837209302325582 0.9069767441860465 0.8837209302325582 0.9069767441860465 0.7906976744186046 0.9069767441860465 0.9767441860465116 0.8604651162790697 0.9534883720930233 0.9302325581395349 0.813953488372093 0.9534883720930233 0.8837209302325582 0.9069767441860465 0.8604651162790697 0.9302325581395349 0.9534883720930233 0.9302325581395349 

cart-cfs
0.9302325581395349 0.8604651162790697 0.813953488372093 0.7209302325581395 0.8372093023255814 0.813953488372093 0.8604651162790697 0.8837209302325582 0.6744186046511628 0.8837209302325582 0.7674418604651163 0.7441860465116279 0.7906976744186046 0.8604651162790697 0.8372093023255814 0.9069767441860465 0.9069767441860465 0.7906976744186046 0.6511627906976745 0.9069767441860465 0.9302325581395349 0.9302325581395349 0.7209302325581395 0.9534883720930233 0.8837209302325582 

cart-dtf
0.9534883720930233 0.9069767441860465 0.7674418604651163 0.9767441860465116 0.9069767441860465 0.8837209302325582 0.9534883720930233 0.9767441860465116 0.9767441860465116 0.9069767441860465 0.8604651162790697 0.8837209302325582 0.9534883720930233 0.9767441860465116 0.8837209302325582 0.8837209302325582 0.9069767441860465 0.9069767441860465 0.6744186046511628 0.8372093023255814 0.9302325581395349 0.9302325581395349 0.8837209302325582 0.9302325581395349 0.9069767441860465 

cart-svmf
0.9302325581395349 0.8604651162790697 0.7209302325581395 0.7441860465116279 0.8604651162790697 0.8837209302325582 0.813953488372093 0.8372093023255814 0.8837209302325582 0.8604651162790697 0.813953488372093 0.8837209302325582 0.813953488372093 0.9534883720930233 0.813953488372093 0.7906976744186046 0.8604651162790697 0.813953488372093 0.9069767441860465 0.9069767441860465 0.8604651162790697 0.9302325581395349 0.9069767441860465 0.8837209302325582 0.8837209302325582 

nb-def
0.7674418604651163 0.813953488372093 0.7209302325581395 0.7441860465116279 0.7441860465116279 0.8372093023255814 0.7906976744186046 0.7674418604651163 0.6976744186046512 0.7209302325581395 0.8372093023255814 0.7674418604651163 0.6976744186046512 0.7906976744186046 0.7209302325581395 0.8372093023255814 0.8837209302325582 0.6976744186046512 0.627906976744186 0.7674418604651163 0.813953488372093 0.7674418604651163 0.6511627906976745 0.7906976744186046 0.8372093023255814 

nb-cfs
0.813953488372093 0.9069767441860465 0.7674418604651163 0.8372093023255814 0.5348837209302325 0.7906976744186046 0.9069767441860465 0.7906976744186046 0.6976744186046512 0.813953488372093 0.8372093023255814 0.813953488372093 0.7441860465116279 0.813953488372093 0.6744186046511628 0.8604651162790697 0.813953488372093 0.7209302325581395 0.7906976744186046 0.8837209302325582 0.8372093023255814 0.7906976744186046 0.6976744186046512 0.6046511627906976 0.9302325581395349 

nb-dtf
0.8604651162790697 0.6976744186046512 0.8372093023255814 0.8837209302325582 0.20930232558139536 0.9534883720930233 0.9767441860465116 0.7209302325581395 0.8604651162790697 0.8604651162790697 0.9302325581395349 0.8604651162790697 0.5813953488372093 0.813953488372093 0.37209302325581395 0.7906976744186046 0.8837209302325582 0.8372093023255814 0.9069767441860465 0.3488372093023256 0.9302325581395349 0.8837209302325582 0.6046511627906976 0.9534883720930233 0.9069767441860465 

nb-svmf
0.813953488372093 0.6744186046511628 0.7674418604651163 0.6046511627906976 0.9534883720930233 0.4418604651162791 0.7441860465116279 0.5348837209302325 0.8372093023255814 0.4883720930232558 0.7441860465116279 0.9534883720930233 0.7209302325581395 0.7906976744186046 0.4418604651162791 0.7674418604651163 0.32558139534883723 0.6976744186046512 0.9534883720930233 0.8372093023255814 0.8372093023255814 0.4186046511627907 0.8837209302325582 0.9069767441860465 0.8604651162790697 

rf-def
0.7441860465116279 0.7906976744186046 0.7209302325581395 0.6976744186046512 0.6976744186046512 0.7674418604651163 0.7441860465116279 0.7906976744186046 0.6976744186046512 0.7441860465116279 0.7441860465116279 0.6976744186046512 0.6976744186046512 0.7674418604651163 0.7674418604651163 0.813953488372093 0.813953488372093 0.6511627906976745 0.627906976744186 0.7674418604651163 0.7674418604651163 0.7674418604651163 0.5581395348837209 0.8604651162790697 0.813953488372093 

rf-cfs
0.7674418604651163 0.813953488372093 0.7674418604651163 0.6976744186046512 0.7209302325581395 0.7441860465116279 0.6976744186046512 0.7674418604651163 0.6976744186046512 0.7441860465116279 0.7441860465116279 0.7209302325581395 0.6976744186046512 0.7674418604651163 0.7674418604651163 0.8372093023255814 0.8372093023255814 0.6744186046511628 0.627906976744186 0.7674418604651163 0.7906976744186046 0.7674418604651163 0.5813953488372093 0.8604651162790697 0.813953488372093 

rf-dtf
0.813953488372093 0.9534883720930233 0.7441860465116279 0.9302325581395349 0.7906976744186046 0.8604651162790697 0.9069767441860465 0.8604651162790697 0.9302325581395349 0.813953488372093 0.7906976744186046 0.8372093023255814 0.9302325581395349 1.0 0.9302325581395349 0.9767441860465116 0.8372093023255814 0.7674418604651163 0.6744186046511628 0.9302325581395349 0.9302325581395349 0.9069767441860465 0.7906976744186046 0.9534883720930233 0.8837209302325582 

rf-svmf
0.9302325581395349 0.9302325581395349 0.7674418604651163 0.7209302325581395 0.8372093023255814 0.9069767441860465 0.7674418604651163 0.7674418604651163 0.813953488372093 0.7906976744186046 0.8604651162790697 0.9302325581395349 0.7674418604651163 0.9069767441860465 0.813953488372093 0.9302325581395349 0.8604651162790697 0.8837209302325582 0.8837209302325582 0.9069767441860465 0.9302325581395349 0.9302325581395349 0.813953488372093 0.8372093023255814 0.9302325581395349 

svm-def
0.9767441860465116 1.0 0.9767441860465116 0.9767441860465116 0.9767441860465116 0.9767441860465116 0.9767441860465116 0.9767441860465116 1.0 1.0 1.0 0.9767441860465116 1.0 1.0 0.9534883720930233 0.9767441860465116 0.9767441860465116 0.9767441860465116 1.0 0.9767441860465116 1.0 1.0 0.9767441860465116 1.0 0.9534883720930233 

svm-cfs
0.9767441860465116 1.0 0.9767441860465116 0.7441860465116279 0.9767441860465116 0.9767441860465116 0.9767441860465116 0.9767441860465116 0.7209302325581395 1.0 0.7674418604651163 0.7441860465116279 1.0 1.0 0.9534883720930233 0.9767441860465116 0.9767441860465116 0.9767441860465116 0.6511627906976745 0.9767441860465116 1.0 1.0 0.7441860465116279 1.0 0.9534883720930233 

svm-dtf
0.9767441860465116 1.0 0.9534883720930233 0.9767441860465116 0.9534883720930233 0.9767441860465116 0.9767441860465116 0.9767441860465116 1.0 1.0 1.0 0.9767441860465116 0.9767441860465116 1.0 0.9534883720930233 0.9767441860465116 0.9767441860465116 0.9767441860465116 0.7906976744186046 0.9767441860465116 0.9302325581395349 1.0 0.9767441860465116 1.0 0.9534883720930233 

svm-svmf
0.9767441860465116 0.9534883720930233 0.8604651162790697 0.9069767441860465 0.9534883720930233 0.8837209302325582 0.9767441860465116 0.9302325581395349 0.9534883720930233 0.9069767441860465 0.9767441860465116 0.9534883720930233 0.9534883720930233 0.9534883720930233 0.9069767441860465 0.9767441860465116 0.8837209302325582 0.9534883720930233 0.9302325581395349 0.9069767441860465 0.9069767441860465 0.9767441860465116 0.9767441860465116 0.9767441860465116 0.9069767441860465 

