rand-def
-0.18449612403100768 -0.0046511627906977715 -0.0046511627906977715 0.17519379844961236 0.038205980066445155 0.0852713178294573 -0.09457364341085273 -0.0046511627906977715 -0.09457364341085273 -0.24584717607973428 0.17519379844961236 -0.0046511627906977715 0.0852713178294573 -0.09457364341085273 0.13289036544850497 -0.18449612403100768 -0.09457364341085273 -0.09457364341085273 0.0852713178294573 0.038205980066445155 0.2651162790697674 -0.0046511627906977715 -0.18449612403100768 -0.09457364341085273 0.038205980066445155 

oner-def
0.6108527131782946 0.7441860465116279 0.6744186046511627 0.6744186046511627 0.6511627906976745 0.6542635658914728 0.6976744186046511 0.6108527131782946 0.6511627906976745 0.6262458471760799 0.7209302325581395 0.5410852713178294 0.6976744186046511 0.7209302325581395 0.4119601328903655 0.7472868217054263 0.6806201550387598 0.5116279069767442 0.558139534883721 0.7674418604651163 0.634108527131783 0.6542635658914728 0.46821705426356575 0.7441860465116279 0.7209302325581395 

oner-cfs
0.6108527131782946 0.7441860465116279 0.6744186046511627 0.6310077519379846 0.5797342192691031 0.6108527131782946 0.6310077519379846 0.6108527131782946 0.5844961240310078 0.6262458471760799 0.6542635658914728 0.5410852713178294 0.6077519379844962 0.5612403100775194 0.6029900332225915 0.7472868217054263 0.6806201550387598 0.47131782945736433 0.558139534883721 0.7674418604651163 0.634108527131783 0.6542635658914728 0.42480620155038773 0.6976744186046511 0.6013289036544851 

oner-dtf
0.6108527131782946 0.7674418604651163 0.627906976744186 0.6744186046511627 0.5797342192691031 0.6542635658914728 0.6976744186046511 0.6775193798449612 0.6077519379844962 0.6262458471760799 0.7209302325581395 0.6744186046511627 0.6511627906976745 0.7209302325581395 0.4119601328903655 0.6542635658914728 0.6806201550387598 0.6046511627906976 0.1441860465116278 0.0 0.10697674418604652 0.6542635658914728 0.5348837209302326 0.7007751937984497 0.6013289036544851 

oner-svmf
0.0 0.0 0.0 0.0 -0.046511627906976716 0.0 0.0 -0.09302325581395354 0.27441860465116275 0.0 0.0 0.0 0.0 0.0 0.0 0.0 0.04031007751937987 0.4108527131782944 0.0 0.0 0.0 0.3038759689922481 0.32093023255813957 0.17364341085271318 0.0 

cart-def
0.5534883720930233 0.8403100775193799 0.634108527131783 0.8201550387596899 0.5747508305647839 0.7069767441860466 0.7503875968992249 0.4170542635658916 0.6403100775193797 0.5980066445182723 0.8403100775193799 0.3906976744186046 0.5736434108527131 0.9100775193798449 0.43189368770764114 0.5534883720930233 0.5968992248062015 0.48062015503875966 0.42015503875968996 0.669435215946844 0.5736434108527131 0.3937984496124032 0.6635658914728682 0.8201550387596899 0.6445182724252492 

cart-cfs
0.3302325581395349 0.3937984496124032 0.48062015503875966 -0.21240310077519386 0.4086378737541527 0.5472868217054263 0.4604651162790696 0.21705426356589141 -0.2589147286821706 0.5265780730897012 -0.2325581395348837 -0.2558139534883721 0.19069767441860463 0.5271317829457365 0.26578073089700993 0.5069767441860464 0.24031007751937983 0.2573643410852713 -0.2821705426356589 0.5498338870431894 0.39689922480620154 0.26356589147286824 -0.21240310077519386 0.5534883720930233 0.5265780730897012 

cart-dtf
0.4868217054263566 0.8403100775193799 0.16744186046511622 0.8434108527131783 0.8355481727574752 0.7503875968992249 0.9534883720930232 0.710077519379845 0.7767441860465116 0.6212624584717608 0.7271317829457364 0.5503875968992249 0.7534883720930234 0.9100775193798449 0.45514950166112955 0.6170542635658913 0.5736434108527131 0.7069767441860466 -0.2589147286821706 0.33720930232558155 -0.06976744186046513 0.5302325581395348 0.6837209302325582 0.7968992248062015 0.7641196013289036 

cart-svmf
0.4635658914728682 0.5937984496124029 -0.2790697674418605 -0.1224806201550388 0.36046511627906974 0.6170542635658913 0.48062015503875966 0.37054263565891477 0.3503875968992247 0.43189368770764114 0.21395348837209305 0.483720930232558 0.48062015503875966 0.6868217054263566 0.24252491694352152 0.3906976744186046 0.193798449612403 0.5472868217054263 0.4403100775193798 0.40697674418604635 0.5937984496124029 0.3302325581395349 0.4403100775193798 0.5503875968992249 0.5265780730897012 

nb-def
0.5007751937984497 0.21395348837209305 0.5875968992248062 0.4775193798449613 0.4584717607973423 0.5705426356589147 0.5906976744186045 0.5674418604651164 0.0976744186046512 0.3637873754152823 0.5038759689922481 0.3007751937984495 0.49767441860465134 0.45736434108527124 0.2923588039867109 0.4372093023255814 0.21705426356589141 0.29767441860465116 0.49457364341085275 0.6960132890365449 0.5472868217054263 0.43410852713178283 0.38449612403100764 0.5906976744186045 0.48006644518272434 

nb-cfs
0.413953488372093 0.3069767441860465 0.43410852713178283 0.1705426356589148 0.463455149501661 0.3906976744186046 0.4403100775193798 0.5906976744186045 0.49767441860465134 0.5282392026578073 0.037209302325581506 0.2806201550387597 0.4108527131782944 0.48062015503875966 0.5315614617940199 0.5937984496124029 0.7472868217054263 0.18759689922480627 0.05736434108527133 0.8122923588039868 0.5705426356589147 0.3906976744186046 0.29767441860465116 0.537984496124031 0.21594684385382057 

nb-dtf
0.3937984496124032 0.43100775193798446 0.10387596899224816 0.483720930232558 0.13787375415282388 0.22015503875969 0.11007751937984489 0.387596899224806 0.0604651162790697 0.28903654485049834 0.39689922480620154 0.193798449612403 0.38139534883720927 0.2806201550387597 0.22923588039867093 0.6573643410852714 0.483720930232558 0.1705426356589148 -0.02635658914728689 0.27740863787375414 0.1968992248062016 0.21705426356589141 0.4046511627906977 0.22015503875969 0.19269102990033216 

nb-svmf
0.413953488372093 0.4744186046511629 0.5007751937984497 0.3379844961240308 0.23920265780730898 0.37519379844961254 0.2775193798449611 0.46821705426356575 0.10387596899224816 0.4169435215946844 0.4775193798449613 0.15348837209302335 0.5209302325581395 0.5240310077519379 0.22757475083056478 0.3674418604651164 0.19224806201550404 0.16434108527131785 0.0868217054263567 0.5514950166112957 0.10387596899224816 0.0852713178294573 0.15038759689922476 0.24031007751937983 0.43189368770764114 

rf-def
-0.1224806201550388 0.05736434108527133 -0.01240310077519391 -0.0356589147286821 0.054817275747508276 -0.09922480620155039 0.010852713178294504 -0.009302325581395321 -0.10232558139534875 -0.0415282392026578 -0.2558139534883721 -0.16899224806201552 0.0976744186046512 -0.16589147286821704 -0.01827242524916939 -0.11937984496124032 -0.05271317829457367 0.0511627906976746 -0.10542635658914734 0.12458471760797352 -0.09922480620155039 -0.2325581395348837 -0.041860465116279055 0.0604651162790697 -0.18604651162790697 

rf-cfs
0.03410852713178292 0.1472868217054264 -0.16589147286821704 -0.10232558139534875 0.1495016611295681 0.07751937984496116 -0.0356589147286821 -0.09922480620155039 -0.16899224806201552 0.1013289036544851 -0.18914728682170545 -0.1457364341085272 -0.0356589147286821 0.03410852713178292 0.0531561461794019 0.037209302325581506 0.10387596899224816 0.07441860465116279 -0.23875968992248064 0.12458471760797352 -0.009302325581395321 -0.16589147286821704 0.04806201550387601 0.3271317829457363 -0.04318936877076407 

rf-dtf
0.1472868217054264 0.8868217054263567 -0.1224806201550388 0.730232558139535 0.4335548172757475 0.5937984496124029 0.773643410852713 0.3937984496124032 0.39689922480620154 0.24252491694352152 0.19069767441860463 0.23720930232558146 0.6635658914728682 0.6666666666666665 0.5016611295681064 0.6434108527131781 0.23720930232558146 0.3007751937984495 -0.2589147286821706 0.5016611295681064 -0.0031007751937984773 0.4403100775193798 0.5240310077519379 0.8201550387596899 0.09800664451827235 

rf-svmf
0.13023255813953494 0.5968992248062015 -0.09922480620155039 -0.1457364341085272 0.19435215946843853 0.5736434108527131 0.16744186046511622 0.2341085271317831 0.1472868217054264 0.004983388704318914 0.2604651162790699 0.3302325581395349 0.2341085271317831 0.3069767441860465 0.3853820598006643 0.3302325581395349 0.12713178294573635 0.4170542635658916 0.2837209302325583 0.40697674418604635 0.5302325581395348 0.1968992248062016 0.21395348837209305 0.37054263565891477 0.21594684385382057 

svm-def
-0.023255813953488413 0.0 -0.023255813953488413 -0.023255813953488413 -0.023255813953488413 -0.023255813953488413 -0.023255813953488413 -0.023255813953488413 0.0 0.0 0.0 -0.023255813953488413 0.0 0.0 -0.046511627906976716 -0.023255813953488413 -0.023255813953488413 -0.023255813953488413 0.0 -0.023255813953488413 0.0 0.0 -0.023255813953488413 0.0 -0.046511627906976716 

svm-cfs
-0.023255813953488413 0.0 -0.023255813953488413 -0.2558139534883721 -0.023255813953488413 -0.023255813953488413 -0.023255813953488413 -0.023255813953488413 -0.2790697674418605 0.0 -0.2325581395348837 -0.2558139534883721 0.0 0.0 -0.046511627906976716 -0.023255813953488413 -0.023255813953488413 -0.023255813953488413 -0.2821705426356589 -0.023255813953488413 0.0 0.0 -0.2558139534883721 0.0 -0.046511627906976716 

svm-dtf
-0.023255813953488413 0.0 0.020155038759690047 -0.023255813953488413 0.024916943521594792 0.04341085271317824 -0.023255813953488413 -0.023255813953488413 0.0 0.0 0.0 -0.023255813953488413 0.2434108527131782 0.0 -0.046511627906976716 0.04341085271317824 -0.023255813953488413 -0.023255813953488413 -0.07596899224806208 0.548172757475083 -0.06976744186046513 0.0 -0.023255813953488413 0.0 -0.046511627906976716 

svm-svmf
0.17674418604651154 0.22015503875969 -0.0728682170542636 0.04031007751937987 0.23920265780730898 0.3503875968992247 0.44341085271317837 0.39689922480620154 0.3534883720930233 0.26411960132890355 0.3767441860465115 0.28682170542635665 0.4868217054263566 0.3534883720930233 0.40697674418604635 0.2434108527131782 0.01705426356589146 0.4868217054263566 0.39689922480620154 0.19269102990033216 0.3069767441860465 0.31007751937984485 0.11007751937984489 0.11007751937984489 0.26411960132890355 

