rand-def
0.28 0.36 0.36 0.44 0.3673469387755102 0.4 0.32 0.36 0.32 0.24489795918367346 0.44 0.36 0.4 0.32 0.40816326530612246 0.28 0.32 0.32 0.4 0.3673469387755102 0.48 0.36 0.28 0.32 0.3673469387755102 

oner-def
0.6666666666666666 0.7317073170731707 0.6818181818181818 0.6818181818181818 0.6511627906976745 0.6829268292682927 0.6976744186046512 0.6666666666666666 0.6666666666666666 0.65 0.7142857142857143 0.6190476190476191 0.6976744186046512 0.7142857142857143 0.5405405405405406 0.7567567567567568 0.7222222222222222 0.5882352941176471 0.6122448979591837 0.7368421052631579 0.6842105263157895 0.6829268292682927 0.5714285714285714 0.7317073170731707 0.7 

oner-cfs
0.6666666666666666 0.7317073170731707 0.6818181818181818 0.6666666666666666 0.6190476190476191 0.6666666666666666 0.6666666666666666 0.6666666666666666 0.6363636363636364 0.65 0.6829268292682927 0.6190476190476191 0.6511627906976745 0.6222222222222222 0.6341463414634146 0.7567567567567568 0.7222222222222222 0.5777777777777777 0.6122448979591837 0.7368421052631579 0.6842105263157895 0.6829268292682927 0.5531914893617021 0.6976744186046512 0.6486486486486487 

oner-dtf
0.6666666666666666 0.75 0.6521739130434783 0.6818181818181818 0.6190476190476191 0.6829268292682927 0.6976744186046512 0.7 0.6511627906976745 0.65 0.7142857142857143 0.6818181818181818 0.6666666666666666 0.7142857142857143 0.5405405405405406 0.6829268292682927 0.7222222222222222 0.6382978723404256 0.375 0.0 0.2727272727272727 0.6829268292682927 0.6 0.717948717948718 0.6486486486486487 

oner-svmf
0.0 0.0 0.0 0.0 0.0 0.0 0.0 0.0 0.47368421052631576 0.0 0.0 0.0 0.0 0.0 0.0 0.0 0.19047619047619047 0.5555555555555556 0.0 0.0 0.0 0.4827586206896552 0.5 0.34782608695652173 0.0 

cart-def
0.6923076923076923 0.8484848484848485 0.6842105263157895 0.8666666666666667 0.6666666666666666 0.7741935483870968 0.7878787878787878 0.5714285714285714 0.7333333333333333 0.6896551724137931 0.8484848484848485 0.5454545454545454 0.6896551724137931 0.9333333333333333 0.5714285714285714 0.6923076923076923 0.7142857142857143 0.6060606060606061 0.5833333333333334 0.7333333333333333 0.6896551724137931 0.5517241379310345 0.7586206896551724 0.8666666666666667 0.7407407407407407 

cart-cfs
0.5 0.5517241379310345 0.6060606060606061 0.07142857142857142 0.5517241379310345 0.6470588235294118 0.6 0.4 0.06666666666666667 0.6428571428571429 0.0 0.0 0.4 0.6451612903225806 0.4444444444444444 0.6428571428571429 0.4166666666666667 0.45161290322580644 0.06451612903225806 0.6666666666666666 0.56 0.43478260869565216 0.07142857142857142 0.6923076923076923 0.6428571428571429 

cart-dtf
0.64 0.8484848484848485 0.3870967741935484 0.896551724137931 0.8387096774193549 0.7878787878787878 0.9375 0.8148148148148148 0.8571428571428571 0.7142857142857143 0.7647058823529411 0.6666666666666666 0.8275862068965517 0.9333333333333333 0.5925925925925926 0.7096774193548387 0.6896551724137931 0.7741935483870968 0.06666666666666667 0.5 0.0 0.6666666666666666 0.75 0.8387096774193549 0.8 

cart-svmf
0.6153846153846154 0.6875 0.0 0.14285714285714285 0.5185185185185185 0.7096774193548387 0.6060606060606061 0.5333333333333333 0.5185185185185185 0.5714285714285714 0.41379310344827586 0.6206896551724138 0.6060606060606061 0.7857142857142857 0.42857142857142855 0.5454545454545454 0.38461538461538464 0.6470588235294118 0.5925925925925926 0.56 0.6875 0.5 0.5925925925925926 0.6666666666666666 0.6428571428571429 

nb-def
0.6111111111111112 0.41379310344827586 0.65 0.5945945945945946 0.5714285714285714 0.6666666666666666 0.6666666666666666 0.6486486486486487 0.35294117647058826 0.5142857142857142 0.625 0.48484848484848486 0.6 0.5882352941176471 0.47058823529411764 0.5806451612903226 0.4 0.4864864864864865 0.5909090909090909 0.7027027027027027 0.6470588235294118 0.5714285714285714 0.5365853658536586 0.6666666666666666 0.6 

nb-cfs
0.5625 0.48 0.5714285714285714 0.37037037037037035 0.5531914893617021 0.5454545454545454 0.5925925925925926 0.6666666666666666 0.6 0.625 0.24 0.4666666666666667 0.5555555555555556 0.6060606060606061 0.6 0.6875 0.7567567567567568 0.4117647058823529 0.2857142857142857 0.8125 0.6666666666666666 0.5454545454545454 0.4864864864864865 0.6086956521739131 0.38095238095238093 

nb-dtf
0.5517241379310345 0.5641025641025641 0.3076923076923077 0.6206896551724138 0.4262295081967213 0.38095238095238093 0.2222222222222222 0.5405405405405406 0.25 0.46153846153846156 0.56 0.38461538461538464 0.5333333333333333 0.4666666666666667 0.4528301886792453 0.7027027027027027 0.6206896551724138 0.37037037037037035 0.1 0.4727272727272727 0.36363636363636365 0.4 0.5454545454545454 0.38095238095238093 0.36363636363636365 

nb-svmf
0.5625 0.5853658536585366 0.6111111111111112 0.5116279069767442 0.4 0.5283018867924528 0.47058823529411764 0.5714285714285714 0.3076923076923077 0.5306122448979592 0.5945945945945946 0.3 0.6153846153846154 0.6285714285714286 0.4489795918367347 0.5294117647058824 0.45614035087719296 0.4 0.21052631578947367 0.6451612903225806 0.3076923076923077 0.4 0.3333333333333333 0.4166666666666667 0.5714285714285714 

rf-def
0.14285714285714285 0.2857142857142857 0.25806451612903225 0.25 0.3125 0.14814814814814814 0.26666666666666666 0.2222222222222222 0.1935483870967742 0.21428571428571427 0.0 0.13333333333333333 0.35294117647058826 0.07692307692307693 0.2222222222222222 0.08333333333333333 0.16 0.3333333333333333 0.22857142857142856 0.3448275862068966 0.14814814814814814 0.0 0.3 0.25 0.0 

rf-cfs
0.27586206896551724 0.35714285714285715 0.07692307692307693 0.1935483870967742 0.375 0.3225806451612903 0.25 0.14814814814814814 0.13333333333333333 0.3333333333333333 0.07407407407407407 0.13793103448275862 0.25 0.27586206896551724 0.2857142857142857 0.24 0.3076923076923077 0.34285714285714286 0.12121212121212122 0.3448275862068966 0.2222222222222222 0.07692307692307693 0.35 0.5 0.16666666666666666 

rf-dtf
0.35714285714285715 0.9032258064516129 0.14285714285714285 0.8 0.5625 0.6875 0.8125 0.5517241379310345 0.56 0.42857142857142855 0.4 0.42857142857142855 0.7586206896551724 0.8 0.64 0.7692307692307693 0.42857142857142855 0.48484848484848486 0.06666666666666667 0.64 0.10526315789473684 0.5925925925925926 0.6285714285714286 0.8666666666666667 0.2727272727272727 

rf-svmf
0.2857142857142857 0.7142857142857143 0.14814814814814814 0.13793103448275862 0.38461538461538464 0.6896551724137931 0.3870967741935484 0.4375 0.35714285714285715 0.23076923076923078 0.4444444444444444 0.5 0.4375 0.48 0.5333333333333333 0.5 0.32 0.5714285714285714 0.46153846153846156 0.56 0.6666666666666666 0.36363636363636365 0.41379310344827586 0.5333333333333333 0.38095238095238093 

svm-def
0.0 0.0 0.0 0.0 0.0 0.0 0.0 0.0 0.0 0.0 0.0 0.0 0.0 0.0 0.0 0.0 0.0 0.0 0.0 0.0 0.0 0.0 0.0 0.0 0.0 

svm-cfs
0.0 0.0 0.0 0.0 0.0 0.0 0.0 0.0 0.0 0.0 0.0 0.0 0.0 0.0 0.0 0.0 0.0 0.0 0.06451612903225806 0.0 0.0 0.0 0.0 0.0 0.0 

svm-dtf
0.0 0.0 0.1111111111111111 0.0 0.11764705882352941 0.11764705882352941 0.0 0.0 0.0 0.0 0.0 0.0 0.4 0.0 0.0 0.11764705882352941 0.0 0.0 0.15384615384615385 0.6956521739130435 0.0 0.0 0.0 0.0 0.0 

svm-svmf
0.3157894736842105 0.38095238095238093 0.09090909090909091 0.19047619047619047 0.4 0.5185185185185185 0.6086956521739131 0.56 0.5217391304347826 0.43478260869565216 0.5454545454545454 0.45454545454545453 0.64 0.5217391304347826 0.56 0.4 0.18181818181818182 0.64 0.56 0.36363636363636365 0.48 0.47619047619047616 0.2222222222222222 0.2222222222222222 0.43478260869565216 

