rand-def
0.5951711621179355 0.512641701709948 0.512641701709948 0.4373961885472526 0.4965652268696963 0.4738837741264473 0.5531929813463841 0.512641701709948 0.5531929813463841 0.6250484247418432 0.4373961885472526 0.512641701709948 0.4738837741264473 0.5531929813463841 0.4580683380843762 0.5951711621179355 0.5531929813463841 0.5531929813463841 0.4738837741264473 0.4965652268696963 0.4037948705197794 0.512641701709948 0.5951711621179355 0.5531929813463841 0.4965652268696963 

rand-def-smote
0.5951711621179355 0.512641701709948 0.512641701709948 0.4373961885472526 0.4965652268696963 0.4738837741264473 0.5531929813463841 0.512641701709948 0.5531929813463841 0.6250484247418432 0.4373961885472526 0.512641701709948 0.4738837741264473 0.5531929813463841 0.4580683380843762 0.5951711621179355 0.5531929813463841 0.5531929813463841 0.4738837741264473 0.4965652268696963 0.4037948705197794 0.512641701709948 0.5951711621179355 0.5531929813463841 0.4965652268696963 

oner-def
0.20398352455177451 0.18088778123376797 0.23022081247934106 0.23022081247934106 0.24666515622786542 0.20288467111206124 0.21377646873081665 0.20398352455177451 0.24666515622786542 0.2196620108056491 0.19733212498229233 0.24877803638492046 0.21377646873081665 0.19733212498229233 0.2941372215712083 0.13974574936891168 0.16185036649122964 0.34533121871901157 0.31244253122196286 0.1644434374852436 0.1895535096505789 0.20288467111206124 0.3322480981888009 0.18088778123376797 0.19733212498229233 

oner-def-smote
0.20398352455177451 0.18088778123376797 0.25112929243546933 0.26310949997638977 0.24666515622786542 0.20288467111206124 0.21377646873081665 0.20398352455177451 0.24666515622786542 0.21377646873081665 0.19733212498229233 0.24877803638492046 0.2349975419464428 0.26729914178696507 0.2941372215712083 0.1931493003985685 0.13155474998819489 0.34533121871901157 0.31244253122196286 0.1644434374852436 0.1895535096505789 0.20288467111206124 0.3263575098037061 0.18088778123376797 0.19733212498229233 

oner-cfs
0.20398352455177451 0.18088778123376797 0.23022081247934106 0.21891231305077397 0.25178308065690297 0.20398352455177451 0.21891231305077397 0.20398352455177451 0.25112929243546933 0.2196620108056491 0.20288467111206124 0.24877803638492046 0.2349975419464428 0.26729914178696507 0.23569608165349543 0.13974574936891168 0.16185036649122964 0.2950241353351664 0.31244253122196286 0.1644434374852436 0.1895535096505789 0.20288467111206124 0.3263575098037061 0.21377646873081665 0.20718221697898823 

oner-cfs-smote
0.20398352455177451 0.18088778123376797 0.23022081247934106 0.21891231305077397 0.25178308065690297 0.20398352455177451 0.2349975419464428 0.20398352455177451 0.25112929243546933 0.2196620108056491 0.25112929243546933 0.24877803638492046 0.2349975419464428 0.26729914178696507 0.25178308065690297 0.13974574936891168 0.16185036649122964 0.29972845912556095 0.31244253122196286 0.1644434374852436 0.1895535096505789 0.20288467111206124 0.3263575098037061 0.21377646873081665 0.20718221697898823 

oner-dtf
0.20398352455177451 0.1644434374852436 0.26310949997638977 0.23022081247934106 0.25178308065690297 0.20288467111206124 0.21377646873081665 0.18692942952327685 0.2349975419464428 0.2196620108056491 0.19733212498229233 0.23022081247934106 0.24666515622786542 0.19733212498229233 0.2941372215712083 0.20288467111206124 0.16185036649122964 0.2795538437249141 0.4612162067834081 0.7071067811865475 0.5694968507912175 0.20288467111206124 0.3288868749704872 0.17106684761865884 0.20718221697898823 

oner-dtf-smote
0.20398352455177451 0.1644434374852436 0.26310949997638977 0.26310949997638977 0.24666515622786542 0.21891231305077397 0.21377646873081665 0.18088778123376797 0.24877803638492046 0.21377646873081665 0.19733212498229233 0.21891231305077397 0.24666515622786542 0.19733212498229233 0.2941372215712083 0.20288467111206124 0.13155474998819489 0.31244253122196286 0.4612162067834081 0.5450087384668642 0.5591076874498282 0.20288467111206124 0.3288868749704872 0.17106684761865884 0.20718221697898823 

oner-svmf
0.7071067811865475 0.7071067811865475 0.7071067811865475 0.7071067811865475 0.7078712211732291 0.7071067811865475 0.7071067811865475 0.7101596039349986 0.3646938750495379 0.7071067811865475 0.7071067811865475 0.7071067811865475 0.7071067811865475 0.7071067811865475 0.7071067811865475 0.7071067811865475 0.6163458595761552 0.29711268056956275 0.7071067811865475 0.7071067811865475 0.7071067811865475 0.39430017479945934 0.34487674254728606 0.5227002505738857 0.7071067811865475 

oner-svmf-smote
0.5900482706703328 0.27949149873782336 0.39137691663145224 0.27949149873782336 0.4433691427362986 0.3429582122014098 0.39768121849211546 0.7101596039349986 0.3646938750495379 0.29724473615865216 0.39768121849211546 0.6345054764834728 0.31244253122196286 0.3648339071699946 0.5251495027120118 0.43178364160104254 0.3429582122014098 0.29711268056956275 0.4861163605955878 0.5450087384668642 0.5319546810634965 0.512811644471307 0.34487674254728606 0.4057693422241225 0.34405037154536827 

cart-def
0.28474842539560874 0.08092518324561482 0.1895535096505789 0.09985266473243173 0.2248362035307459 0.15597007104285782 0.1250971619257595 0.3400724921570101 0.19970532946486347 0.218120924176483 0.08092518324561482 0.3192236390790792 0.2447084359327844 0.04992633236621587 0.31870319512264744 0.28474842539560874 0.24080968320944288 0.2699300053717852 0.3785549999504705 0.1723937200319669 0.2447084359327844 0.3444181771863902 0.19490844909195765 0.09985266473243173 0.20796652255228226 

cart-def-smote
0.39430017479945934 0.2397066692907099 0.44184142485836486 0.2873972854560717 0.436241848352966 0.5049184207591337 0.3686875818641741 0.4396025541607578 0.4114169009097529 0.3303685622730074 0.4894168718655688 0.4114169009097529 0.3616526242622596 0.29455120273560387 0.32417146746519737 0.38598268517540135 0.39941065892972694 0.45062836297678766 0.2873972854560717 0.2847492975382698 0.29955799419729523 0.29455120273560387 0.3656581834130466 0.29455120273560387 0.4159330451045645 

cart-cfs
0.427122638093413 0.3444181771863902 0.2699300053717852 0.6888363543727803 0.32417146746519737 0.22991782836485739 0.29955799419729523 0.4785212986432401 0.6989686531270222 0.26558599593553955 0.7259763385482774 0.7298769686732658 0.4493369912959428 0.25552015075735673 0.4201377294972578 0.29039053541931104 0.47597151730259685 0.40512461535817895 0.7045560693461329 0.26096393096593967 0.38033665376097914 0.4739788710418418 0.6888363543727803 0.28474842539560874 0.26558599593553955 

cart-cfs-smote
0.4493369912959428 0.2397066692907099 0.32717219339663206 0.6438132672643385 0.4955528434095112 0.2699300053717852 0.2699300053717852 0.48161936641888575 0.6107385876941525 0.30135884645393246 0.7341253077983533 0.7341253077983533 0.3616526242622596 0.3444181771863902 0.436241848352966 0.3494843265635111 0.29455120273560387 0.3752914857772785 0.630991562179221 0.2775354316636771 0.33365047109327683 0.3444181771863902 0.7298769686732658 0.29455120273560387 0.2775354316636771 

cart-dtf
0.33161808553540534 0.08092518324561482 0.4550182898873002 0.09570425972864803 0.08293180010874827 0.1250971619257595 0.03288868749704872 0.18927749997523524 0.14237421269780437 0.21246879674843164 0.13646934005994038 0.24963166183107932 0.14519526770965552 0.04992633236621587 0.31400182440054125 0.20570845045487646 0.2447084359327844 0.15597007104285782 0.6989686531270222 0.3718203943097554 0.7088256118199149 0.2871127791859441 0.16358609669831603 0.1064078796930264 0.12054353858157298 

cart-dtf-smote
0.29039053541931104 0.09477675482528945 0.5439949751797823 0.13974574936891168 0.09649575866924966 0.13646934005994038 0.08092518324561482 0.15597007104285782 0.14519526770965552 0.24108707716314595 0.26230890411920355 0.16358609669831603 0.3444181771863902 0.09985266473243173 0.2775354316636771 0.28474842539560874 0.17243837127364303 0.15597007104285782 0.7045560693461329 0.218120924176483 0.5548232659495417 0.28474842539560874 0.2168908576495635 0.09570425972864803 0.20066348924985292 

cart-svmf
0.33365047109327683 0.2128157593860528 0.7341253077983533 0.638964744688806 0.36706265389917664 0.20570845045487646 0.2699300053717852 0.3494843265635111 0.38598268517540135 0.31870319512264744 0.44419213437932065 0.29455120273560387 0.2699300053717852 0.19140851945729606 0.4249375934968633 0.3192236390790792 0.48161936641888575 0.22991782836485739 0.33647518771820756 0.35962016498121196 0.2128157593860528 0.427122638093413 0.33647518771820756 0.24963166183107932 0.26558599593553955 

cart-svmf-smote
0.4293328115356595 0.2783150863723448 0.6606052186082644 0.638964744688806 0.32417146746519737 0.22991782836485739 0.4355858031289665 0.22991782836485739 0.3357385729994031 0.32417146746519737 0.39430017479945934 0.3828170389145921 0.18234693752476894 0.20570845045487646 0.436241848352966 0.39430017479945934 0.4396025541607578 0.17547826257339996 0.29711268056956275 0.46515335637693866 0.2447084359327844 0.4785212986432401 0.29039053541931104 0.30536929384707623 0.21246879674843164 

nb-def
0.250194323851519 0.44419213437932065 0.2186980942736263 0.2612966608191369 0.27117654015472603 0.22092071242918243 0.2047040100899106 0.2168908576495635 0.4750793392508433 0.32049255491213624 0.26230890411920355 0.3686875818641741 0.256320850854974 0.2783150863723448 0.361630615744719 0.30536929384707623 0.4785212986432401 0.35454249192870785 0.27949149873782336 0.17202518577268414 0.22991782836485739 0.2873972854560717 0.31048229394358834 0.2047040100899106 0.2775354316636771 

nb-def-smote
0.32717219339663206 0.3552401175730936 0.2336434622922429 0.22960921018041827 0.2824115686027031 0.22092071242918243 0.1895535096505789 0.18692942952327685 0.43350040461946515 0.32049255491213624 0.15532531657496287 0.34487674254728606 0.256320850854974 0.2397066692907099 0.361630615744719 0.30536929384707623 0.39430017479945934 0.29758558105896776 0.27949149873782336 0.17202518577268414 0.16185036649122964 0.2783150863723448 0.2987082338634572 0.2047040100899106 0.29271016714656806 

nb-cfs
0.31194014208571563 0.4293328115356595 0.2873972854560717 0.4852552192886586 0.33274253851291113 0.3192236390790792 0.33647518771820756 0.2047040100899106 0.256320850854974 0.24108707716314595 0.5772784472199374 0.39941065892972694 0.29711268056956275 0.2699300053717852 0.25140744645157387 0.2128157593860528 0.13974574936891168 0.4256315187721056 0.5392519083283609 0.09649575866924966 0.22092071242918243 0.3192236390790792 0.35454249192870785 0.28350057101105797 0.5074798407702549 

nb-cfs-smote
0.29711268056956275 0.30536929384707623 0.18692942952327685 0.4396025541607578 0.4141995850226475 0.2047040100899106 0.2699300053717852 0.18692942952327685 0.24877803638492046 0.22360864877153702 0.4852552192886586 0.3763100826294246 0.2336434622922429 0.250194323851519 0.5122706516250269 0.26230890411920355 0.13974574936891168 0.27018812427389904 0.5491896560283744 0.13155474998819489 0.17547826257339996 0.3192236390790792 0.31048229394358834 0.51194962870422 0.4093799814152654 

nb-dtf
0.3444181771863902 0.28505426525237854 0.5311678590742768 0.29455120273560387 0.5613843839773761 0.5195869077008843 0.6130464680567658 0.3074012412232302 0.5742255583718882 0.4159330451045645 0.38033665376097914 0.48161936641888575 0.32804714141043945 0.39941065892972694 0.4553434608673599 0.17547826257339996 0.29455120273560387 0.4852552192886586 0.6632361710708107 0.46320353021404637 0.520886395350047 0.4785212986432401 0.3132895650055611 0.5195869077008843 0.5093414413509277 

nb-dtf-smote
0.2873972854560717 0.4503348913109791 0.3648339071699946 0.40796704910354903 0.5777639319174508 0.33365047109327683 0.4739788710418418 0.29972845912556095 0.4550182898873002 0.3372543052961189 0.13646934005994038 0.2873972854560717 0.4604416249586821 0.4046259162280741 0.5358269473850269 0.43014385565098284 0.26230890411920355 0.3192236390790792 0.6163458595761552 0.46320353021404637 0.4355858031289665 0.3791070193011578 0.4275529374616333 0.22991782836485739 0.35980235165241886 

nb-svmf
0.31194014208571563 0.27018812427389904 0.250194323851519 0.33720306507641545 0.5061459340759392 0.3974696119482977 0.3763100826294246 0.3322480981888009 0.5311678590742768 0.3652842427574248 0.2612966608191369 0.5666406848835324 0.24277554973684448 0.2397066692907099 0.42275176389174 0.32717219339663206 0.4861163605955878 0.43350040461946515 0.6137077654069842 0.23252254117670876 0.5311678590742768 0.4738837741264473 0.5250231422726808 0.47597151730259685 0.31870319512264744 

nb-svmf-smote
0.48555109947368896 0.41380248675786413 0.3580035984845025 0.4503348913109791 0.3372543052961189 0.49333031245573084 0.38114632318875596 0.3648339071699946 0.500388647703038 0.4141995850226475 0.29758558105896776 0.39466424996458466 0.3580035984845025 0.28350057101105797 0.5318170585658529 0.3782199062160602 0.4503348913109791 0.4792102350451552 0.386298600797137 0.4604416249586821 0.4464927859934963 0.4738837741264473 0.34487674254728606 0.3294801633698203 0.25140744645157387 

rf-def
0.5392519083283609 0.4940910381388357 0.5049184207591337 0.3931784168439396 0.4833986938265222 0.4493369912959428 0.5491896560283744 0.6763573665618241 0.5110403015147135 0.5219278619318793 0.638964744688806 0.604731658327078 0.46791021312857345 0.5392519083283609 0.5709466889580949 0.7164149674767145 0.5311678590742768 0.44184142485836486 0.5814769968508768 0.47322225782995553 0.6699298181005362 0.6699298181005362 0.4794133385814198 0.4785212986432401 0.6696484907950202 

rf-def-smote
0.638964744688806 0.40512461535817895 0.604731658327078 0.5548232659495417 0.4650450823534175 0.4182614154113402 0.4750793392508433 0.49926332366215864 0.46791021312857345 0.4955528434095112 0.5991159883945905 0.5991159883945905 0.4256315187721056 0.5110403015147135 0.6280036488010825 0.6267872109416496 0.5349724676404809 0.48270241608950737 0.4432875092718604 0.4833986938265222 0.49926332366215864 0.5939026767069463 0.46943857293962954 0.48161936641888575 0.6696484907950202 

rf-cfs
0.5939026767069463 0.44419213437932065 0.6267872109416496 0.684306908452071 0.3899251776071445 0.39430017479945934 0.4182614154113402 0.6763573665618241 0.6490423207608063 0.5794092798011767 0.7259763385482774 0.5548232659495417 0.5491896560283744 0.4894168718655688 0.51802745722692 0.5311678590742768 0.5311678590742768 0.5608825790411989 0.6669199086347486 0.5709466889580949 0.47597151730259685 0.5807810708386221 0.5398600107435704 0.4355858031289665 0.567383358067909 

rf-cfs-smote
0.5939026767069463 0.4114169009097529 0.4182614154113402 0.5991159883945905 0.37085996451072384 0.4550182898873002 0.31820737599649285 0.5939026767069463 0.5742234653737219 0.361630615744719 0.684306908452071 0.5991159883945905 0.4612162067834081 0.5439949751797823 0.3899251776071445 0.5772784472199374 0.39941065892972694 0.45983565672971477 0.548062563731182 0.436241848352966 0.49926332366215864 0.5807810708386221 0.5080849845659421 0.3400724921570101 0.5263133786663765 

rf-dtf
0.4894168718655688 0.09985266473243173 0.5847253472758729 0.20570845045487646 0.3372543052961189 0.3494843265635111 0.14977899709864761 0.4396025541607578 0.33365047109327683 0.46891689955245425 0.4550182898873002 0.4852552192886586 0.19970532946486347 0.2362752039399716 0.4572377948432316 0.38033665376097914 0.4293328115356595 0.4396025541607578 0.6989686531270222 0.3569786379769477 0.6618076031048844 0.5227002505738857 0.2699300053717852 0.18927749997523524 0.6598856810393039 

rf-dtf-smote
0.4785212986432401 0.33647518771820756 0.6267872109416496 0.16358609669831603 0.2775354316636771 0.2168908576495635 0.16358609669831603 0.39430017479945934 0.3552401175730936 0.4780547926839712 0.5110403015147135 0.4550182898873002 0.24963166183107932 0.20570845045487646 0.218120924176483 0.33365047109327683 0.5807810708386221 0.3357385729994031 0.6171253513646293 0.20796652255228226 0.5491896560283744 0.4940910381388357 0.28505426525237854 0.28474842539560874 0.47322225782995553 

rf-svmf
0.5666406848835324 0.3828170389145921 0.638964744688806 0.604731658327078 0.3718203943097554 0.33647518771820756 0.4114169009097529 0.4396025541607578 0.5311678590742768 0.5263133786663765 0.48161936641888575 0.4852552192886586 0.39941065892972694 0.3898168981839153 0.3718203943097554 0.4739788710418418 0.5742255583718882 0.44419213437932065 0.29955799419729523 0.45486599070775136 0.19140851945729606 0.4739788710418418 0.48161936641888575 0.24080968320944288 0.6063145678744902 

rf-svmf-smote
0.5716296100037076 0.3444181771863902 0.5548232659495417 0.5608825790411989 0.3372543052961189 0.20570845045487646 0.43350040461946515 0.4182614154113402 0.3444181771863902 0.5794092798011767 0.4940910381388357 0.33647518771820756 0.4182614154113402 0.22092071242918243 0.4303127210173308 0.5311678590742768 0.5278483501692466 0.2397066692907099 0.30536929384707623 0.3629881692741387 0.3444181771863902 0.427122638093413 0.3357385729994031 0.39430017479945934 0.4201377294972578 

svm-def
0.7072979686393279 0.7071067811865475 0.7072979686393279 0.7072979686393279 0.7072979686393279 0.7072979686393279 0.7072979686393279 0.7072979686393279 0.7071067811865475 0.7071067811865475 0.7071067811865475 0.7072979686393279 0.7071067811865475 0.7071067811865475 0.7078712211732291 0.7072979686393279 0.7072979686393279 0.7072979686393279 0.7071067811865475 0.7072979686393279 0.7071067811865475 0.7071067811865475 0.7072979686393279 0.7071067811865475 0.7078712211732291 

svm-def-smote
0.6211242426440883 0.41923724810673507 0.57992164646502 0.46597594972488854 0.6099807104713736 0.41923724810673507 0.637193270135364 0.6921625510351346 0.5765951712136158 0.4965652268696963 0.5319546810634965 0.5589829974756467 0.5951711621179355 0.48237862854563474 0.5519851322542415 0.5172639998590152 0.5264347877201998 0.6067593935993495 0.5916409892431685 0.6215466509369646 0.45228954374418795 0.6072553737901835 0.512811644471307 0.4861163605955878 0.6072422668138153 

svm-cfs
0.7072979686393279 0.7071067811865475 0.7072979686393279 0.7298769686732658 0.7072979686393279 0.7072979686393279 0.7072979686393279 0.7072979686393279 0.7341253077983533 0.7071067811865475 0.7259763385482774 0.7298769686732658 0.7071067811865475 0.7071067811865475 0.7078712211732291 0.7072979686393279 0.7072979686393279 0.7072979686393279 0.7045560693461329 0.7072979686393279 0.7071067811865475 0.7071067811865475 0.7298769686732658 0.7071067811865475 0.7078712211732291 

svm-cfs-smote
0.28433026447586834 0.2795538437249141 0.3485338905245514 0.5246178082384071 0.26310949997638977 0.24666515622786542 0.2959981874734385 0.26310949997638977 0.5320393984651319 0.28183450926116005 0.6107385876941525 0.6171253513646293 0.3132895650055611 0.36177556246753595 0.2959981874734385 0.24666515622786542 0.17106684761865884 0.3782199062160602 0.5655462470378612 0.28407986896212295 0.2349975419464428 0.2186980942736263 0.4046259162280741 0.31244253122196286 0.34533121871901157 

svm-dtf
0.7072979686393279 0.7071067811865475 0.6607853065261319 0.7072979686393279 0.657422326016443 0.6601711687107179 0.7072979686393279 0.7072979686393279 0.7071067811865475 0.7071067811865475 0.7071067811865475 0.7072979686393279 0.5188056527546789 0.7071067811865475 0.7078712211732291 0.6601711687107179 0.7072979686393279 0.7072979686393279 0.6304437225497972 0.3034915997769908 0.7088256118199149 0.7071067811865475 0.7072979686393279 0.7071067811865475 0.7078712211732291 

svm-dtf-smote
0.592672034616574 0.4604416249586821 0.33647518771820756 0.49333031245573084 0.5074798407702549 0.3159787295667375 0.5591076874498282 0.6084407186954013 0.5610914616956107 0.4233371675832671 0.7072979686393279 0.2795538437249141 0.2362752039399716 0.49333031245573084 0.5755520311983526 0.17547826257339996 0.25112929243546933 0.24666515622786542 0.5398600107435704 0.14120578430135156 0.44184142485836486 0.5022585848709387 0.5262189999527795 0.4768859687072064 0.28407986896212295 

svm-svmf
0.5659243910994821 0.5195869077008843 0.6673009421865537 0.6163458595761552 0.5061459340759392 0.38598268517540135 0.37748197130928235 0.38033665376097914 0.4255369146916381 0.45930307654351565 0.42458263794144907 0.4725504078799432 0.33161808553540534 0.4255369146916381 0.35962016498121196 0.5188056527546789 0.6183170437474179 0.33161808553540534 0.38033665376097914 0.5093414413509277 0.4293328115356595 0.4716912535372495 0.6130464680567658 0.6130464680567658 0.45930307654351565 

svm-svmf-smote
0.2833203424417662 0.3444181771863902 0.3686875818641741 0.35454249192870785 0.26558599593553955 0.16185036649122964 0.24080968320944288 0.24963166183107932 0.33161808553540534 0.2711282023168899 0.2447084359327844 0.3552401175730936 0.24080968320944288 0.19490844909195765 0.3303685622730074 0.3898168981839153 0.38598268517540135 0.16358609669831603 0.19490844909195765 0.31870319512264744 0.17243837127364303 0.4739788710418418 0.28474842539560874 0.29039053541931104 0.2248362035307459 

