rand-def
0.0 0.0 0.0 0.0 0.0 0.0 0.0 0.0 0.0 0.0 0.0 0.0 0.0 0.0 0.0 0.0 0.0 0.0 0.0 0.0 0.0 0.0 0.0 0.0 0.0 

rand-def-smote
0.0 0.0 0.0 0.0 0.0 0.0 0.0 0.0 0.0 0.0 0.0 0.0 0.0 0.0 0.0 0.0 0.0 0.0 0.0 0.0 0.0 0.0 0.0 0.0 0.0 

oner-def
0.6388888888888888 0.6562499999999999 0.5624999999999999 0.4999999999999999 0.5161290322580645 0.5666666666666667 0.6176470588235293 0.59375 0.5588235294117647 0.6216216216216216 0.5714285714285715 0.5 0.5666666666666667 0.6470588235294118 0.4137931034482758 0.75 0.7058823529411764 0.3823529411764707 0.3666666666666667 0.6774193548387097 0.5384615384615385 0.59375 0.4166666666666668 0.6764705882352939 0.6129032258064516 

oner-def-smote
0.6388888888888888 0.6562499999999999 0.5 0.42857142857142855 0.48387096774193555 0.5666666666666667 0.6176470588235293 0.59375 0.5588235294117647 0.6216216216216216 0.5714285714285715 0.5624999999999999 0.5666666666666667 0.4999999999999999 0.4137931034482758 0.6944444444444444 0.7352941176470588 0.3823529411764707 0.3666666666666667 0.6774193548387097 0.5384615384615385 0.59375 0.4166666666666668 0.6764705882352939 0.6129032258064516 

oner-cfs
0.6388888888888888 0.6562499999999999 0.5624999999999999 0.4999999999999999 0.48387096774193555 0.5666666666666667 0.588235294117647 0.59375 0.5294117647058824 0.6216216216216216 0.5357142857142857 0.5 0.5000000000000001 0.4999999999999999 0.48275862068965514 0.75 0.7058823529411764 0.4411764705882353 0.3666666666666667 0.6774193548387097 0.5384615384615385 0.59375 0.4166666666666668 0.6176470588235293 0.5806451612903225 

oner-cfs-smote
0.6388888888888888 0.6562499999999999 0.5 0.4642857142857143 0.5483870967741936 0.6000000000000001 0.5588235294117647 0.59375 0.5588235294117647 0.6216216216216216 0.5357142857142857 0.5624999999999999 0.5000000000000001 0.4999999999999999 0.48275862068965514 0.75 0.7058823529411764 0.4411764705882353 0.3666666666666667 0.6774193548387097 0.5384615384615385 0.6562499999999999 0.4166666666666668 0.6176470588235293 0.5806451612903225 

oner-dtf
0.6388888888888888 0.6875 0.5 0.4999999999999999 0.48387096774193555 0.5666666666666667 0.6176470588235293 0.625 0.5588235294117647 0.6216216216216216 0.5714285714285715 0.5624999999999999 0.5000000000000001 0.6470588235294118 0.4137931034482758 0.6388888888888888 0.7058823529411764 0.4999999999999999 0.3333333333333333 0.5483870967741936 0.38461538461538464 0.59375 0.4444444444444444 0.6764705882352939 0.5806451612903225 

oner-dtf-smote
0.6388888888888888 0.6875 0.5 0.42857142857142855 0.48387096774193555 0.5666666666666667 0.6176470588235293 0.625 0.5588235294117647 0.6216216216216216 0.5714285714285715 0.5624999999999999 0.5000000000000001 0.6470588235294118 0.4137931034482758 0.6388888888888888 0.7058823529411764 0.4705882352941177 0.3333333333333333 -0.09677419354838708 -0.3076923076923077 0.59375 0.4444444444444444 0.6764705882352939 0.5806451612903225 

oner-svmf
0.5833333333333334 0.5312500000000001 0.5312500000000001 0.4642857142857143 0.48387096774193555 0.5000000000000001 0.5588235294117647 0.40625 0.41176470588235287 0.6216216216216216 0.4642857142857143 0.5312500000000001 0.5000000000000001 0.5588235294117647 0.5172413793103449 0.5833333333333334 0.4999999999999999 0.5294117647058824 0.5000000000000001 0.5483870967741936 0.4230769230769232 0.5312500000000001 0.5000000000000001 0.5588235294117647 0.5483870967741936 

oner-svmf-smote
-0.05555555555555548 0.43750000000000006 0.2499999999999999 0.3571428571428572 0.09677419354838719 0.1999999999999999 0.32352941176470584 0.28124999999999994 0.41176470588235287 0.37837837837837834 0.1785714285714285 0.40625 0.3333333333333333 0.3823529411764707 -0.13793103448275862 0.24999999999999994 0.4999999999999999 0.5294117647058824 -0.0333333333333334 -0.09677419354838708 -0.2692307692307693 -0.03125000000000006 0.5000000000000001 0.11764705882352945 0.25806451612903225 

cart-def
0.7777777777777777 0.8437500000000001 0.625 0.8571428571428571 0.6774193548387097 0.7666666666666667 0.7941176470588234 0.625 0.764705882352941 0.7567567567567567 0.8214285714285715 0.5312500000000001 0.7000000000000001 0.9411764705882352 0.5862068965517242 0.7777777777777777 0.764705882352941 0.6176470588235293 0.6666666666666667 0.7419354838709677 0.6538461538461539 0.59375 0.8055555555555556 0.8823529411764703 0.7741935483870966 

cart-def-smote
0.5833333333333334 0.78125 0.46874999999999994 0.21428571428571427 0.4516129032258064 0.5666666666666667 0.3823529411764707 0.5 0.4999999999999999 0.5675675675675677 0.3571428571428572 0.5 0.46666666666666673 0.5294117647058824 0.3793103448275863 0.5555555555555556 0.41176470588235287 0.41176470588235287 0.3666666666666667 0.5806451612903225 0.46153846153846145 0.6562499999999999 0.5000000000000001 0.6470588235294118 0.4516129032258064 

cart-cfs
0.6666666666666667 0.59375 0.59375 0.07142857142857134 0.5806451612903225 0.6000000000000001 0.6470588235294118 0.5312500000000001 0.17647058823529416 0.7297297297297297 0.10714285714285714 0.18749999999999997 0.40000000000000013 0.6764705882352939 0.48275862068965514 0.7222222222222222 0.588235294117647 0.4999999999999999 0.0333333333333333 0.7096774193548386 0.5769230769230769 0.59375 0.2777777777777778 0.764705882352941 0.6774193548387097 

cart-cfs-smote
0.38888888888888895 0.625 0.5 0.10714285714285714 0.48387096774193555 0.5000000000000001 0.4411764705882353 0.5312500000000001 0.2352941176470588 0.6486486486486486 0.10714285714285714 0.18749999999999997 0.3666666666666667 0.4411764705882353 0.48275862068965514 0.611111111111111 0.7058823529411764 0.5294117647058824 0.06666666666666671 0.48387096774193555 0.3461538461538461 0.5 0.2777777777777778 0.6764705882352939 0.5806451612903225 

cart-dtf
0.75 0.8437500000000001 0.40625 0.8928571428571429 0.8387096774193548 0.7666666666666667 0.9411764705882352 0.8437500000000001 0.8823529411764703 0.7837837837837838 0.7142857142857142 0.6875 0.8333333333333335 0.9411764705882352 0.6206896551724137 0.75 0.7352941176470588 0.7941176470588234 0.06666666666666671 0.5483870967741936 0.3076923076923078 0.71875 0.7777777777777777 0.8529411764705881 0.8064516129032259 

cart-dtf-smote
0.6944444444444444 0.8437500000000001 0.43750000000000006 0.5714285714285715 0.8064516129032259 0.8000000000000002 0.8235294117647058 0.71875 0.8235294117647058 0.7297297297297297 0.6428571428571428 0.71875 0.7333333333333333 0.8529411764705881 0.7241379310344828 0.8611111111111112 0.7352941176470588 0.7058823529411764 0.06666666666666671 0.7419354838709677 0.07692307692307683 0.7499999999999999 0.6944444444444444 0.8529411764705881 0.7419354838709677 

cart-svmf
0.7222222222222222 0.6875 0.15624999999999992 0.14285714285714268 0.5806451612903225 0.7000000000000001 0.6176470588235293 0.5624999999999999 0.6176470588235293 0.6756756756756757 0.39285714285714274 0.6562499999999999 0.5666666666666667 0.8235294117647058 0.4482758620689656 0.5833333333333334 0.5294117647058824 0.6470588235294118 0.6333333333333333 0.6451612903225806 0.6153846153846154 0.625 0.6944444444444444 0.7058823529411764 0.6774193548387097 

cart-svmf-smote
0.6666666666666667 0.6875 0.15624999999999992 0.14285714285714268 0.4516129032258064 0.6000000000000001 0.5588235294117647 0.5 0.6176470588235293 0.6486486486486486 0.3214285714285714 0.5312500000000001 0.4333333333333333 0.7941176470588234 0.5172413793103449 0.5555555555555556 0.4999999999999999 0.6764705882352939 0.6666666666666667 0.5806451612903225 0.7307692307692307 0.5312500000000001 0.6388888888888888 0.41176470588235287 0.6451612903225806 

nb-def
0.611111111111111 0.46874999999999994 0.5624999999999999 0.4642857142857143 0.5161290322580645 0.6333333333333333 0.6470588235294118 0.59375 0.35294117647058826 0.5405405405405405 0.5714285714285715 0.46874999999999994 0.46666666666666673 0.588235294117647 0.3793103448275863 0.6388888888888888 0.5588235294117647 0.4411764705882353 0.40000000000000013 0.6451612903225806 0.5384615384615385 0.5312500000000001 0.47222222222222227 0.6470588235294118 0.6129032258064516 

nb-def-smote
0.5833333333333334 0.5 0.5312500000000001 0.4999999999999999 0.48387096774193555 0.6333333333333333 0.6176470588235293 0.59375 0.35294117647058826 0.5405405405405405 0.6785714285714286 0.46874999999999994 0.46666666666666673 0.588235294117647 0.4137931034482758 0.6388888888888888 0.588235294117647 0.4705882352941177 0.40000000000000013 0.6451612903225806 0.5384615384615385 0.5312500000000001 0.47222222222222227 0.6470588235294118 0.5483870967741936 

nb-cfs
0.611111111111111 0.59375 0.5312500000000001 0.39285714285714274 0.3225806451612903 0.5000000000000001 0.6764705882352939 0.625 0.5294117647058824 0.6756756756756757 0.3214285714285714 0.5 0.46666666666666673 0.6176470588235293 0.4482758620689656 0.7222222222222222 0.7352941176470588 0.41176470588235287 0.3333333333333333 0.8064516129032259 0.5769230769230769 0.5312500000000001 0.47222222222222227 0.4705882352941177 0.5806451612903225 

nb-cfs-smote
0.5277777777777778 0.5624999999999999 0.59375 0.3571428571428572 0.16129032258064524 0.6000000000000001 0.6176470588235293 0.5624999999999999 0.4999999999999999 0.6756756756756757 0.39285714285714274 0.43750000000000006 0.5000000000000001 0.6176470588235293 -0.4137931034482758 0.6944444444444444 0.6764705882352939 0.4999999999999999 0.2666666666666667 0.7419354838709677 0.6153846153846154 0.59375 0.47222222222222227 0.0 0.6129032258064516 

nb-dtf
0.6388888888888888 0.46874999999999994 0.43750000000000006 0.607142857142857 -0.12903225806451613 0.5666666666666667 0.588235294117647 0.46874999999999994 0.4705882352941177 0.6216216216216216 0.607142857142857 0.5 0.3000000000000001 0.5294117647058824 0.0 0.6944444444444444 0.6764705882352939 0.4999999999999999 0.40000000000000013 0.06451612903225806 0.46153846153846145 0.5312500000000001 0.4444444444444444 0.6176470588235293 0.5483870967741936 

nb-dtf-smote
0.5833333333333334 0.15624999999999992 0.3125 0.07142857142857134 -0.16129032258064516 0.6333333333333333 0.6470588235294118 0.37499999999999994 0.4705882352941177 0.5945945945945945 0.7142857142857142 0.5312500000000001 0.06666666666666671 0.32352941176470584 -0.17241379310344826 0.30555555555555564 0.6470588235294118 0.5588235294117647 0.4333333333333333 0.06451612903225806 0.19230769230769243 0.28124999999999994 0.2777777777777778 0.7058823529411764 0.3225806451612903 

nb-svmf
0.611111111111111 0.46874999999999994 0.5624999999999999 0.25000000000000006 0.6129032258064516 0.1666666666666667 0.4705882352941177 0.3437500000000001 0.4705882352941177 0.37837837837837834 0.4642857142857143 0.5624999999999999 0.5000000000000001 0.6176470588235293 0.06896551724137931 0.5555555555555556 0.08823529411764704 0.3823529411764707 0.5000000000000001 0.6451612903225806 0.3076923076923078 0.06250000000000003 0.5555555555555556 0.588235294117647 0.6129032258064516 

nb-svmf-smote
0.1388888888888889 0.21875000000000003 0.40625 0.03571428571428556 0.48387096774193555 -0.06666666666666671 0.35294117647058826 0.28124999999999994 0.17647058823529416 0.29729729729729737 0.39285714285714274 0.28124999999999994 0.1999999999999999 0.2647058823529412 -0.034482758620689655 0.3611111111111111 0.0 0.11764705882352945 0.4333333333333333 0.09677419354838719 -0.07692307692307683 0.06250000000000003 0.5277777777777778 0.4999999999999999 0.3870967741935483 

rf-def
0.33333333333333326 0.37499999999999994 0.28124999999999994 0.14285714285714268 0.29032258064516137 0.2333333333333333 0.35294117647058826 0.3437500000000001 0.2647058823529412 0.4054054054054055 0.07142857142857134 0.18749999999999997 0.2666666666666667 0.29411764705882343 0.27586206896551724 0.38888888888888895 0.3823529411764707 0.29411764705882343 0.0999999999999999 0.3870967741935483 0.11538461538461536 0.21875000000000003 0.2222222222222223 0.4705882352941177 0.29032258064516137 

rf-def-smote
0.33333333333333326 0.40625 0.21875000000000003 0.14285714285714268 0.29032258064516137 0.1999999999999999 0.35294117647058826 0.28124999999999994 0.2647058823529412 0.4054054054054055 0.07142857142857134 0.18749999999999997 0.2333333333333333 0.3823529411764707 0.31034482758620696 0.38888888888888895 0.4411764705882353 0.2647058823529412 0.0333333333333333 0.4193548387096775 0.19230769230769243 0.21875000000000003 0.19444444444444448 0.4411764705882353 0.35483870967741943 

rf-cfs
0.4166666666666668 0.43750000000000006 0.2499999999999999 0.10714285714285714 0.35483870967741943 0.3000000000000001 0.29411764705882343 0.28124999999999994 0.2352941176470588 0.4594594594594595 0.10714285714285714 0.21875000000000003 0.1999999999999999 0.3823529411764707 0.31034482758620696 0.47222222222222227 0.4705882352941177 0.32352941176470584 0.0333333333333333 0.3870967741935483 0.19230769230769243 0.2499999999999999 0.2777777777777778 0.588235294117647 0.35483870967741943 

rf-cfs-smote
0.3611111111111111 0.46874999999999994 0.37499999999999994 0.14285714285714268 0.4193548387096775 0.3333333333333333 0.3823529411764707 0.28124999999999994 0.2352941176470588 0.4324324324324324 0.10714285714285714 0.21875000000000003 0.2666666666666667 0.32352941176470584 0.31034482758620696 0.4444444444444444 0.4411764705882353 0.32352941176470584 0.06666666666666671 0.4516129032258064 0.3076923076923078 0.3437500000000001 0.2777777777777778 0.6176470588235293 0.4193548387096775 

rf-dtf
0.5000000000000001 0.90625 0.2499999999999999 0.7857142857142857 0.5483870967741936 0.6666666666666667 0.8235294117647058 0.59375 0.6764705882352939 0.5675675675675677 0.3571428571428572 0.5 0.7666666666666667 0.8529411764705881 0.689655172413793 0.8333333333333334 0.5294117647058824 0.4999999999999999 0.06666666666666671 0.7096774193548386 0.3461538461538461 0.6562499999999999 0.6388888888888888 0.8823529411764703 0.48387096774193555 

rf-dtf-smote
0.47222222222222227 0.78125 0.37499999999999994 0.5714285714285715 0.5806451612903225 0.5666666666666667 0.764705882352941 0.5312500000000001 0.6470588235294118 0.5405405405405405 0.39285714285714274 0.5 0.7333333333333333 0.7941176470588234 0.6206896551724137 0.8055555555555556 0.4999999999999999 0.4999999999999999 0.0333333333333333 0.7741935483870966 0.07692307692307683 0.5624999999999999 0.5555555555555556 0.8529411764705881 0.48387096774193555 

rf-svmf
0.5833333333333334 0.7499999999999999 0.28124999999999994 0.10714285714285714 0.48387096774193555 0.7000000000000001 0.4411764705882353 0.43750000000000006 0.4705882352941177 0.4594594594594595 0.4642857142857143 0.625 0.40000000000000013 0.6176470588235293 0.5172413793103449 0.6666666666666667 0.4999999999999999 0.6470588235294118 0.5333333333333333 0.6451612903225806 0.6538461538461539 0.5624999999999999 0.5277777777777778 0.588235294117647 0.5806451612903225 

rf-svmf-smote
0.47222222222222227 0.625 0.3125 0.10714285714285714 0.3870967741935483 0.5666666666666667 0.41176470588235287 0.43750000000000006 0.5294117647058824 0.4054054054054055 0.28571428571428564 0.5624999999999999 0.3666666666666667 0.6764705882352939 0.4137931034482758 0.5833333333333334 0.4999999999999999 0.6470588235294118 0.5333333333333333 0.6129032258064516 0.5769230769230769 0.5624999999999999 0.611111111111111 0.588235294117647 0.6129032258064516 

svm-def
0.5555555555555556 0.5312500000000001 0.5 0.42857142857142855 0.5161290322580645 0.46666666666666673 0.5294117647058824 0.5 0.5588235294117647 0.6216216216216216 0.4642857142857143 0.5 0.5000000000000001 0.5588235294117647 0.4482758620689656 0.5555555555555556 0.5294117647058824 0.5294117647058824 0.5000000000000001 0.5161290322580645 0.4230769230769232 0.5312500000000001 0.5555555555555556 0.5588235294117647 0.48387096774193555 

svm-def-smote
-0.08333333333333331 0.15624999999999992 -0.12500000000000006 -0.03571428571428579 -0.25806451612903225 0.0999999999999999 -0.2058823529411765 -0.375 -0.11764705882352935 0.16216216216216214 -0.21428571428571438 -0.12500000000000006 -0.2000000000000001 0.08823529411764704 -0.2068965517241379 0.08333333333333331 0.2647058823529412 -0.14705882352941177 -0.2666666666666667 -0.2258064516129032 -0.11538461538461536 -0.18749999999999997 0.08333333333333331 0.08823529411764704 -0.2258064516129032 

svm-cfs
0.5555555555555556 0.5312500000000001 0.5 0.07142857142857134 0.5161290322580645 0.46666666666666673 0.5294117647058824 0.5 0.20588235294117638 0.6216216216216216 0.10714285714285714 0.18749999999999997 0.5000000000000001 0.5588235294117647 0.4482758620689656 0.5555555555555556 0.5294117647058824 0.5294117647058824 0.0333333333333333 0.5161290322580645 0.4230769230769232 0.5312500000000001 0.2777777777777778 0.5588235294117647 0.48387096774193555 

svm-cfs-smote
0.5000000000000001 0.46874999999999994 0.37499999999999994 0.14285714285714268 0.48387096774193555 0.5000000000000001 0.4705882352941177 0.5312500000000001 0.2647058823529412 0.5405405405405405 0.03571428571428556 0.21875000000000003 0.3333333333333333 0.35294117647058826 0.3793103448275863 0.5833333333333334 0.6764705882352939 0.32352941176470584 0.0333333333333333 0.3870967741935483 0.4230769230769232 0.5624999999999999 0.33333333333333326 0.4411764705882353 0.35483870967741943 

svm-dtf
0.5555555555555556 0.5312500000000001 0.5 0.42857142857142855 0.5161290322580645 0.5000000000000001 0.5294117647058824 0.5 0.5588235294117647 0.6216216216216216 0.4642857142857143 0.5 0.6000000000000001 0.5588235294117647 0.4482758620689656 0.5833333333333334 0.5294117647058824 0.5294117647058824 0.2666666666666667 0.7741935483870966 0.3076923076923078 0.5312500000000001 0.5555555555555556 0.5588235294117647 0.48387096774193555 

svm-dtf-smote
-0.05555555555555548 0.12500000000000006 0.5624999999999999 -0.07142857142857147 0.5483870967741936 0.3333333333333333 0.0 0.5 0.0 0.2162162162162162 -0.17857142857142871 0.46874999999999994 0.7666666666666667 0.11764705882352945 -0.2068965517241379 0.7777777777777777 0.5294117647058824 0.5294117647058824 0.1999999999999999 0.7419354838709677 0.11538461538461536 0.0 0.11111111111111115 0.14705882352941177 0.48387096774193555 

svm-svmf
0.6388888888888888 0.59375 0.37499999999999994 0.39285714285714274 0.6129032258064516 0.5666666666666667 0.7352941176470588 0.6562499999999999 0.6764705882352939 0.6486486486486486 0.6428571428571428 0.625 0.7000000000000001 0.6764705882352939 0.6206896551724137 0.6666666666666667 0.4705882352941177 0.7352941176470588 0.6333333333333333 0.5483870967741936 0.5 0.6562499999999999 0.611111111111111 0.588235294117647 0.5806451612903225 

svm-svmf-smote
0.75 0.5624999999999999 0.46874999999999994 0.3214285714285714 0.6774193548387097 0.6333333333333333 0.764705882352941 0.6875 0.7058823529411764 0.6756756756756757 0.7142857142857142 0.5312500000000001 0.7333333333333333 0.7352941176470588 0.5172413793103449 0.611111111111111 0.588235294117647 0.7352941176470588 0.7666666666666667 0.6129032258064516 0.6538461538461539 0.625 0.7222222222222222 0.6764705882352939 0.6774193548387097 

