rand-def
-0.058712121212121327 0.23750000000000004 -0.24583333333333335 -0.13829787234042556 -0.017021276595744705 -0.058712121212121327 0.1166666666666667 -0.125 0.3468085106382979 -0.017021276595744705 -0.058712121212121327 0.1166666666666667 -0.125 0.10425531914893615 0.10425531914893615 0.05303030303030298 -0.24583333333333335 -0.125 -0.13829787234042556 -0.017021276595744705 -0.17045454545454541 0.1166666666666667 0.3583333333333334 0.10425531914893615 -0.017021276595744705 

oner-def
0.5 0.19999999999999996 0.4208333333333334 0.3382978723404255 0.4042553191489362 0.5625 0.1333333333333333 0.5208333333333335 0.36808510638297864 0.4319148936170212 0.41666666666666674 0.3999999999999999 0.5208333333333335 0.1957446808510639 0.246808510638298 0.10795454545454541 0.41666666666666674 0.47916666666666674 0.225531914893617 0.5957446808510638 0.35984848484848486 0.2958333333333334 0.5416666666666665 0.38936170212765964 0.44680851063829774 

oner-cfs
0.1875 0.19999999999999996 0.12916666666666665 0.4893617021276595 0.4042553191489362 0.5625 0.1333333333333333 0.5208333333333335 0.36808510638297864 0.4319148936170212 0.41666666666666674 0.3999999999999999 0.5208333333333335 0.4319148936170212 0.246808510638298 0.10795454545454541 0.41666666666666674 0.1875 0.225531914893617 0.5957446808510638 0.42234848484848486 0.2958333333333334 0.5416666666666665 0.25531914893617014 0.44680851063829774 

oner-dtf
0.5 0.19999999999999996 0.4208333333333334 0.4893617021276595 0.4042553191489362 0.5625 0.1333333333333333 0.5208333333333335 0.36808510638297864 0.4319148936170212 0.41666666666666674 0.3999999999999999 0.5208333333333335 0.1957446808510639 0.246808510638298 0.31818181818181834 0.41666666666666674 0.47916666666666674 0.05319148936170226 0.5957446808510638 0.35984848484848486 0.2958333333333334 0.5416666666666665 0.38936170212765964 0.44680851063829774 

oner-svmf
0.35416666666666674 0.19999999999999996 0.4208333333333334 0.10000000000000009 0.1744680851063829 0.5625 0.1333333333333333 -0.07499999999999996 0.13191489361702136 0.0 0.41666666666666674 0.3999999999999999 0.5208333333333335 0.274468085106383 0.246808510638298 0.10795454545454541 0.41666666666666674 0.3416666666666668 0.225531914893617 0.28936170212765955 0.42234848484848486 0.10000000000000009 0.42500000000000004 0.38936170212765964 0.44680851063829774 

cart-def
0.6931818181818183 0.03333333333333344 0.4541666666666666 0.17234042553191498 0.37234042553191493 0.22537878787878785 0.2124999999999999 0.17500000000000004 0.2872340425531914 -0.02765957446808509 0.5321969696969697 0.1333333333333333 0.25416666666666665 0.27234042553191484 0.2297872340425533 0.490530303030303 0.3333333333333335 0.2958333333333334 0.25106382978723407 -0.04893617021276597 0.12689393939393945 0.029166666666666563 0.1166666666666667 0.2872340425531914 0.35106382978723394 

cart-cfs
0.6231060606060606 0.2958333333333334 0.5291666666666668 0.09361702127659566 0.37234042553191493 0.3579545454545454 0.5958333333333332 0.3500000000000001 0.4659574468085106 0.029787234042553123 0.7348484848484849 0.3125 0.6375 0.472340425531915 0.32340425531914896 0.4412878787878789 0.1499999999999999 0.4541666666666666 0.29361702127659584 0.15106382978723398 0.3712121212121211 0.3125 0.016666666666666607 -0.012765957446808418 0.18723404255319154 

cart-dtf
0.428030303030303 -0.0708333333333333 0.375 0.18085106382978733 0.3872340425531915 0.38636363636363624 0.016666666666666607 0.4125000000000001 0.5361702127659576 -0.02765957446808509 0.09280303030303028 0.4291666666666667 0.25416666666666665 0.32340425531914896 0.3872340425531915 0.09280303030303028 0.16666666666666652 0.2708333333333335 0.45744680851063846 0.30212765957446797 0.35037878787878785 0.19166666666666665 0.1166666666666667 0.31702127659574453 0.2297872340425533 

cart-svmf
0.6931818181818183 0.11250000000000004 0.3541666666666665 0.42978723404255303 0.3085106382978724 0.28787878787878785 -0.05833333333333335 0.3125 0.3659574468085105 0.4148936170212765 0.259469696969697 0.4541666666666666 0.3125 0.5574468085106383 0.2872340425531914 0.043560606060605966 0.19166666666666665 0.3541666666666665 0.15106382978723398 0.25106382978723407 0.35037878787878785 0.44999999999999996 0.3583333333333334 -0.07021276595744685 0.451063829787234 

nb-def
0.1515151515151516 -0.06666666666666665 0.012499999999999956 0.24468085106382986 0.13191489361702136 0.20643939393939403 -0.10833333333333339 0.21666666666666679 0.025531914893617058 0.13191489361702136 -0.10037878787878785 -0.050000000000000044 0.3416666666666668 0.3319148936170213 0.1680851063829787 0.1515151515151516 0.03750000000000009 0.19166666666666665 0.0957446808510638 0.06808510638297882 0.20643939393939403 0.1333333333333333 -0.02083333333333326 0.004255319148936065 0.18297872340425547 

nb-cfs
0.0890151515151516 -0.029166666666666785 0.09166666666666679 0.31063829787234054 0.12553191489361692 0.09469696969696972 0.050000000000000044 0.2124999999999999 0.1404255319148937 -0.21702127659574466 0.06818181818181834 0.0708333333333333 0.2250000000000001 0.3042553191489361 0.2191489361702128 0.03977272727272729 0.21666666666666679 0.25 0.04680851063829783 0.04680851063829783 0.29734848484848486 0.17500000000000004 -0.04166666666666674 0.27659574468085113 0.1404255319148937 

nb-dtf
0.22537878787878785 0.07499999999999996 0.31666666666666665 0.123404255319149 0.15106382978723398 0.27462121212121193 0.054166666666666696 0.1958333333333333 0.16595744680851077 0.2085106382978723 0.19696969696969702 0.09166666666666656 0.4916666666666667 0.029787234042553123 0.1297872340425532 0.18939393939393945 0.11250000000000004 0.43333333333333335 0.08936170212765959 -0.07659574468085095 0.5606060606060606 -0.029166666666666563 0.07916666666666661 -0.012765957446808418 0.15106382978723398 

nb-svmf
0.490530303030303 0.07499999999999996 0.2749999999999999 0.3042553191489361 0.16170212765957448 0.07196969696969702 0.054166666666666696 0.07499999999999996 0.1127659574468085 0.04042553191489362 0.30113636363636376 0.008333333333333304 0.05833333333333335 0.4382978723404256 0.2297872340425533 0.21780303030303028 0.1333333333333333 -0.10833333333333339 0.3148936170212766 0.3382978723404255 0.19886363636363624 0.21666666666666679 0.016666666666666607 0.008510638297872353 0.27234042553191484 

rf-def
0.19696969696969702 -0.10833333333333339 0.4541666666666666 0.09361702127659566 0.008510638297872353 0.15530303030303028 -0.15000000000000002 0.15416666666666656 0.2297872340425533 -0.02765957446808509 0.259469696969697 0.1333333333333333 0.43333333333333335 -0.00638297872340432 0.32978723404255317 0.23863636363636376 0.0708333333333333 0.375 0.07234042553191489 -0.00638297872340432 0.19696969696969702 0.012499999999999956 -0.004166666666666652 0.029787234042553123 0.2085106382978723 

rf-cfs
0.4204545454545454 0.1333333333333333 0.4916666666666667 -0.00638297872340432 0.17234042553191498 0.15530303030303028 0.3541666666666665 0.19166666666666665 0.37234042553191493 -0.04893617021276597 0.3295454545454546 0.3333333333333335 0.5958333333333332 0.2361702127659575 0.26595744680851063 0.3579545454545454 0.3291666666666666 0.5166666666666666 0.19361702127659575 0.17234042553191498 0.46212121212121193 0.2916666666666665 0.1166666666666667 0.2085106382978723 0.3085106382978724 

rf-dtf
0.3446969696969697 0.008333333333333304 0.43333333333333335 0.18085106382978733 0.3872340425531915 0.4772727272727273 0.016666666666666607 0.43333333333333335 0.5361702127659576 0.008510638297872353 0.16287878787878785 0.4291666666666667 0.25416666666666665 0.32340425531914896 0.3872340425531915 0.09280303030303028 0.16666666666666652 0.2708333333333335 0.3148936170212766 0.30212765957446797 0.3920454545454546 0.19166666666666665 0.1958333333333333 0.31702127659574453 0.2297872340425533 

rf-svmf
0.7140151515151516 0.2749999999999999 0.3541666666666665 0.2361702127659575 0.3872340425531915 0.28787878787878785 -0.21666666666666656 0.2958333333333334 0.6297872340425532 0.3361702127659574 0.35037878787878785 0.4541666666666666 0.2916666666666665 0.5361702127659576 0.2872340425531914 0.13446969696969702 0.2916666666666665 0.3541666666666665 0.15106382978723398 0.2297872340425533 0.259469696969697 0.6958333333333333 0.27916666666666656 0.42978723404255303 0.3361702127659574 

svm-def
0.24242424242424243 -0.08333333333333337 0.2124999999999999 -0.04255319148936165 -0.0021276595744681437 0.011363636363636243 -0.29166666666666663 0.5208333333333335 -0.10212765957446812 -0.08510638297872342 0.39583333333333326 0.054166666666666696 0.15416666666666679 -0.13829787234042556 -0.029787234042553123 0.19318181818181834 0.050000000000000044 -0.04166666666666663 -0.08723404255319156 -0.04255319148936165 0.10984848484848486 -0.08333333333333337 -0.08333333333333337 -0.04255319148936165 0.3042553191489361 

svm-cfs
0.125 0.1958333333333333 0.31666666666666665 -0.1404255319148937 0.42553191489361697 -0.007575757575757569 0.004166666666666652 0.29166666666666674 -0.021276595744680882 0.017021276595744705 0.02840909090909083 0.23750000000000004 0.0 -0.014893617021276562 0.2680851063829788 0.08333333333333326 0.22916666666666674 0.0 -0.0787234042553191 0.31914893617021267 0.0890151515151516 -0.02083333333333337 0.23750000000000004 0.0 0.1170212765957448 

svm-dtf
0.3446969696969697 0.050000000000000044 0.43333333333333335 0.15957446808510634 0.3872340425531915 0.49810606060606055 0.016666666666666607 0.3541666666666665 0.5361702127659576 0.008510638297872353 0.1287878787878789 0.4291666666666667 0.25416666666666665 0.32340425531914896 0.3595744680851063 0.07196969696969702 0.16666666666666652 0.2666666666666666 0.3361702127659574 0.30212765957446797 0.2821969696969697 0.20833333333333348 0.17500000000000004 0.31702127659574453 0.3085106382978724 

svm-svmf
0.8465909090909092 0.4166666666666665 0.43333333333333335 0.478723404255319 0.29361702127659584 0.2462121212121211 -0.08333333333333326 0.1958333333333333 0.451063829787234 0.35744680851063837 0.41287878787878785 0.3333333333333335 0.30833333333333335 0.37234042553191493 0.22340425531914887 0.07196969696969702 0.4708333333333332 0.4375 0.29361702127659584 0.37234042553191493 0.2102272727272727 0.4166666666666665 0.3583333333333334 0.4446808510638296 0.6510638297872342 

