rand-def
0.5346161853886603 0.422141119769207 0.6233380681638353 0.5733341843263465 0.5199592559863909 0.5346161853886603 0.46383066833585823 0.5659615711335885 0.3975052351241542 0.5199592559863909 0.5346161853886603 0.46383066833585823 0.5659615711335885 0.4716522684999701 0.4716522684999701 0.48606027544763186 0.6233380681638353 0.5659615711335885 0.5733341843263465 0.5199592559863909 0.5865772162115678 0.46383066833585823 0.3894886248517264 0.4716522684999701 0.5199592559863909 

oner-def
0.35355339059327373 0.41231056256176596 0.34612186758744706 0.36107580315908805 0.4212551036856027 0.30935921676911454 0.4896941363976316 0.30052038200428266 0.38270971639847806 0.3384550685228133 0.4124789556921527 0.3605551275463989 0.338821999318554 0.3384550685228133 0.4159452030629865 0.44610414717189856 0.4124789556921527 0.3682847818679935 0.4301241569627277 0.2858516775009447 0.34865978810590836 0.4330227252183833 0.32409060804383427 0.36793441756239725 0.39116545342234543 

oner-cfs
0.5745242597140698 0.41231056256176596 0.5496289783925961 0.36107580315908805 0.4212551036856027 0.30935921676911454 0.49216076867444664 0.338821999318554 0.38270971639847806 0.3384550685228133 0.4124789556921527 0.3605551275463989 0.338821999318554 0.3384550685228133 0.4159452030629865 0.376203303573792 0.4124789556921527 0.5745242597140698 0.4301241569627277 0.2858516775009447 0.3080112652302243 0.4330227252183833 0.32409060804383427 0.5265688796070034 0.39116545342234543 

oner-dtf
0.35355339059327373 0.41231056256176596 0.34612186758744706 0.36107580315908805 0.4212551036856027 0.30935921676911454 0.49216076867444664 0.338821999318554 0.38270971639847806 0.3384550685228133 0.4124789556921527 0.3605551275463989 0.338821999318554 0.4021332882641079 0.4159452030629865 0.44610414717189856 0.4124789556921527 0.3682847818679935 0.4741507382567351 0.2858516775009447 0.34865978810590836 0.4330227252183833 0.32409060804383427 0.36793441756239725 0.39116545342234543 

oner-svmf
0.35355339059327373 0.41231056256176596 0.34612186758744706 0.3440005105958079 0.41296332197486285 0.30935921676911454 0.49216076867444664 0.561526936130405 0.4353755085082098 0.7071067811865475 0.4124789556921527 0.3605551275463989 0.338821999318554 0.3681558166001377 0.4159452030629865 0.44610414717189856 0.4124789556921527 0.35360249182128545 0.4301241569627277 0.38778310384412124 0.3080112652302243 0.6363961030678927 0.6363961030678927 0.36793441756239725 0.39116545342234543 

cart-def
0.14816974334207686 0.6500600933759894 0.37267799624996495 0.6476775377048691 0.37347850386259485 0.34768363511095385 0.3889198896373848 0.5088112507491248 0.313582665054279 0.575405067234225 0.3926648415643226 0.581014737334605 0.37267799624996495 0.6392351274858575 0.4410058875428335 0.4242762432407834 0.4020887305337246 0.5674091336945503 0.6450511540946369 0.506054336409464 0.5349431734364354 0.5307309555907043 0.6406444780236712 0.4453471542769125 0.36890512519999363 

cart-cfs
0.33334409417892336 0.4306104355705075 0.2358679303244838 0.5706651111475383 0.4266580842655762 0.34768363511095385 0.29227614891096093 0.3889198896373848 0.2690501037951771 0.5816649274475333 0.2674715867182177 0.3682847818679935 0.1667708008015792 0.28917390651969377 0.38423258102889785 0.3423370765968183 0.3889198896373848 0.3682847818679935 0.430881270283395 0.5031386324629487 0.38821830917476363 0.3952847075210474 0.4969437845471054 0.3073860648231183 0.4453471542769125 

cart-dtf
0.33334409417892336 0.5362226423997984 0.29633173977824245 0.43713955597591825 0.32036647191010575 0.31203477767604504 0.500138869604122 0.36443449342783124 0.28642122978084494 0.6427662743771536 0.5437948233638817 0.3259734353525691 0.4366161707444601 0.4553986806658486 0.3097224914811471 0.4890344426164658 0.3830161731427132 0.3681787005729087 0.428510849584769 0.3355501958079374 0.390169902479336 0.4491117777223047 0.5004251664557071 0.3526527549804368 0.4410058875428335 

cart-svmf
0.13594870584097044 0.5028046340279692 0.36443449342783124 0.4986196428259325 0.3355501958079374 0.35356353603398616 0.6645865987380593 0.4444976096673636 0.251662646855953 0.29689810285127505 0.3375492048272703 0.36443449342783124 0.44032816045409684 0.35387334847829566 0.5219079979768422 0.47347727266666567 0.42833657586321316 0.22980970388562794 0.43376085977954054 0.313582665054279 0.3926648415643226 0.2761340254296815 0.4958508400270745 0.6450511540946369 0.43713955597591825 

nb-def
0.4903675727502367 0.5439375474772407 0.5169354139756941 0.3681558166001377 0.4353755085082098 0.38985950016236653 0.575211313827845 0.418495984316324 0.4716522684999701 0.48430551659957605 0.48218521611993465 0.5575320743140154 0.35360249182128545 0.47171944996456894 0.45826497837266295 0.5171044199921233 0.4880605751338659 0.47667832153583634 0.4021332882641079 0.5199592559863909 0.43716781958343964 0.4780693958226381 0.5212498334665334 0.532646305644897 0.444360059390094 

nb-cfs
0.5028489341937941 0.5575320743140154 0.5204498588294126 0.4018292261966562 0.4716522684999701 0.461321028534607 0.5488624600025037 0.5062885787769659 0.4586476075222906 0.4949816061258208 0.5313858668695692 0.5346419492416292 0.35120081703903944 0.4271485249666302 0.5163882825035113 0.5229896821588625 0.418495984316324 0.5303300858899106 0.4586673474610772 0.48271152042509724 0.42882568898506646 0.4780693958226381 0.5105229481184519 0.5115240544753749 0.4873594561254305 

nb-dtf
0.4183527353012861 0.5725491245299393 0.36443449342783124 0.46717513096030405 0.506054336409464 0.37414052486490834 0.5750075482596342 0.5028046340279692 0.4553986806658486 0.4453471542769125 0.465153982818447 0.5164313980471064 0.2150783126109082 0.5783478130393875 0.5093978728336448 0.5176244122330181 0.5124237748192407 0.3064129385141706 0.4947094478121881 0.5985420645099033 0.2518903793323271 0.588437490780079 0.6365665824474993 0.5853500459760199 0.506054336409464 

nb-svmf
0.27189741168194087 0.5725491245299393 0.43337339558399285 0.45826497837266295 0.444360059390094 0.49498895044758057 0.5750075482596342 0.4378371716618963 0.5611316413082763 0.49871042391066694 0.5151027717581327 0.5208249999333322 0.3979221203814748 0.3440005105958079 0.4453471542769125 0.4616416569142463 0.5088112507491248 0.5439375474772407 0.5031386324629487 0.3526527549804368 0.42534227358864884 0.5204498588294126 0.4880605751338659 0.5893962659808726 0.43376085977954054 

rf-def
0.4032979289153383 0.6532238428662023 0.2358679303244838 0.5706651111475383 0.5853500459760199 0.47347727266666567 0.5926634795564849 0.5028046340279692 0.4410058875428335 0.6427662743771536 0.5244964160725132 0.5088112507491248 0.3682847818679935 0.7110968071092937 0.3073860648231183 0.4585758812268425 0.4596194077712559 0.5088112507491248 0.5728424595616899 0.6408265514794406 0.465153982818447 0.581014737334605 0.6425048637948197 0.5728424595616899 0.5131608790842732 

rf-cfs
0.33334409417892336 0.5750075482596342 0.25015620120236876 0.6408265514794406 0.5006582358066549 0.47347727266666567 0.5056022948479916 0.5056022948479916 0.43713955597591825 0.6450511540946369 0.4585758812268425 0.44032816045409684 0.22980970388562794 0.4266580842655762 0.37859488615477116 0.4032979289153383 0.46548399244466204 0.37267799624996495 0.506054336409464 0.5031386324629487 0.326769042821056 0.312374974989995 0.49846988095793926 0.36890512519999363 0.38423258102889785 

rf-dtf
0.33334409417892336 0.5362226423997984 0.29633173977824245 0.43713955597591825 0.32036647191010575 0.3206104329268794 0.500138869604122 0.3682847818679935 0.28642122978084494 0.6427662743771536 0.4890344426164658 0.3415777323278293 0.4366161707444601 0.4553986806658486 0.3097224914811471 0.4890344426164658 0.3830161731427132 0.3681787005729087 0.428510849584769 0.3355501958079374 0.326769042821056 0.4093100563414271 0.5004251664557071 0.3526527549804368 0.4410058875428335 

rf-svmf
0.195084951239668 0.5028046340279692 0.3682847818679935 0.4266580842655762 0.32036647191010575 0.35356353603398616 0.6736676665834571 0.4366161707444601 0.12685027157567694 0.4253297392059073 0.3926648415643226 0.3010542817426046 0.3189065519692076 0.2844387228437175 0.4553986806658486 0.4782656368573125 0.36114449631999407 0.29633173977824245 0.43376085977954054 0.5093978728336448 0.39569284878363964 0.13258252147247765 0.4949747468305832 0.506054336409464 0.4986196428259325 

svm-def
0.47576722630629026 0.5 0.4912515903282146 0.6342513578783847 0.5398996436095879 0.5113005011530292 0.6871842709362768 0.338821999318554 0.5713944567194891 0.7096629821343794 0.42721034696687243 0.5035378309742201 0.4780693958226381 0.5733341843263465 0.6035506829504839 0.4602623443426962 0.7095577652469333 0.7077203229776261 0.5957085855326579 0.5123663137588921 0.5171044199921233 0.5169354139756941 0.49216076867444664 0.557113754656067 0.4271485249666302 

svm-cfs
0.6187184335382291 0.4640177798317646 0.4330227252183833 0.6147721296462366 0.4212551036856027 0.6513609754152051 0.6373842487507481 0.5155986946151908 0.7072668144082834 0.503325293711906 0.6443417303697376 0.4360491817317043 0.6059886320899281 0.6507804278196581 0.38778310384412124 0.6481812160876685 0.5450614771646304 0.7071067811865475 0.6956649703834169 0.4814344042121174 0.5313858668695692 0.6187184335382291 0.422141119769207 0.7071067811865475 0.4453496955092442 

svm-dtf
0.33334409417892336 0.5255949010407159 0.29633173977824245 0.43713955597591825 0.32036647191010575 0.31203477767604504 0.500138869604122 0.43337339558399285 0.28642122978084494 0.6427662743771536 0.430622430675336 0.3415777323278293 0.4366161707444601 0.4553986806658486 0.3097224914811471 0.49498895044758057 0.3830161731427132 0.3681787005729087 0.424530737124229 0.3355501958079374 0.35893274630246225 0.4093100563414271 0.4366161707444601 0.3526527549804368 0.37859488615477116 

svm-svmf
0.13189761626121327 0.3584302194601094 0.3010542817426046 0.35387334847829566 0.43376085977954054 0.3296216387034702 0.625860518717141 0.5004251664557071 0.3648951677902659 0.49588848247662 0.45214208368938097 0.3584302194601094 0.4020887305337246 0.428510849584769 0.39698102461798485 0.49498895044758057 0.22455588886115235 0.35386016148881305 0.430881270283395 0.3648951677902659 0.5161549524293605 0.35630482034348054 0.4252858515816809 0.2785568773280335 0.36890512519999363 

