rand-def
0.45454545454545453 0.2 0.6 0.5 0.4 0.45454545454545453 0.3 0.5 0.1 0.4 0.45454545454545453 0.3 0.5 0.3 0.3 0.36363636363636365 0.6 0.5 0.5 0.4 0.5454545454545454 0.3 0.1 0.3 0.4 

oner-def
0.0 0.3 0.1 0.0 0.0 0.0 0.5 0.2 0.1 0.1 0.0 0.1 0.0 0.1 0.2 0.45454545454545453 0.0 0.0 0.2 0.0 0.18181818181818182 0.1 0.0 0.1 0.0 

cart-def
0.18181818181818182 0.9 0.5 0.9 0.5 0.45454545454545453 0.5 0.7 0.4 0.8 0.5454545454545454 0.8 0.5 0.9 0.6 0.5454545454545454 0.5 0.8 0.9 0.7 0.7272727272727273 0.7 0.9 0.6 0.5 

cart-cfs
0.45454545454545453 0.6 0.3 0.8 0.6 0.45454545454545453 0.4 0.5 0.3 0.8 0.36363636363636365 0.5 0.2 0.4 0.5 0.45454545454545453 0.5 0.5 0.6 0.7 0.5454545454545454 0.5 0.7 0.4 0.6 

cart-dtf
0.45454545454545453 0.7 0.4 0.6 0.4 0.36363636363636365 0.4 0.5 0.4 0.9 0.7272727272727273 0.4 0.6 0.6 0.3 0.6363636363636364 0.5 0.4 0.6 0.4 0.5454545454545454 0.6 0.7 0.4 0.6 

cart-svmf
0.18181818181818182 0.7 0.5 0.7 0.4 0.45454545454545453 0.9 0.6 0.3 0.4 0.45454545454545453 0.5 0.6 0.5 0.7 0.6363636363636364 0.6 0.3 0.6 0.4 0.5454545454545454 0.3 0.7 0.9 0.6 

nb-def
0.09090909090909091 0.3 0.3 0.3 0.4 0.2727272727272727 0.4 0.1 0.3 0.5 0.2727272727272727 0.3 0.2 0.1 0.3 0.18181818181818182 0.4 0.1 0.4 0.4 0.36363636363636365 0.2 0.5 0.4 0.2 

nb-cfs
0.18181818181818182 0.3 0.2 0.2 0.3 0.36363636363636365 0.2 0.2 0.2 0.4 0.18181818181818182 0.2 0.3 0.1 0.1 0.2727272727272727 0.1 0.0 0.4 0.4 0.2727272727272727 0.2 0.5 0.0 0.2 

nb-dtf
0.5454545454545454 0.8 0.5 0.6 0.7 0.45454545454545453 0.8 0.7 0.6 0.6 0.6363636363636364 0.7 0.2 0.8 0.7 0.7272727272727273 0.7 0.4 0.5 0.8 0.2727272727272727 0.8 0.9 0.8 0.7 

nb-svmf
0.36363636363636365 0.8 0.6 0.3 0.2 0.6363636363636364 0.8 0.3 0.1 0.3 0.7272727272727273 0.7 0.4 0.3 0.6 0.6363636363636364 0.7 0.3 0.7 0.4 0.36363636363636365 0.2 0.4 0.8 0.6 

rf-def
0.5454545454545454 0.9 0.3 0.8 0.8 0.6363636363636364 0.8 0.7 0.6 0.9 0.7272727272727273 0.7 0.5 1.0 0.4 0.6363636363636364 0.6 0.7 0.8 0.9 0.6363636363636364 0.8 0.9 0.8 0.7 

rf-cfs
0.45454545454545453 0.8 0.3 0.9 0.7 0.6363636363636364 0.7 0.7 0.6 0.9 0.6363636363636364 0.6 0.3 0.6 0.5 0.5454545454545454 0.6 0.5 0.7 0.7 0.45454545454545453 0.4 0.7 0.5 0.5 

rf-dtf
0.45454545454545453 0.7 0.4 0.6 0.4 0.36363636363636365 0.4 0.5 0.4 0.9 0.6363636363636364 0.4 0.6 0.6 0.3 0.6363636363636364 0.5 0.4 0.6 0.4 0.45454545454545453 0.5 0.7 0.4 0.6 

rf-svmf
0.2727272727272727 0.7 0.5 0.6 0.4 0.45454545454545453 0.9 0.6 0.1 0.6 0.5454545454545454 0.4 0.4 0.4 0.6 0.6363636363636364 0.5 0.4 0.6 0.7 0.5454545454545454 0.0 0.7 0.7 0.7 

svm-def
0.09090909090909091 0.5 0.1 0.5 0.3 0.36363636363636365 0.5 0.0 0.4 1.0 0.0 0.3 0.2 0.5 0.2 0.18181818181818182 1.0 1.0 0.3 0.3 0.18181818181818182 0.3 0.2 0.6 0.1 

svm-cfs
0.0 0.2 0.1 0.8 0.0 0.09090909090909091 0.1 0.0 1.0 0.6 0.9090909090909091 0.2 0.2 0.1 0.2 0.0 0.0 1.0 0.1 0.0 0.18181818181818182 0.0 0.2 1.0 0.5 

svm-dtf
0.45454545454545453 0.7 0.4 0.6 0.4 0.36363636363636365 0.4 0.6 0.4 0.9 0.5454545454545454 0.4 0.6 0.6 0.3 0.6363636363636364 0.5 0.4 0.6 0.4 0.36363636363636365 0.5 0.6 0.4 0.5 

svm-svmf
0.18181818181818182 0.5 0.4 0.5 0.6 0.36363636363636365 0.7 0.7 0.5 0.7 0.6363636363636364 0.5 0.5 0.6 0.5 0.6363636363636364 0.3 0.5 0.6 0.5 0.7272727272727273 0.5 0.6 0.3 0.5 

