rand-def
0.17142857142857143 0.22857142857142856 0.11428571428571428 0.14285714285714285 0.17142857142857143 0.17142857142857143 0.2 0.14285714285714285 0.2571428571428571 0.17142857142857143 0.17142857142857143 0.2 0.14285714285714285 0.2 0.2 0.2 0.11428571428571428 0.14285714285714285 0.14285714285714285 0.17142857142857143 0.14285714285714285 0.2 0.2571428571428571 0.2 0.17142857142857143 

oner-def
0.3142857142857143 0.22580645161290322 0.28125 0.29411764705882354 0.2631578947368421 0.34375 0.17857142857142858 0.3076923076923077 0.2647058823529412 0.2903225806451613 0.28205128205128205 0.2727272727272727 0.30303030303030304 0.2903225806451613 0.23529411764705882 0.2222222222222222 0.2631578947368421 0.2857142857142857 0.22857142857142856 0.3448275862068966 0.2903225806451613 0.23684210526315788 0.3125 0.2727272727272727 0.2777777777777778 

cart-def
0.6428571428571429 0.1 0.38461538461538464 0.1111111111111111 0.38461538461538464 0.4 0.3125 0.2727272727272727 0.4 0.2222222222222222 0.5 0.18181818181818182 0.38461538461538464 0.2 0.3333333333333333 0.29411764705882354 0.2777777777777778 0.4 0.125 0.3 0.23076923076923078 0.1875 0.16666666666666666 0.3076923076923077 0.4166666666666667 

cart-cfs
0.5 0.4444444444444444 0.5 0.2857142857142857 0.5714285714285714 0.4 0.5454545454545454 0.3125 0.3888888888888889 0.18181818181818182 0.5833333333333334 0.4166666666666667 0.5714285714285714 0.6 0.3333333333333333 0.42857142857142855 0.3125 0.4166666666666667 0.4444444444444444 0.3333333333333333 0.625 0.29411764705882354 0.5 0.42857142857142855 0.3076923076923077 

cart-dtf
0.5 0.17647058823529413 0.5 0.36363636363636365 0.375 0.3684210526315789 0.17647058823529413 0.45454545454545453 0.6666666666666666 0.14285714285714285 0.2 0.35294117647058826 0.36363636363636365 0.26666666666666666 0.3181818181818182 0.23529411764705882 0.3333333333333333 0.2727272727272727 0.5 0.3333333333333333 0.5555555555555556 0.2857142857142857 0.375 0.3 0.3333333333333333 

cart-svmf
0.75 0.3333333333333333 0.45454545454545453 0.42857142857142855 0.3333333333333333 0.375 0.07142857142857142 0.3076923076923077 0.4375 0.5 0.46153846153846156 0.45454545454545453 0.3333333333333333 0.8333333333333334 0.21428571428571427 0.2857142857142857 0.5 0.5384615384615384 0.4 0.4 0.5 0.3684210526315789 0.6 0.125 0.36363636363636365 

nb-def
0.23255813953488372 0.17073170731707318 0.1794871794871795 0.25925925925925924 0.21428571428571427 0.25806451612903225 0.15 0.24324324324324326 0.2 0.18518518518518517 0.21052631578947367 0.16666666666666666 0.26666666666666666 0.225 0.20588235294117646 0.20930232558139536 0.18181818181818182 0.21951219512195122 0.24 0.17142857142857143 0.22580645161290322 0.20512820512820512 0.16129032258064516 0.16666666666666666 0.2222222222222222 

nb-cfs
0.21428571428571427 0.16666666666666666 0.19047619047619047 0.24242424242424243 0.2 0.21212121212121213 0.18181818181818182 0.1951219512195122 0.21621621621621623 0.18181818181818182 0.20454545454545456 0.18604651162790697 0.2692307692307692 0.24324324324324326 0.20930232558139536 0.1951219512195122 0.24324324324324326 0.21739130434782608 0.2 0.1875 0.23529411764705882 0.20512820512820512 0.16666666666666666 0.22727272727272727 0.20512820512820512 

nb-dtf
0.3125 0.25 0.45454545454545453 0.23529411764705882 0.3 0.3157894736842105 0.2222222222222222 0.3333333333333333 0.26666666666666666 0.3076923076923077 0.3333333333333333 0.23076923076923078 0.42105263157894735 0.2 0.2727272727272727 0.42857142857142855 0.25 0.42857142857142855 0.17857142857142858 0.13333333333333333 0.42105263157894735 0.15384615384615385 0.5 0.16666666666666666 0.3 

nb-svmf
0.5384615384615384 0.25 0.4 0.20588235294117646 0.2222222222222222 0.2222222222222222 0.2222222222222222 0.21212121212121213 0.1956521739130435 0.1891891891891892 0.6 0.21428571428571427 0.24 0.28 0.3076923076923077 0.36363636363636365 0.2727272727272727 0.17073170731707318 0.3333333333333333 0.3 0.23333333333333334 0.19047619047619047 0.18181818181818182 0.15384615384615385 0.4 

rf-def
0.38461538461538464 0.09090909090909091 0.5 0.2857142857142857 0.16666666666666666 0.2857142857142857 0.14285714285714285 0.3333333333333333 0.3333333333333333 0.14285714285714285 0.3 0.2727272727272727 0.4166666666666667 0.0 0.42857142857142855 0.4 0.25 0.2727272727272727 0.25 0.16666666666666666 0.3333333333333333 0.18181818181818182 0.14285714285714285 0.25 0.25 

rf-cfs
0.5 0.2222222222222222 0.4375 0.16666666666666666 0.375 0.2857142857142857 0.3 0.3 0.36363636363636365 0.125 0.4 0.3333333333333333 0.5384615384615384 0.5714285714285714 0.35714285714285715 0.38461538461538464 0.23529411764705882 0.38461538461538464 0.3 0.3333333333333333 0.6 0.4 0.42857142857142855 0.4166666666666667 0.3333333333333333 

rf-dtf
0.5 0.17647058823529413 0.5 0.36363636363636365 0.375 0.35 0.17647058823529413 0.4166666666666667 0.6666666666666666 0.14285714285714285 0.23529411764705882 0.3157894736842105 0.36363636363636365 0.26666666666666666 0.3181818181818182 0.23529411764705882 0.3333333333333333 0.2727272727272727 0.5 0.3333333333333333 0.6 0.2631578947368421 0.375 0.3 0.3333333333333333 

rf-svmf
0.8 0.3333333333333333 0.4166666666666667 0.5714285714285714 0.375 0.375 0.0625 0.36363636363636365 0.5625 0.6666666666666666 0.5 0.46153846153846156 0.375 0.75 0.26666666666666666 0.26666666666666666 0.5 0.5 0.4 0.2727272727272727 0.45454545454545453 0.5263157894736842 1.0 0.3 0.42857142857142855 

svm-def
0.23809523809523808 0.1724137931034483 0.21428571428571427 0.125 0.175 0.1891891891891892 0.1111111111111111 0.30303030303030304 0.15384615384615385 0.0 0.275 0.18421052631578946 0.20512820512820512 0.14285714285714285 0.1702127659574468 0.23076923076923078 0.0 0.0 0.1590909090909091 0.18421052631578946 0.20930232558139536 0.1794871794871795 0.2 0.14285714285714285 0.24324324324324326 

svm-cfs
0.20754716981132076 0.21052631578947367 0.23684210526315788 0.1111111111111111 0.2631578947368421 0.18518518518518517 0.17307692307692307 0.2222222222222222 0.0 0.18181818181818182 0.25 0.2222222222222222 0.16666666666666666 0.17307692307692307 0.25 0.2 0.2127659574468085 0 0.16363636363636364 0.23809523809523808 0.20454545454545456 0.19230769230769232 0.22857142857142856 0 0.21739130434782608 

svm-dtf
0.5 0.2 0.5 0.36363636363636365 0.375 0.3684210526315789 0.17647058823529413 0.4 0.6666666666666666 0.14285714285714285 0.2777777777777778 0.3157894736842105 0.36363636363636365 0.26666666666666666 0.3181818181818182 0.2222222222222222 0.3333333333333333 0.2727272727272727 0.8 0.3333333333333333 0.2916666666666667 0.2631578947368421 0.36363636363636365 0.3 0.35714285714285715 

svm-svmf
0.8181818181818182 0.5555555555555556 0.46153846153846156 0.8333333333333334 0.4 0.3333333333333333 0.10344827586206896 0.375 0.45454545454545453 0.6 0.5714285714285714 0.5555555555555556 0.2777777777777778 0.5 0.29411764705882354 0.2222222222222222 0.5833333333333334 0.8333333333333334 0.4444444444444444 0.45454545454545453 0.5 0.625 0.6666666666666666 0.3684210526315789 0.4166666666666667 

