rand-def
0.5454545454545454 0.8 0.4 0.5 0.6 0.5454545454545454 0.7 0.5 0.9 0.6 0.5454545454545454 0.7 0.5 0.7 0.7 0.6363636363636364 0.4 0.5 0.5 0.6 0.45454545454545453 0.7 0.9 0.7 0.6 

oner-def
1.0 0.7 0.9 1.0 1.0 1.0 0.5 0.8 0.9 0.9 1.0 0.9 1.0 0.9 0.8 0.5454545454545454 1.0 1.0 0.8 1.0 0.8181818181818182 0.9 1.0 0.9 1.0 

cart-def
0.8181818181818182 0.1 0.5 0.1 0.5 0.5454545454545454 0.5 0.3 0.6 0.2 0.45454545454545453 0.2 0.5 0.1 0.4 0.45454545454545453 0.5 0.2 0.1 0.3 0.2727272727272727 0.3 0.1 0.4 0.5 

cart-cfs
0.5454545454545454 0.4 0.7 0.2 0.4 0.5454545454545454 0.6 0.5 0.7 0.2 0.6363636363636364 0.5 0.8 0.6 0.5 0.5454545454545454 0.5 0.5 0.4 0.3 0.45454545454545453 0.5 0.3 0.6 0.4 

cart-dtf
0.5454545454545454 0.3 0.6 0.4 0.6 0.6363636363636364 0.6 0.5 0.6 0.1 0.2727272727272727 0.6 0.4 0.4 0.7 0.36363636363636365 0.5 0.6 0.4 0.6 0.45454545454545453 0.4 0.3 0.6 0.4 

cart-svmf
0.8181818181818182 0.3 0.5 0.3 0.6 0.5454545454545454 0.1 0.4 0.7 0.6 0.5454545454545454 0.5 0.4 0.5 0.3 0.36363636363636365 0.4 0.7 0.4 0.6 0.45454545454545453 0.7 0.3 0.1 0.4 

nb-def
0.9090909090909091 0.7 0.7 0.7 0.6 0.7272727272727273 0.6 0.9 0.7 0.5 0.7272727272727273 0.7 0.8 0.9 0.7 0.8181818181818182 0.6 0.9 0.6 0.6 0.6363636363636364 0.8 0.5 0.6 0.8 

nb-cfs
0.8181818181818182 0.7 0.8 0.8 0.7 0.6363636363636364 0.8 0.8 0.8 0.6 0.8181818181818182 0.8 0.7 0.9 0.9 0.7272727272727273 0.9 1.0 0.6 0.6 0.7272727272727273 0.8 0.5 1.0 0.8 

nb-dtf
0.45454545454545453 0.2 0.5 0.4 0.3 0.5454545454545454 0.2 0.3 0.4 0.4 0.36363636363636365 0.3 0.8 0.2 0.3 0.2727272727272727 0.3 0.6 0.5 0.2 0.7272727272727273 0.2 0.1 0.2 0.3 

nb-svmf
0.6363636363636364 0.2 0.4 0.7 0.8 0.36363636363636365 0.2 0.7 0.9 0.7 0.2727272727272727 0.3 0.6 0.7 0.4 0.36363636363636365 0.3 0.7 0.3 0.6 0.6363636363636364 0.8 0.6 0.2 0.4 

rf-def
0.45454545454545453 0.1 0.7 0.2 0.2 0.36363636363636365 0.2 0.3 0.4 0.1 0.2727272727272727 0.3 0.5 0.0 0.6 0.36363636363636365 0.4 0.3 0.2 0.1 0.36363636363636365 0.2 0.1 0.2 0.3 

rf-cfs
0.5454545454545454 0.2 0.7 0.1 0.3 0.36363636363636365 0.3 0.3 0.4 0.1 0.36363636363636365 0.4 0.7 0.4 0.5 0.45454545454545453 0.4 0.5 0.3 0.3 0.5454545454545454 0.6 0.3 0.5 0.5 

rf-dtf
0.5454545454545454 0.3 0.6 0.4 0.6 0.6363636363636364 0.6 0.5 0.6 0.1 0.36363636363636365 0.6 0.4 0.4 0.7 0.36363636363636365 0.5 0.6 0.4 0.6 0.5454545454545454 0.5 0.3 0.6 0.4 

rf-svmf
0.7272727272727273 0.3 0.5 0.4 0.6 0.5454545454545454 0.1 0.4 0.9 0.4 0.45454545454545453 0.6 0.6 0.6 0.4 0.36363636363636365 0.5 0.6 0.4 0.3 0.45454545454545453 1.0 0.3 0.3 0.3 

svm-def
0.9090909090909091 0.5 0.9 0.5 0.7 0.6363636363636364 0.5 1.0 0.6 0.0 1.0 0.7 0.8 0.5 0.8 0.8181818181818182 0.0 0.0 0.7 0.7 0.8181818181818182 0.7 0.8 0.4 0.9 

svm-cfs
1.0 0.8 0.9 0.2 1.0 0.9090909090909091 0.9 1.0 0.0 0.4 0.09090909090909091 0.8 0.8 0.9 0.8 1.0 1.0 0.0 0.9 1.0 0.8181818181818182 1.0 0.8 0.0 0.5 

svm-dtf
0.5454545454545454 0.3 0.6 0.4 0.6 0.6363636363636364 0.6 0.4 0.6 0.1 0.45454545454545453 0.6 0.4 0.4 0.7 0.36363636363636365 0.5 0.6 0.4 0.6 0.6363636363636364 0.5 0.4 0.6 0.5 

svm-svmf
0.8181818181818182 0.5 0.6 0.5 0.4 0.6363636363636364 0.3 0.3 0.5 0.3 0.36363636363636365 0.5 0.5 0.4 0.5 0.36363636363636365 0.7 0.5 0.4 0.5 0.2727272727272727 0.5 0.4 0.7 0.5 

