rand-def
0.3958333333333333 0.4375 0.3541666666666667 0.3617021276595745 0.3829787234042553 0.3958333333333333 0.4166666666666667 0.375 0.44680851063829785 0.3829787234042553 0.3958333333333333 0.4166666666666667 0.375 0.40425531914893614 0.40425531914893614 0.4166666666666667 0.3541666666666667 0.375 0.3617021276595745 0.3829787234042553 0.375 0.4166666666666667 0.4583333333333333 0.40425531914893614 0.3829787234042553 

oner-def
0.5 0.5 0.5208333333333334 0.48936170212765956 0.40425531914893614 0.5625 0.5208333333333334 0.625 0.46808510638297873 0.5319148936170213 0.4166666666666667 0.5 0.5208333333333334 0.5319148936170213 0.44680851063829785 0.5625 0.4166666666666667 0.4791666666666667 0.425531914893617 0.5957446808510638 0.5416666666666666 0.3958333333333333 0.5416666666666666 0.48936170212765956 0.44680851063829785 

cart-def
0.8958333333333334 0.8125 0.8333333333333334 0.8297872340425532 0.8297872340425532 0.8125 0.7708333333333334 0.8333333333333334 0.8085106382978723 0.851063829787234 0.8958333333333334 0.8125 0.8333333333333334 0.9148936170212766 0.8297872340425532 0.75 0.7291666666666666 0.9375 0.851063829787234 0.851063829787234 0.7916666666666666 0.7291666666666666 0.8958333333333334 0.8085106382978723 0.851063829787234 

cart-cfs
0.875 0.8958333333333334 0.8541666666666666 0.8936170212765957 0.9361702127659575 0.8125 0.8958333333333334 0.7708333333333334 0.7659574468085106 0.8085106382978723 0.8958333333333334 0.8541666666666666 0.875 0.9148936170212766 0.7872340425531915 0.8333333333333334 0.7708333333333334 0.8541666666666666 0.8936170212765957 0.8723404255319149 0.9375 0.75 0.9375 0.8297872340425532 0.8085106382978723 

cart-dtf
0.875 0.7083333333333334 0.875 0.851063829787234 0.7872340425531915 0.75 0.4166666666666667 0.875 0.9361702127659575 0.8723404255319149 0.75 0.7708333333333334 0.8541666666666666 0.7659574468085106 0.6808510638297872 0.7291666666666666 0.7916666666666666 0.6666666666666666 0.9148936170212766 0.7446808510638298 0.9166666666666666 0.7916666666666666 0.8958333333333334 0.7021276595744681 0.8297872340425532 

cart-svmf
0.9375 0.875 0.875 0.9148936170212766 0.7446808510638298 0.7916666666666666 0.7291666666666666 0.8125 0.8085106382978723 0.8723404255319149 0.8541666666666666 0.875 0.8333333333333334 0.9787234042553191 0.7659574468085106 0.7916666666666666 0.9166666666666666 0.875 0.8723404255319149 0.8085106382978723 0.8958333333333334 0.75 0.9583333333333334 0.851063829787234 0.851063829787234 

nb-def
0.3125 0.2916666666666667 0.3333333333333333 0.574468085106383 0.5319148936170213 0.5208333333333334 0.2916666666666667 0.4166666666666667 0.40425531914893614 0.5319148936170213 0.375 0.2708333333333333 0.5416666666666666 0.3404255319148936 0.425531914893617 0.2916666666666667 0.4375 0.3333333333333333 0.5957446808510638 0.3829787234042553 0.5 0.3541666666666667 0.4583333333333333 0.3617021276595745 0.40425531914893614 

nb-cfs
0.3125 0.2708333333333333 0.2916666666666667 0.46808510638297873 0.40425531914893614 0.4583333333333333 0.25 0.3125 0.3829787234042553 0.425531914893617 0.2708333333333333 0.2708333333333333 0.6041666666666666 0.40425531914893614 0.2765957446808511 0.3125 0.4166666666666667 0.25 0.48936170212765956 0.44680851063829785 0.4583333333333333 0.3541666666666667 0.4791666666666667 0.2765957446808511 0.3404255319148936 

nb-dtf
0.7708333333333334 0.875 0.875 0.723404255319149 0.851063829787234 0.7291666666666666 0.8541666666666666 0.875 0.7659574468085106 0.8085106382978723 0.8333333333333334 0.7916666666666666 0.7708333333333334 0.8297872340425532 0.8297872340425532 0.9166666666666666 0.8125 0.8333333333333334 0.5106382978723404 0.723404255319149 0.7708333333333334 0.7708333333333334 0.9791666666666666 0.7872340425531915 0.851063829787234 

nb-svmf
0.875 0.875 0.875 0.425531914893617 0.40425531914893614 0.7083333333333334 0.8541666666666666 0.4583333333333333 0.2127659574468085 0.3617021276595745 0.9583333333333334 0.7708333333333334 0.6041666666666666 0.6170212765957447 0.8085106382978723 0.8541666666666666 0.8333333333333334 0.2916666666666667 0.8723404255319149 0.7021276595744681 0.5208333333333334 0.2916666666666667 0.4375 0.7659574468085106 0.8723404255319149 

rf-def
0.8333333333333334 0.7916666666666666 0.8541666666666666 0.8936170212765957 0.7872340425531915 0.7916666666666666 0.75 0.875 0.8297872340425532 0.8723404255319149 0.8541666666666666 0.8333333333333334 0.8541666666666666 0.8936170212765957 0.8297872340425532 0.875 0.75 0.8333333333333334 0.8723404255319149 0.8936170212765957 0.8333333333333334 0.8125 0.875 0.8723404255319149 0.8085106382978723 

rf-cfs
0.875 0.8541666666666666 0.8125 0.8936170212765957 0.8936170212765957 0.7916666666666666 0.8541666666666666 0.8541666666666666 0.851063829787234 0.851063829787234 0.875 0.8333333333333334 0.875 0.9361702127659575 0.8085106382978723 0.8333333333333334 0.7291666666666666 0.8333333333333334 0.851063829787234 0.8723404255319149 0.9166666666666666 0.8125 0.9166666666666666 0.851063829787234 0.7872340425531915 

rf-dtf
0.875 0.7083333333333334 0.875 0.851063829787234 0.7872340425531915 0.7291666666666666 0.4166666666666667 0.8541666666666666 0.9361702127659575 0.8723404255319149 0.7291666666666666 0.7291666666666666 0.8541666666666666 0.7659574468085106 0.6808510638297872 0.7291666666666666 0.7916666666666666 0.6666666666666666 0.9148936170212766 0.7446808510638298 0.9166666666666666 0.7083333333333334 0.8958333333333334 0.7021276595744681 0.8297872340425532 

rf-svmf
0.9583333333333334 0.875 0.8541666666666666 0.9361702127659575 0.7872340425531915 0.7916666666666666 0.6875 0.8541666666666666 0.851063829787234 0.9574468085106383 0.8958333333333334 0.8541666666666666 0.7916666666666666 0.9574468085106383 0.7659574468085106 0.7708333333333334 0.8958333333333334 0.875 0.8723404255319149 0.8297872340425532 0.875 0.8125 1.0 0.851063829787234 0.9148936170212766 

svm-def
0.3333333333333333 0.5 0.3125 0.2553191489361702 0.2978723404255319 0.375 0.16666666666666666 0.5208333333333334 0.2978723404255319 0.9148936170212766 0.3958333333333333 0.3541666666666667 0.3541666666666667 0.3617021276595745 0.1702127659574468 0.375 0.9166666666666666 0.9583333333333334 0.2127659574468085 0.3404255319148936 0.2916666666666667 0.3333333333333333 0.3333333333333333 0.48936170212765956 0.40425531914893614 

svm-cfs
0.125 0.375 0.3958333333333333 0.6595744680851063 0.40425531914893614 0.08333333333333333 0.10416666666666667 0.2708333333333333 0.9787234042553191 0.6170212765957447 0.9375 0.4166666666666667 0.16666666666666666 0.0851063829787234 0.48936170212765956 0.08333333333333333 0.22916666666666666 1.0 0.02127659574468085 0.3191489361702128 0.2708333333333333 0.125 0.4375 1.0 0.6170212765957447 

svm-dtf
0.875 0.75 0.875 0.851063829787234 0.7872340425531915 0.75 0.4166666666666667 0.875 0.9361702127659575 0.8723404255319149 0.7291666666666666 0.7291666666666666 0.8541666666666666 0.7659574468085106 0.6808510638297872 0.7083333333333334 0.7916666666666666 0.6666666666666666 0.9787234042553191 0.7446808510638298 0.6458333333333334 0.7083333333333334 0.8541666666666666 0.7021276595744681 0.8085106382978723 

svm-svmf
0.9583333333333334 0.9166666666666666 0.8541666666666666 0.9787234042553191 0.8723404255319149 0.7083333333333334 0.4583333333333333 0.8958333333333334 0.8723404255319149 0.9574468085106383 0.9375 0.9166666666666666 0.7291666666666666 0.9148936170212766 0.7446808510638298 0.7083333333333334 0.8958333333333334 0.9791666666666666 0.8936170212765957 0.8723404255319149 0.9375 0.9375 0.9583333333333334 0.7446808510638298 0.851063829787234 

