rand-def
0.6041666666666666 0.5625 0.6458333333333334 0.6382978723404256 0.6170212765957447 0.6041666666666666 0.5833333333333334 0.625 0.5531914893617021 0.6170212765957447 0.6041666666666666 0.5833333333333334 0.625 0.5957446808510638 0.5957446808510638 0.5833333333333334 0.6458333333333334 0.625 0.6382978723404256 0.6170212765957447 0.625 0.5833333333333334 0.5416666666666666 0.5957446808510638 0.6170212765957447 

oner-def
0.5 0.5 0.4791666666666667 0.5106382978723404 0.5957446808510638 0.4375 0.4791666666666667 0.375 0.5319148936170213 0.46808510638297873 0.5833333333333334 0.5 0.4791666666666667 0.46808510638297873 0.5531914893617021 0.4375 0.5833333333333334 0.5208333333333334 0.574468085106383 0.40425531914893614 0.4583333333333333 0.6041666666666666 0.4583333333333333 0.5106382978723404 0.5531914893617021 

cart-def
0.10416666666666667 0.1875 0.16666666666666666 0.1702127659574468 0.1702127659574468 0.1875 0.22916666666666666 0.16666666666666666 0.19148936170212766 0.14893617021276595 0.10416666666666667 0.1875 0.16666666666666666 0.0851063829787234 0.1702127659574468 0.25 0.2708333333333333 0.0625 0.14893617021276595 0.14893617021276595 0.20833333333333334 0.2708333333333333 0.10416666666666667 0.19148936170212766 0.14893617021276595 

cart-cfs
0.125 0.10416666666666667 0.14583333333333334 0.10638297872340426 0.06382978723404255 0.1875 0.10416666666666667 0.22916666666666666 0.23404255319148937 0.19148936170212766 0.10416666666666667 0.14583333333333334 0.125 0.0851063829787234 0.2127659574468085 0.16666666666666666 0.22916666666666666 0.14583333333333334 0.10638297872340426 0.1276595744680851 0.0625 0.25 0.0625 0.1702127659574468 0.19148936170212766 

cart-dtf
0.125 0.2916666666666667 0.125 0.14893617021276595 0.2127659574468085 0.25 0.5833333333333334 0.125 0.06382978723404255 0.1276595744680851 0.25 0.22916666666666666 0.14583333333333334 0.23404255319148937 0.3191489361702128 0.2708333333333333 0.20833333333333334 0.3333333333333333 0.0851063829787234 0.2553191489361702 0.08333333333333333 0.20833333333333334 0.10416666666666667 0.2978723404255319 0.1702127659574468 

cart-svmf
0.0625 0.125 0.125 0.0851063829787234 0.2553191489361702 0.20833333333333334 0.2708333333333333 0.1875 0.19148936170212766 0.1276595744680851 0.14583333333333334 0.125 0.16666666666666666 0.02127659574468085 0.23404255319148937 0.20833333333333334 0.08333333333333333 0.125 0.1276595744680851 0.19148936170212766 0.10416666666666667 0.25 0.041666666666666664 0.14893617021276595 0.14893617021276595 

nb-def
0.6875 0.7083333333333334 0.6666666666666666 0.425531914893617 0.46808510638297873 0.4791666666666667 0.7083333333333334 0.5833333333333334 0.5957446808510638 0.46808510638297873 0.625 0.7291666666666666 0.4583333333333333 0.6595744680851063 0.574468085106383 0.7083333333333334 0.5625 0.6666666666666666 0.40425531914893614 0.6170212765957447 0.5 0.6458333333333334 0.5416666666666666 0.6382978723404256 0.5957446808510638 

nb-cfs
0.6875 0.7291666666666666 0.7083333333333334 0.5319148936170213 0.5957446808510638 0.5416666666666666 0.75 0.6875 0.6170212765957447 0.574468085106383 0.7291666666666666 0.7291666666666666 0.3958333333333333 0.5957446808510638 0.723404255319149 0.6875 0.5833333333333334 0.75 0.5106382978723404 0.5531914893617021 0.5416666666666666 0.6458333333333334 0.5208333333333334 0.723404255319149 0.6595744680851063 

nb-dtf
0.22916666666666666 0.125 0.125 0.2765957446808511 0.14893617021276595 0.2708333333333333 0.14583333333333334 0.125 0.23404255319148937 0.19148936170212766 0.16666666666666666 0.20833333333333334 0.22916666666666666 0.1702127659574468 0.1702127659574468 0.08333333333333333 0.1875 0.16666666666666666 0.48936170212765956 0.2765957446808511 0.22916666666666666 0.22916666666666666 0.020833333333333332 0.2127659574468085 0.14893617021276595 

nb-svmf
0.125 0.125 0.125 0.574468085106383 0.5957446808510638 0.2916666666666667 0.14583333333333334 0.5416666666666666 0.7872340425531915 0.6382978723404256 0.041666666666666664 0.22916666666666666 0.3958333333333333 0.3829787234042553 0.19148936170212766 0.14583333333333334 0.16666666666666666 0.7083333333333334 0.1276595744680851 0.2978723404255319 0.4791666666666667 0.7083333333333334 0.5625 0.23404255319148937 0.1276595744680851 

rf-def
0.16666666666666666 0.20833333333333334 0.14583333333333334 0.10638297872340426 0.2127659574468085 0.20833333333333334 0.25 0.125 0.1702127659574468 0.1276595744680851 0.14583333333333334 0.16666666666666666 0.14583333333333334 0.10638297872340426 0.1702127659574468 0.125 0.25 0.16666666666666666 0.1276595744680851 0.10638297872340426 0.16666666666666666 0.1875 0.125 0.1276595744680851 0.19148936170212766 

rf-cfs
0.125 0.14583333333333334 0.1875 0.10638297872340426 0.10638297872340426 0.20833333333333334 0.14583333333333334 0.14583333333333334 0.14893617021276595 0.14893617021276595 0.125 0.16666666666666666 0.125 0.06382978723404255 0.19148936170212766 0.16666666666666666 0.2708333333333333 0.16666666666666666 0.14893617021276595 0.1276595744680851 0.08333333333333333 0.1875 0.08333333333333333 0.14893617021276595 0.2127659574468085 

rf-dtf
0.125 0.2916666666666667 0.125 0.14893617021276595 0.2127659574468085 0.2708333333333333 0.5833333333333334 0.14583333333333334 0.06382978723404255 0.1276595744680851 0.2708333333333333 0.2708333333333333 0.14583333333333334 0.23404255319148937 0.3191489361702128 0.2708333333333333 0.20833333333333334 0.3333333333333333 0.0851063829787234 0.2553191489361702 0.08333333333333333 0.2916666666666667 0.10416666666666667 0.2978723404255319 0.1702127659574468 

rf-svmf
0.041666666666666664 0.125 0.14583333333333334 0.06382978723404255 0.2127659574468085 0.20833333333333334 0.3125 0.14583333333333334 0.14893617021276595 0.0425531914893617 0.10416666666666667 0.14583333333333334 0.20833333333333334 0.0425531914893617 0.23404255319148937 0.22916666666666666 0.10416666666666667 0.125 0.1276595744680851 0.1702127659574468 0.125 0.1875 0.0 0.14893617021276595 0.0851063829787234 

svm-def
0.6666666666666666 0.5 0.6875 0.7446808510638298 0.7021276595744681 0.625 0.8333333333333334 0.4791666666666667 0.7021276595744681 0.0851063829787234 0.6041666666666666 0.6458333333333334 0.6458333333333334 0.6382978723404256 0.8297872340425532 0.625 0.08333333333333333 0.041666666666666664 0.7872340425531915 0.6595744680851063 0.7083333333333334 0.6666666666666666 0.6666666666666666 0.5106382978723404 0.5957446808510638 

svm-cfs
0.875 0.625 0.6041666666666666 0.3404255319148936 0.5957446808510638 0.9166666666666666 0.8958333333333334 0.7291666666666666 0.02127659574468085 0.3829787234042553 0.0625 0.5833333333333334 0.8333333333333334 0.9148936170212766 0.5106382978723404 0.9166666666666666 0.7708333333333334 0.0 0.9787234042553191 0.6808510638297872 0.7291666666666666 0.875 0.5625 0.0 0.3829787234042553 

svm-dtf
0.125 0.25 0.125 0.14893617021276595 0.2127659574468085 0.25 0.5833333333333334 0.125 0.06382978723404255 0.1276595744680851 0.2708333333333333 0.2708333333333333 0.14583333333333334 0.23404255319148937 0.3191489361702128 0.2916666666666667 0.20833333333333334 0.3333333333333333 0.02127659574468085 0.2553191489361702 0.3541666666666667 0.2916666666666667 0.14583333333333334 0.2978723404255319 0.19148936170212766 

svm-svmf
0.041666666666666664 0.08333333333333333 0.14583333333333334 0.02127659574468085 0.1276595744680851 0.2916666666666667 0.5416666666666666 0.10416666666666667 0.1276595744680851 0.0425531914893617 0.0625 0.08333333333333333 0.2708333333333333 0.0851063829787234 0.2553191489361702 0.2916666666666667 0.10416666666666667 0.020833333333333332 0.10638297872340426 0.1276595744680851 0.0625 0.0625 0.041666666666666664 0.2553191489361702 0.14893617021276595 

