rand-def
0.0 0.0 0.0 0.0 0.0 0.0 0.0 0.0 0.0 0.0 0.0 0.0 0.0 0.0 0.0 0.0 0.0 0.0 0.0 0.0 0.0 0.0 0.0 0.0 0.0 

oner-def
0.2941176470588235 0.06896551724137923 0.35135135135135126 0.31428571428571433 0.1515151515151516 0.3823529411764705 -0.09677419354838707 0.3428571428571428 0.03703703703703715 0.303030303030303 0.1764705882352942 0.19354838709677424 0.3428571428571428 0.25806451612903225 0.09677419354838719 0.18749999999999992 0.24324324324324328 0.28571428571428575 0.1714285714285714 0.4242424242424242 0.3333333333333333 0.032258064516129094 0.1851851851851853 0.19354838709677416 0.2121212121212122 

oner-cfs
-0.14705882352941174 0.06896551724137923 -0.02702702702702699 0.31428571428571433 0.1515151515151516 0.3823529411764705 -0.09677419354838707 0.3428571428571428 0.03703703703703715 0.303030303030303 0.1764705882352942 0.19354838709677424 0.3428571428571428 0.25806451612903225 0.09677419354838719 0.18749999999999992 0.24324324324324328 -0.11428571428571434 0.1714285714285714 0.4242424242424242 0.41666666666666663 0.032258064516129094 0.1851851851851853 -0.12903225806451613 0.2121212121212122 

oner-dtf
0.0882352941176471 0.06896551724137923 0.35135135135135126 0.31428571428571433 0.1515151515151516 0.3823529411764705 -0.09677419354838707 0.3428571428571428 0.03703703703703715 0.303030303030303 0.1764705882352942 0.19354838709677424 0.3428571428571428 0.25806451612903225 0.09677419354838719 0.18749999999999992 0.24324324324324328 0.28571428571428575 0.7714285714285715 0.4848484848484848 0.3333333333333333 0.032258064516129094 0.5925925925925926 0.19354838709677416 0.2121212121212122 

oner-svmf
0.0882352941176471 0.06896551724137923 0.35135135135135126 0.7428571428571428 0.696969696969697 0.3823529411764705 -0.09677419354838707 0.28571428571428575 0.03703703703703715 0.696969696969697 0.1764705882352942 0.19354838709677424 0.3428571428571428 0.25806451612903225 0.09677419354838719 0.18749999999999992 0.24324324324324328 0.7999999999999999 0.1714285714285714 0.4242424242424242 0.41666666666666663 0.7096774193548386 0.6666666666666667 0.19354838709677416 0.2121212121212122 

cart-def
0.7352941176470588 0.3793103448275863 0.6756756756756757 0.6285714285714286 0.5757575757575758 0.6764705882352943 0.3870967741935484 0.5714285714285715 0.5185185185185185 0.5454545454545454 0.6470588235294118 0.5806451612903225 0.7428571428571429 0.6451612903225806 0.48387096774193555 0.4999999999999999 0.6486486486486486 0.6857142857142856 0.6857142857142856 0.5151515151515152 0.5555555555555555 0.5161290322580645 0.5185185185185186 0.5806451612903225 0.696969696969697 

cart-cfs
0.588235294117647 0.48275862068965525 0.6756756756756757 0.6285714285714286 0.606060606060606 0.5 0.48387096774193544 0.5142857142857142 0.5925925925925926 0.5757575757575758 0.7647058823529412 0.5483870967741934 0.7999999999999999 0.6774193548387097 0.5161290322580645 0.6562500000000001 0.5135135135135135 0.6285714285714286 0.7142857142857143 0.7272727272727272 0.7222222222222223 0.5483870967741934 0.5925925925925926 0.6774193548387097 0.4848484848484848 

cart-dtf
0.6764705882352943 0.27586206896551735 0.7297297297297296 0.4285714285714286 0.4545454545454546 0.588235294117647 0.19354838709677424 0.6 0.5555555555555556 0.5454545454545454 0.3823529411764705 0.4193548387096775 0.6285714285714286 0.48387096774193555 0.4193548387096775 0.375 0.5675675675675675 0.5428571428571428 0.6857142857142856 0.5151515151515152 0.7777777777777779 0.3870967741935484 0.5555555555555557 0.19354838709677416 0.5454545454545454 

cart-svmf
0.7941176470588235 0.48275862068965525 0.7027027027027025 0.7142857142857143 0.606060606060606 0.6176470588235294 0.2903225806451613 0.48571428571428577 0.48148148148148157 0.6666666666666666 0.6470588235294118 0.6451612903225805 0.6 0.6129032258064516 0.4516129032258064 0.375 0.7027027027027025 0.7142857142857143 0.6285714285714286 0.6363636363636364 0.6944444444444445 0.5161290322580645 0.6296296296296297 0.48387096774193555 0.6363636363636364 

nb-def
0.0 -0.2068965517241379 0.0 0.3428571428571428 0.2121212121212122 0.26470588235294124 -0.22580645161290314 0.0857142857142857 -0.07407407407407407 0.1818181818181818 -0.08823529411764701 -0.22580645161290314 0.3428571428571428 -0.03225806451612903 0.09677419354838719 -0.15625 0.16216216216216212 0.0 0.22857142857142856 0.0 0.2222222222222223 0.032258064516129094 -0.11111111111111097 -0.06451612903225806 0.2727272727272728 

nb-cfs
-0.05882352941176464 -0.31034482758620685 0.02702702702702699 0.2857142857142857 0.0606060606060606 0.14705882352941174 -0.2580645161290322 -0.02857142857142863 -0.14814814814814814 -0.0606060606060606 -0.11764705882352938 -0.22580645161290314 0.31428571428571417 0.12903225806451613 -0.06451612903225806 -0.06250000000000004 0.13513513513513514 -0.02857142857142863 0.14285714285714285 0.1515151515151516 0.1944444444444444 -0.03225806451612899 -0.03703703703703687 -0.09677419354838708 0.0 

nb-dtf
0.5 0.5172413793103448 0.7297297297297296 0.45714285714285713 0.5151515151515152 0.47058823529411775 0.5161290322580645 0.6285714285714286 0.37037037037037035 0.5454545454545454 0.5588235294117647 0.4516129032258064 0.6285714285714286 0.48387096774193555 0.5161290322580645 0.625 0.5675675675675675 0.6571428571428571 0.14285714285714285 0.3636363636363636 0.6666666666666667 0.3870967741935484 0.6296296296296297 0.4193548387096775 0.5757575757575758 

nb-svmf
0.7058823529411765 0.48275862068965525 0.7027027027027025 0.25714285714285723 0.0606060606060606 0.3823529411764705 0.5806451612903225 0.05714285714285707 -0.4074074074074074 0.0 0.7352941176470588 0.3225806451612904 0.2571428571428571 0.35483870967741943 0.5483870967741936 0.5624999999999999 0.5945945945945946 -0.0857142857142857 0.6285714285714286 0.3636363636363636 0.25 -0.03225806451612899 -0.11111111111111097 0.3870967741935483 0.6363636363636364 

rf-def
0.6470588235294118 0.4137931034482758 0.6216216216216215 0.6571428571428571 0.4242424242424242 0.588235294117647 0.2903225806451613 0.5714285714285715 0.48148148148148157 0.5454545454545454 0.5588235294117647 0.5483870967741934 0.6857142857142856 0.4516129032258064 0.5483870967741936 0.5624999999999999 0.5135135135135135 0.5714285714285715 0.6285714285714286 0.5454545454545454 0.6666666666666667 0.4516129032258064 0.48148148148148145 0.48387096774193555 0.5757575757575758 

rf-cfs
0.6470588235294118 0.4137931034482758 0.7027027027027025 0.6000000000000001 0.606060606060606 0.5588235294117647 0.5483870967741934 0.6 0.5555555555555556 0.5151515151515152 0.7058823529411765 0.5483870967741934 0.7999999999999999 0.6774193548387097 0.5806451612903225 0.53125 0.6216216216216215 0.6571428571428571 0.7428571428571428 0.5757575757575758 0.75 0.5806451612903225 0.5925925925925926 0.5806451612903225 0.5454545454545454 

rf-dtf
0.47058823529411775 0.27586206896551735 0.7297297297297296 0.4285714285714286 0.5757575757575758 0.5294117647058822 0.16129032258064516 0.7999999999999999 0.3333333333333334 0.5454545454545454 0.3823529411764705 0.4193548387096775 0.6285714285714286 0.4193548387096775 0.4193548387096775 0.375 0.4054054054054054 0.5428571428571428 0.7428571428571428 0.4545454545454546 0.75 0.2580645161290322 0.5555555555555557 0.19354838709677416 0.5454545454545454 

rf-svmf
0.7941176470588235 0.5517241379310345 0.7027027027027025 0.7428571428571428 0.5454545454545454 0.6176470588235294 0.032258064516129094 0.6857142857142856 0.7037037037037037 0.696969696969697 0.6470588235294118 0.6774193548387096 0.5714285714285715 0.8387096774193548 0.4193548387096775 0.40624999999999994 0.7027027027027025 0.6857142857142856 0.6285714285714286 0.5454545454545454 0.6944444444444445 0.6451612903225805 0.6666666666666667 0.48387096774193555 0.7575757575757576 

svm-def
0.02941176470588237 0.5172413793103448 0.08108108108108106 -0.14285714285714285 0.6666666666666666 0.0 -0.4516129032258064 0.3428571428571428 -0.37037037037037035 0.5757575757575758 0.14705882352941174 -0.09677419354838707 0.5714285714285715 -0.12903225806451613 -0.3225806451612903 0.0 0.6216216216216215 -0.05714285714285717 -0.14285714285714285 -0.0303030303030303 0.0 0.2903225806451613 0.48148148148148145 0.03225806451612903 0.1212121212121212 

svm-cfs
-0.23529411764705876 -0.06896551724137934 0.2162162162162162 0.31428571428571433 0.1515151515151516 -0.32352941176470584 0.6451612903225805 0.0 -0.5555555555555555 0.2727272727272728 -0.2647058823529411 0.032258064516129094 -0.20000000000000004 0.6774193548387097 0.16129032258064524 -0.375 0.0 0.7142857142857143 -0.3428571428571428 0.0303030303030303 -0.027777777777777797 -0.3548387096774193 -0.07407407407407397 0.6774193548387097 0.303030303030303 

svm-dtf
0.47058823529411775 0.3448275862068966 0.7027027027027025 0.39999999999999997 0.4545454545454546 0.5294117647058822 0.12903225806451607 0.6571428571428571 0.5555555555555556 0.5454545454545454 0.32352941176470595 0.4193548387096775 0.6285714285714286 0.3870967741935483 0.4193548387096775 0.3437499999999999 0.4054054054054054 0.5428571428571428 0.7714285714285715 0.4545454545454546 0.41666666666666663 0.2580645161290322 0.5185185185185186 0.19354838709677416 0.5454545454545454 

svm-svmf
0.7941176470588235 0.6896551724137931 0.6756756756756757 0.8571428571428571 0.6666666666666666 0.6176470588235294 -0.09677419354838707 0.6 0.4444444444444444 0.5454545454545454 0.7647058823529412 0.7096774193548386 0.45714285714285713 0.7096774193548386 0.4193548387096775 0.3437499999999999 0.7567567567567567 0.8285714285714286 0.6857142857142856 0.6666666666666666 0.6944444444444445 0.6774193548387096 0.6666666666666667 0.5483870967741936 0.7272727272727272 

