rand-def
0.5789473684210527 0.6052631578947368 0.5945945945945946 0.5675675675675675 0.5945945945945946 0.6052631578947368 0.5789473684210527 0.6216216216216216 0.7027027027027027 0.6486486486486487 0.6052631578947368 0.6052631578947368 0.5405405405405406 0.6216216216216216 0.5405405405405406 0.631578947368421 0.6052631578947368 0.5945945945945946 0.6216216216216216 0.5675675675675675 0.5789473684210527 0.631578947368421 0.5945945945945946 0.5945945945945946 0.5405405405405406 

oner-def
0.39473684210526316 0.5789473684210527 0.5675675675675675 0.43243243243243246 0.5675675675675675 0.5263157894736842 0.39473684210526316 0.6486486486486487 0.40540540540540543 0.10810810810810811 0.21052631578947367 0.7894736842105263 0.2702702702702703 0.5945945945945946 0.6486486486486487 0.5526315789473685 0.47368421052631576 0.5675675675675675 0.5405405405405406 0.1891891891891892 0.7368421052631579 0.21052631578947367 0.1891891891891892 0.7297297297297297 0.21621621621621623 

cart-def
0.3157894736842105 0.2631578947368421 0.1891891891891892 0.21621621621621623 0.2702702702702703 0.23684210526315788 0.34210526315789475 0.1891891891891892 0.21621621621621623 0.21621621621621623 0.21052631578947367 0.23684210526315788 0.24324324324324326 0.24324324324324326 0.2972972972972973 0.34210526315789475 0.2894736842105263 0.2702702702702703 0.21621621621621623 0.32432432432432434 0.2631578947368421 0.18421052631578946 0.35135135135135137 0.1891891891891892 0.1891891891891892 

cart-cfs
0.2894736842105263 0.21052631578947367 0.16216216216216217 0.24324324324324326 0.32432432432432434 0.15789473684210525 0.34210526315789475 0.21621621621621623 0.2702702702702703 0.24324324324324326 0.21052631578947367 0.21052631578947367 0.32432432432432434 0.1891891891891892 0.2702702702702703 0.3684210526315789 0.23684210526315788 0.21621621621621623 0.13513513513513514 0.3783783783783784 0.3157894736842105 0.23684210526315788 0.35135135135135137 0.24324324324324326 0.24324324324324326 

cart-dtf
0.39473684210526316 0.18421052631578946 0.3783783783783784 0.3783783783783784 0.2972972972972973 0.21052631578947367 0.23684210526315788 0.21621621621621623 0.35135135135135137 0.16216216216216217 0.18421052631578946 0.18421052631578946 0.35135135135135137 0.2702702702702703 0.4864864864864865 0.5263157894736842 0.5 0.32432432432432434 0.35135135135135137 0.40540540540540543 0.4473684210526316 0.23684210526315788 0.5675675675675675 0.32432432432432434 0.32432432432432434 

cart-svmf
0.18421052631578946 0.23684210526315788 0.13513513513513514 0.1891891891891892 0.24324324324324326 0.15789473684210525 0.2894736842105263 0.13513513513513514 0.16216216216216217 0.16216216216216217 0.13157894736842105 0.13157894736842105 0.21621621621621623 0.16216216216216217 0.24324324324324326 0.2894736842105263 0.21052631578947367 0.16216216216216217 0.10810810810810811 0.2702702702702703 0.23684210526315788 0.15789473684210525 0.2972972972972973 0.16216216216216217 0.13513513513513514 

nb-def
0.21052631578947367 0.23684210526315788 0.24324324324324326 0.2972972972972973 0.10810810810810811 0.2894736842105263 0.23684210526315788 0.2702702702702703 0.13513513513513514 0.13513513513513514 0.15789473684210525 0.15789473684210525 0.10810810810810811 0.2972972972972973 0.08108108108108109 0.2631578947368421 0.23684210526315788 0.2972972972972973 0.16216216216216217 0.32432432432432434 0.21052631578947367 0.15789473684210525 0.2702702702702703 0.1891891891891892 0.2702702702702703 

nb-cfs
0.7105263157894737 0.8421052631578947 0.8648648648648649 0.13513513513513514 0.7027027027027027 0.7894736842105263 0.631578947368421 0.2702702702702703 0.5945945945945946 0.16216216216216217 0.6842105263157895 0.39473684210526316 0.13513513513513514 0.2972972972972973 0.6216216216216216 0.8421052631578947 0.2894736842105263 0.7027027027027027 0.40540540540540543 0.24324324324324326 0.8157894736842105 0.7631578947368421 0.43243243243243246 0.8108108108108109 0.6486486486486487 

nb-dtf
0.631578947368421 0.42105263157894735 0.5675675675675675 0.6486486486486487 0.5135135135135135 0.5526315789473685 0.34210526315789475 0.972972972972973 0.6486486486486487 0.918918918918919 0.47368421052631576 0.5789473684210527 0.5135135135135135 0.6756756756756757 0.7297297297297297 0.9473684210526315 0.5789473684210527 1.0 0.5405405405405406 0.5675675675675675 0.9736842105263158 0.9473684210526315 0.8918918918918919 0.4594594594594595 0.5945945945945946 

nb-svmf
0.5526315789473685 0.42105263157894735 0.5675675675675675 0.6486486486486487 0.5945945945945946 0.42105263157894735 0.42105263157894735 0.5135135135135135 0.6486486486486487 0.5945945945945946 0.39473684210526316 0.5263157894736842 0.4594594594594595 0.6756756756756757 0.6756756756756757 0.7105263157894737 0.5789473684210527 0.5675675675675675 0.5405405405405406 0.40540540540540543 0.7368421052631579 0.5263157894736842 1.0 0.6216216216216216 0.5135135135135135 

rf-def
0.2894736842105263 0.21052631578947367 0.21621621621621623 0.1891891891891892 0.2702702702702703 0.2631578947368421 0.34210526315789475 0.1891891891891892 0.2972972972972973 0.24324324324324326 0.21052631578947367 0.21052631578947367 0.21621621621621623 0.24324324324324326 0.2972972972972973 0.2894736842105263 0.2894736842105263 0.2702702702702703 0.16216216216216217 0.32432432432432434 0.21052631578947367 0.18421052631578946 0.32432432432432434 0.13513513513513514 0.35135135135135137 

rf-cfs
0.2631578947368421 0.2894736842105263 0.16216216216216217 0.24324324324324326 0.32432432432432434 0.21052631578947367 0.3157894736842105 0.1891891891891892 0.2702702702702703 0.2702702702702703 0.21052631578947367 0.23684210526315788 0.24324324324324326 0.24324324324324326 0.2702702702702703 0.39473684210526316 0.2631578947368421 0.2972972972972973 0.1891891891891892 0.32432432432432434 0.39473684210526316 0.15789473684210525 0.2702702702702703 0.24324324324324326 0.40540540540540543 

rf-dtf
0.39473684210526316 0.18421052631578946 0.3783783783783784 0.3783783783783784 0.35135135135135137 0.3684210526315789 0.2631578947368421 0.21621621621621623 0.35135135135135137 0.21621621621621623 0.18421052631578946 0.18421052631578946 0.32432432432432434 0.21621621621621623 0.4864864864864865 0.5263157894736842 0.5 0.3783783783783784 0.4594594594594595 0.40540540540540543 0.47368421052631576 0.23684210526315788 0.5945945945945946 0.35135135135135137 0.3783783783783784 

rf-svmf
0.21052631578947367 0.15789473684210525 0.21621621621621623 0.24324324324324326 0.32432432432432434 0.23684210526315788 0.34210526315789475 0.16216216216216217 0.24324324324324326 0.1891891891891892 0.15789473684210525 0.15789473684210525 0.24324324324324326 0.24324324324324326 0.32432432432432434 0.2894736842105263 0.3157894736842105 0.1891891891891892 0.13513513513513514 0.40540540540540543 0.2631578947368421 0.18421052631578946 0.32432432432432434 0.21621621621621623 0.2702702702702703 

svm-def
0.42105263157894735 0.5 0.3783783783783784 0.4864864864864865 0.4594594594594595 0.42105263157894735 0.47368421052631576 0.3783783783783784 0.3783783783783784 0.35135135135135137 0.34210526315789475 0.3684210526315789 0.4864864864864865 0.5135135135135135 0.40540540540540543 0.47368421052631576 0.4473684210526316 0.4864864864864865 0.4594594594594595 0.5675675675675675 0.5 0.42105263157894735 0.4864864864864865 0.43243243243243246 0.5405405405405406 

svm-cfs
0.5263157894736842 0.5 0.32432432432432434 0.43243243243243246 0.43243243243243246 0.3157894736842105 0.42105263157894735 0.35135135135135137 0.32432432432432434 0.2972972972972973 0.2631578947368421 0.3157894736842105 0.43243243243243246 0.5135135135135135 0.2972972972972973 0.47368421052631576 0.3684210526315789 0.43243243243243246 0.2972972972972973 0.5135135135135135 0.47368421052631576 0.3157894736842105 0.43243243243243246 0.40540540540540543 0.4864864864864865 

svm-dtf
0.42105263157894735 0.34210526315789475 0.3783783783783784 0.5135135135135135 0.2972972972972973 0.3684210526315789 0.23684210526315788 0.43243243243243246 0.35135135135135137 0.1891891891891892 0.39473684210526316 0.15789473684210525 0.40540540540540543 0.2972972972972973 0.4864864864864865 0.5263157894736842 0.5 0.5405405405405406 0.4594594594594595 0.40540540540540543 0.5263157894736842 0.23684210526315788 0.5405405405405406 0.35135135135135137 0.43243243243243246 

svm-svmf
0.42105263157894735 0.3157894736842105 0.40540540540540543 0.4864864864864865 0.16216216216216217 0.3157894736842105 0.15789473684210525 0.21621621621621623 0.2972972972972973 0.2702702702702703 0.18421052631578946 0.2894736842105263 0.43243243243243246 0.2702702702702703 0.4864864864864865 0.34210526315789475 0.5 0.35135135135135137 0.32432432432432434 0.40540540540540543 0.3157894736842105 0.34210526315789475 0.3783783783783784 0.35135135135135137 0.4864864864864865 

