rand-def
0.4791666666666667 0.4375 0.43478260869565216 0.4782608695652174 0.43478260869565216 0.4375 0.4791666666666667 0.391304347826087 0.2608695652173913 0.34782608695652173 0.4375 0.4375 0.5217391304347826 0.391304347826087 0.5217391304347826 0.3958333333333333 0.4375 0.43478260869565216 0.391304347826087 0.4782608695652174 0.4791666666666667 0.3958333333333333 0.43478260869565216 0.43478260869565216 0.5217391304347826 

oner-def
0.5625 0.3958333333333333 0.43478260869565216 0.5217391304347826 0.45652173913043476 0.5208333333333334 0.4791666666666667 0.41304347826086957 0.5217391304347826 0.7391304347826086 0.6458333333333334 0.2916666666666667 0.6521739130434783 0.4782608695652174 0.391304347826087 0.5 0.5625 0.45652173913043476 0.41304347826086957 0.6739130434782609 0.3125 0.6875 0.6521739130434783 0.391304347826087 0.717391304347826 

cart-def
0.6041666666666666 0.5833333333333334 0.6521739130434783 0.6304347826086957 0.5869565217391305 0.6041666666666666 0.5208333333333334 0.6521739130434783 0.6304347826086957 0.6304347826086957 0.625 0.6041666666666666 0.6304347826086957 0.6739130434782609 0.5652173913043478 0.5208333333333334 0.5833333333333334 0.5869565217391305 0.6304347826086957 0.5652173913043478 0.5833333333333334 0.6666666666666666 0.5434782608695652 0.6521739130434783 0.6521739130434783 

cart-cfs
0.5833333333333334 0.625 0.6739130434782609 0.6304347826086957 0.5869565217391305 0.6666666666666666 0.5208333333333334 0.6304347826086957 0.5869565217391305 0.6304347826086957 0.625 0.6458333333333334 0.5652173913043478 0.6956521739130435 0.5869565217391305 0.5 0.6041666666666666 0.6304347826086957 0.6956521739130435 0.5 0.5833333333333334 0.625 0.5217391304347826 0.6086956521739131 0.6086956521739131 

cart-dtf
0.5208333333333334 0.7083333333333334 0.5652173913043478 0.6304347826086957 0.6086956521739131 0.6875 0.6458333333333334 0.6739130434782609 0.5869565217391305 0.6956521739130435 0.6666666666666666 0.6875 0.5652173913043478 0.6521739130434783 0.5 0.3958333333333333 0.5 0.5652173913043478 0.5869565217391305 0.5 0.4791666666666667 0.6458333333333334 0.391304347826087 0.6304347826086957 0.5652173913043478 

cart-svmf
0.6666666666666666 0.625 0.6956521739130435 0.6521739130434783 0.6086956521739131 0.6666666666666666 0.5833333333333334 0.6956521739130435 0.6739130434782609 0.6739130434782609 0.6875 0.6875 0.6304347826086957 0.717391304347826 0.6086956521739131 0.5625 0.6458333333333334 0.6739130434782609 0.717391304347826 0.5869565217391305 0.625 0.6666666666666666 0.6086956521739131 0.6739130434782609 0.6956521739130435 

nb-def
0.6666666666666666 0.6458333333333334 0.6304347826086957 0.6304347826086957 0.7391304347826086 0.625 0.6458333333333334 0.6956521739130435 0.7391304347826086 0.7391304347826086 0.6875 0.7083333333333334 0.7608695652173914 0.6521739130434783 0.782608695652174 0.625 0.6458333333333334 0.6304347826086957 0.717391304347826 0.6086956521739131 0.7291666666666666 0.6875 0.6086956521739131 0.717391304347826 0.6521739130434783 

nb-cfs
0.375 0.3125 0.2391304347826087 0.6956521739130435 0.3695652173913043 0.3541666666666667 0.4166666666666667 0.6739130434782609 0.41304347826086957 0.6739130434782609 0.4375 0.5416666666666666 0.7608695652173914 0.6521739130434783 0.43478260869565216 0.2708333333333333 0.6666666666666666 0.34782608695652173 0.5 0.6521739130434783 0.2916666666666667 0.3333333333333333 0.5217391304347826 0.30434782608695654 0.32608695652173914 

nb-dtf
0.4375 0.5416666666666666 0.5217391304347826 0.43478260869565216 0.43478260869565216 0.5208333333333334 0.6041666666666666 0.21739130434782608 0.41304347826086957 0.2391304347826087 0.5208333333333334 0.5 0.5217391304347826 0.43478260869565216 0.391304347826087 0.1875 0.4375 0.17391304347826086 0.45652173913043476 0.4782608695652174 0.14583333333333334 0.25 0.2391304347826087 0.5869565217391305 0.45652173913043476 

nb-svmf
0.4791666666666667 0.5416666666666666 0.5217391304347826 0.43478260869565216 0.41304347826086957 0.6041666666666666 0.5625 0.5217391304347826 0.41304347826086957 0.43478260869565216 0.5625 0.5 0.5434782608695652 0.43478260869565216 0.41304347826086957 0.3333333333333333 0.4375 0.5 0.45652173913043476 0.6304347826086957 0.3541666666666667 0.5416666666666666 0.1956521739130435 0.43478260869565216 0.5217391304347826 

rf-def
0.6041666666666666 0.625 0.6304347826086957 0.6521739130434783 0.5869565217391305 0.5833333333333334 0.5208333333333334 0.6521739130434783 0.5652173913043478 0.6304347826086957 0.625 0.6458333333333334 0.6304347826086957 0.6739130434782609 0.5652173913043478 0.5625 0.5833333333333334 0.5869565217391305 0.6739130434782609 0.5434782608695652 0.625 0.6666666666666666 0.5434782608695652 0.6956521739130435 0.5434782608695652 

rf-cfs
0.625 0.5833333333333334 0.6739130434782609 0.6304347826086957 0.5869565217391305 0.625 0.5416666666666666 0.6521739130434783 0.5869565217391305 0.6304347826086957 0.625 0.6458333333333334 0.6521739130434783 0.6956521739130435 0.5869565217391305 0.4791666666666667 0.6041666666666666 0.5869565217391305 0.6521739130434783 0.5434782608695652 0.5416666666666666 0.6666666666666666 0.5869565217391305 0.6086956521739131 0.5 

rf-dtf
0.5208333333333334 0.7083333333333334 0.5652173913043478 0.6304347826086957 0.5652173913043478 0.6041666666666666 0.625 0.6739130434782609 0.5869565217391305 0.6521739130434783 0.6666666666666666 0.6875 0.5652173913043478 0.6956521739130435 0.5 0.3958333333333333 0.5 0.5217391304347826 0.5217391304347826 0.5 0.4583333333333333 0.6458333333333334 0.3695652173913043 0.6521739130434783 0.5434782608695652 

rf-svmf
0.6458333333333334 0.6666666666666666 0.6304347826086957 0.6304347826086957 0.5434782608695652 0.6041666666666666 0.5416666666666666 0.6739130434782609 0.6086956521739131 0.6521739130434783 0.6666666666666666 0.6666666666666666 0.6086956521739131 0.6739130434782609 0.5652173913043478 0.5625 0.5833333333333334 0.6521739130434783 0.6956521739130435 0.4782608695652174 0.6041666666666666 0.6458333333333334 0.5652173913043478 0.6304347826086957 0.5869565217391305 

svm-def
0.5625 0.4166666666666667 0.5 0.45652173913043476 0.4782608695652174 0.5 0.4375 0.5 0.5217391304347826 0.5652173913043478 0.5208333333333334 0.5625 0.43478260869565216 0.5 0.5217391304347826 0.4166666666666667 0.5 0.43478260869565216 0.43478260869565216 0.391304347826087 0.4583333333333333 0.5 0.45652173913043476 0.4782608695652174 0.43478260869565216 

svm-cfs
0.4791666666666667 0.4166666666666667 0.5652173913043478 0.5 0.5 0.5625 0.4791666666666667 0.5217391304347826 0.5652173913043478 0.6086956521739131 0.5833333333333334 0.5833333333333334 0.5 0.5 0.5869565217391305 0.4166666666666667 0.5416666666666666 0.5 0.6086956521739131 0.43478260869565216 0.4791666666666667 0.5625 0.5 0.5 0.4782608695652174 

svm-dtf
0.5416666666666666 0.6041666666666666 0.6086956521739131 0.5217391304347826 0.6086956521739131 0.625 0.6458333333333334 0.5869565217391305 0.6086956521739131 0.6956521739130435 0.5416666666666666 0.7291666666666666 0.5434782608695652 0.6521739130434783 0.5 0.4166666666666667 0.5 0.45652173913043476 0.5217391304347826 0.5 0.4583333333333333 0.6666666666666666 0.41304347826086957 0.6521739130434783 0.5217391304347826 

svm-svmf
0.5416666666666666 0.5625 0.5869565217391305 0.5217391304347826 0.7391304347826086 0.5833333333333334 0.6666666666666666 0.6956521739130435 0.5869565217391305 0.5869565217391305 0.6666666666666666 0.6041666666666666 0.5217391304347826 0.6739130434782609 0.5 0.5416666666666666 0.4791666666666667 0.6521739130434783 0.5652173913043478 0.5 0.6041666666666666 0.5208333333333334 0.5652173913043478 0.5869565217391305 0.5 

