rand-def
0.4610748612761608 0.5130026755801129 0.5249159914303627 0.46542671542664826 0.5249159914303627 0.5130026755801129 0.4610748612761608 0.5895148071830496 0.8012223615126471 0.6577193603042876 0.5130026755801129 0.5130026755801129 0.4132594778206802 0.5895148071830496 0.4132594778206802 0.5696016005766673 0.5130026755801129 0.5249159914303627 0.5895148071830496 0.46542671542664826 0.4610748612761608 0.5696016005766673 0.5249159914303627 0.5249159914303627 0.4132594778206802 

oner-def
0.6685039318696695 0.5765981043683883 0.5615936783223291 0.5618906713337901 0.6292599145918832 0.4283738497208411 0.5074104590577718 0.7324773098847379 0.5156821601067993 0.5349477095332007 0.6535752939179575 0.6258069582790454 0.5097370929960346 0.5617983795108551 0.5249159914303627 0.4776732619190177 0.6672907974116302 0.642618084905874 0.6697470968853834 0.5560017686982879 0.6296571638950209 0.5804883797310417 0.7196501057132079 0.37818766345780575 0.6468666434996401 

oner-cfs
0.6181242288786857 0.6326744884300688 0.6538138248481807 0.6314166415795135 0.5733298225836871 0.5627027181651701 0.552268050859363 0.5924408166698101 0.5847186930516742 0.6497737989281788 0.6140664152409492 0.6120217619653026 0.6165780216201623 0.5733298225836871 0.6306628048420558 0.6512825616191884 0.6374833657055269 0.6389131488814542 0.5499555434291002 0.5924408166698101 0.6140664152409492 0.6140664152409492 0.6690701473457595 0.6497737989281788 0.5708273485738905 

oner-dtf
0.4610748612761608 0.5183074949099022 0.5219440379311607 0.46542671542664826 0.6038986027067623 0.6921202720005587 0.7132015912035605 0.43290139735978245 0.5847186930516742 0.6389131488814542 0.5625550142380044 0.5040555744763318 0.45201430236459855 0.41273542458927737 0.597627777770214 0.7211102550927978 0.5928474880138409 0.6879957871004246 0.5480994669202397 0.43290139735978245 0.5732857138419646 0.4283900156868344 0.7094272836976586 0.5408449259766382 0.6115997338248234 

oner-svmf
0.47054515445626627 0.5582421956735901 0.539392340741323 0.5786881068157657 0.5847186930516742 0.5578574962744379 0.6495896851111246 0.5219440379311607 0.5577022076997669 0.539392340741323 0.6535752939179575 0.5578574962744379 0.637606208260198 0.5786881068157657 0.5408449259766382 0.5073695129929284 0.6672907974116302 0.5029514562804065 0.5480994669202397 0.642618084905874 0.6146187702039212 0.5804883797310417 0.597627777770214 0.5617983795108551 0.4653443608802323 

cart-def
0.608162392659128 0.7311812626026212 0.7234464223959012 0.7324773098847379 0.7324773098847379 0.7266684879728461 0.7473406221664698 0.7324773098847379 0.7324773098847379 0.6516481919615886 0.7226068535655779 0.6535752939179575 0.6516481919615886 0.5822303198034705 0.737694273727361 0.7473406221664698 0.608162392659128 0.6516481919615886 0.7234464223959012 0.737694273727361 0.5955048604177496 0.7190040048586447 0.7433660832148685 0.7196501057132079 0.7234464223959012 

cart-cfs
0.5955048604177496 0.7226068535655779 0.7163436908485714 0.6516481919615886 0.5958710174833844 0.7226068535655779 0.7473406221664698 0.7234464223959012 0.7324773098847379 0.6516481919615886 0.7226068535655779 0.7190040048586447 0.6627628307963569 0.642618084905874 0.7324773098847379 0.7535695296461238 0.6630430142767235 0.642618084905874 0.7196501057132079 0.7433660832148685 0.5955048604177496 0.7158668688808127 0.7433660832148685 0.7163436908485714 0.6468666434996401 

cart-dtf
0.630799958194052 0.5732857138419646 0.5420399623960837 0.31582969626951535 0.5887800754888093 0.516875869837183 0.7226068535655779 0.45487813898728496 0.5328659383657699 0.6357613394734358 0.5682504617311082 0.5765981043683883 0.6034840692600588 0.5086700617474992 0.5221642829812321 0.6574103479950475 0.6574103479950475 0.6690701473457595 0.5328659383657699 0.6908245072093362 0.6670832032063168 0.5899551605103072 0.6468666434996401 0.34948556218561333 0.6690701473457595 

cart-svmf
0.5955048604177496 0.7190040048586447 0.7135339882402209 0.6468666434996401 0.7277249739370951 0.7190040048586447 0.7361368805631244 0.7135339882402209 0.7163436908485714 0.7163436908485714 0.7226068535655779 0.7190040048586447 0.7324773098847379 0.5617983795108551 0.7277249739370951 0.7361368805631244 0.7190040048586447 0.7112268846995009 0.7112268846995009 0.7324773098847379 0.6495896851111246 0.7158668688808127 0.5887800754888093 0.7081390544094 0.7135339882402209 

nb-def
0.5899551605103072 0.5955048604177496 0.737694273727361 0.5328659383657699 0.6331709168261117 0.53562814239471 0.5899551605103072 0.40923009551213935 0.5762402046839624 0.5582113293157572 0.6461156041771617 0.5705612729628485 0.48514998262473 0.47529578818504864 0.5221642829812321 0.5928474880138409 0.5287967840117443 0.4288410257263952 0.6357613394734358 0.52422834327842 0.4883830520607428 0.6461156041771617 0.6569510924650663 0.4288410257263952 0.5086700617474992 

nb-cfs
0.5453657696580171 0.5768502688627097 0.6875762134757324 0.5887800754888093 0.637606208260198 0.5765620718662314 0.5453657696580171 0.5086700617474992 0.5480994669202397 0.7163436908485714 0.4889499178450333 0.6771293488873849 0.597627777770214 0.4841917480255763 0.5327516916026133 0.5758770259616812 0.47105998230077634 0.5156821601067993 0.6389131488814542 0.5887800754888093 0.6146187702039212 0.43311664445138914 0.5762402046839624 0.5944732487576995 0.5958710174833844 

nb-dtf
0.4944147887953002 0.39646987987862264 0.40894903274547 0.46542671542664826 0.6808344936030721 0.4155728949593931 0.5078470116655386 0.6688847930143017 0.5156821601067993 0.654506554038789 0.4870198821926775 0.43311664445138914 0.45201430236459855 0.4841917480255763 0.5219440379311607 0.7026759300017882 0.5409159155551175 0.7114582486036498 0.4987607400240147 0.46542671542664826 0.7271543595440229 0.6698906348083081 0.6314166415795135 0.37151164690581306 0.48200303060884453 

nb-svmf
0.4944147887953002 0.39646987987862264 0.4132594778206802 0.4987607400240147 0.5754062509348297 0.4283738497208411 0.4870198821926775 0.43290139735978245 0.5847186930516742 0.5249159914303627 0.5078470116655386 0.4610748612761608 0.45201430236459855 0.3902113241438576 0.5156821601067993 0.5992261861439842 0.5409159155551175 0.430996322376391 0.5480994669202397 0.4648062754551958 0.5625550142380044 0.38078865529319544 0.7071067811865475 0.4490518829038415 0.48200303060884453 

rf-def
0.6630430142767235 0.7226068535655779 0.7277249739370951 0.7163436908485714 0.737694273727361 0.6580631363423591 0.7473406221664698 0.7196501057132079 0.7196501057132079 0.7234464223959012 0.7361368805631244 0.6535752939179575 0.7234464223959012 0.44554890769079414 0.6758591676105844 0.7361368805631244 0.6152381697685589 0.6569510924650663 0.6389131488814542 0.7494824121006511 0.5430115061809236 0.6495896851111246 0.6516481919615886 0.7196501057132079 0.6569510924650663 

rf-cfs
0.5955048604177496 0.7266684879728461 0.7135339882402209 0.6468666434996401 0.5958710174833844 0.5849450100820971 0.741526463347651 0.7234464223959012 0.7277249739370951 0.6516481919615886 0.7226068535655779 0.6535752939179575 0.6516481919615886 0.4288410257263952 0.7324773098847379 0.7602029908239099 0.6630430142767235 0.5708273485738905 0.7196501057132079 0.7433660832148685 0.4794387300217571 0.6495896851111246 0.7277249739370951 0.7234464223959012 0.5822303198034705 

rf-dtf
0.630799958194052 0.6744342042370591 0.5420399623960837 0.35656788157050995 0.6115997338248234 0.43916629653364825 0.7226068535655779 0.5887800754888093 0.5328659383657699 0.5708273485738905 0.5682504617311082 0.4744146415084196 0.6831155297657837 0.5086700617474992 0.5221642829812321 0.6574103479950475 0.6574103479950475 0.6758591676105844 0.5328659383657699 0.5835724230883476 0.6192771230431927 0.5849450100820971 0.5822303198034705 0.34948556218561333 0.48631035257362304 

rf-svmf
0.6630430142767235 0.7361368805631244 0.7234464223959012 0.7163436908485714 0.7234464223959012 0.6495896851111246 0.7535695296461238 0.7234464223959012 0.7196501057132079 0.7196501057132079 0.6535752939179575 0.7226068535655779 0.7234464223959012 0.42153969413538006 0.737694273727361 0.7672305124796447 0.6227897205406335 0.7163436908485714 0.7163436908485714 0.7494824121006511 0.5899551605103072 0.7158668688808127 0.5887800754888093 0.7196501057132079 0.7196501057132079 

svm-def
0.4106612463817086 0.7191580950326356 0.7560324719296952 0.6590274653479669 0.6486938311479864 0.630799958194052 0.7191580950326356 0.7494824121006511 0.6831155297657837 0.6034840692600588 0.6808215665944831 0.5682504617311082 0.7075402644644692 0.4802223405665985 0.6201982805268245 0.7191580950326356 0.5976523786039585 0.7165167682350809 0.7703888007426608 0.6808344936030721 0.6082762530298219 0.6392516400290095 0.6486938311479864 0.6989711243712267 0.6068890015531275 

svm-cfs
0.482390745169236 0.7280109889280517 0.6569510924650663 0.6292599145918832 0.6201982805268245 0.6744342042370591 0.7106822440989801 0.6690701473457595 0.6034840692600588 0.5887800754888093 0.6744342042370591 0.608162392659128 0.6387649280023586 0.4802223405665985 0.6758591676105844 0.7746413699755276 0.6227897205406335 0.6908245072093362 0.6627628307963569 0.6590274653479669 0.5976523786039585 0.6744342042370591 0.6292599145918832 0.6908245072093362 0.5835724230883476 

svm-dtf
0.5183074949099022 0.5183074949099022 0.52422834327842 0.41700132652371596 0.5822303198034705 0.38453483068648064 0.7190040048586447 0.5480994669202397 0.4648062754551958 0.6357613394734358 0.5682504617311082 0.5074104590577718 0.5517236569045981 0.44554890769079414 0.5221642829812321 0.6875324217990966 0.6481274967763382 0.5725152571465772 0.5328659383657699 0.6908245072093362 0.552268050859363 0.4794387300217571 0.6389131488814542 0.34948556218561333 0.45201430236459855 

svm-svmf
0.5292156952298016 0.6535752939179575 0.52422834327842 0.5835724230883476 0.49557738880991226 0.7361368805631244 0.6808215665944831 0.3288596801521438 0.6690701473457595 0.6201982805268245 0.6015791776027556 0.5955048604177496 0.5887800754888093 0.49557738880991226 0.5221642829812321 0.6949162447789069 0.6082762530298219 0.37818766345780575 0.6690701473457595 0.6831155297657837 0.6580631363423591 0.7190040048586447 0.5420399623960837 0.5708273485738905 0.4978151182558 

