rand-def
0.2413793103448276 0.20689655172413793 0.18518518518518517 0.2222222222222222 0.18518518518518517 0.20689655172413793 0.2413793103448276 0.14814814814814814 0.037037037037037035 0.1111111111111111 0.20689655172413793 0.20689655172413793 0.25925925925925924 0.14814814814814814 0.25925925925925924 0.1724137931034483 0.20689655172413793 0.18518518518518517 0.14814814814814814 0.2222222222222222 0.2413793103448276 0.1724137931034483 0.18518518518518517 0.18518518518518517 0.25925925925925924 

oner-def
0.21052631578947367 0.12 0.16 0.15789473684210525 0.19230769230769232 0.25925925925925924 0.0 0.2 0.11764705882352941 0.2 0.1111111111111111 0.16666666666666666 0.23076923076923078 0.2413793103448276 0.1724137931034483 0.25 0.28 0.19230769230769232 0.09090909090909091 0.125 0.15151515151515152 0.2727272727272727 0.0 0.22857142857142856 0.3333333333333333 

cart-def
0.2 0.0 0.0 0.0 0.0 0.0 0.0 0.0 0.0 0.0 0.0 0.0 0.1 0.25 0.0 0.0 0.08333333333333333 0.0 0.0 0.07692307692307693 0.0 0.125 0.07142857142857142 0.0 0.0 

cart-cfs
0.08333333333333333 0.0 0.0 0.1 0.14285714285714285 0.0 0.0 0.0 0.0 0.1 0.0 0.1111111111111111 0.07692307692307693 0.2222222222222222 0.0 0.0 0.0 0.0 0.0 0.0 0.14285714285714285 0.1 0.0 0.0 0.0 

cart-dtf
0.11764705882352941 0.3 0.17647058823529413 0.3 0.15384615384615385 0.2727272727272727 0.18181818181818182 0.2 0.1875 0.14285714285714285 0.125 0.2222222222222222 0.13333333333333333 0.23076923076923078 0.18181818181818182 0.047619047619047616 0.20833333333333334 0.07692307692307693 0.1875 0.0625 0.10526315789473684 0.18181818181818182 0.08695652173913043 0.25 0.07692307692307693 

cart-svmf
0.125 0.1 0.0 0.0 0.0 0.0 0.08333333333333333 0.0 0.0 0.0 0.0 0.0 0.0 0.25 0.0 0.0 0.1111111111111111 0.0 0.0 0.0 0.1 0.0 0.15384615384615385 0.0 0.0 

nb-def
0.2 0.18181818181818182 0.1 0.21428571428571427 0.2 0.21428571428571427 0.18181818181818182 0.3333333333333333 0.2857142857142857 0.2857142857142857 0.14285714285714285 0.25 0.3333333333333333 0.26666666666666666 0.4 0.16666666666666666 0.18181818181818182 0.21428571428571427 0.25 0.2 0.38461538461538464 0.14285714285714285 0.09090909090909091 0.3 0.23076923076923078 

nb-cfs
0.20588235294117646 0.21951219512195122 0.15789473684210525 0.0 0.1875 0.23076923076923078 0.2 0.2857142857142857 0.15384615384615385 0.0 0.2571428571428571 0.16666666666666666 0.375 0.26666666666666666 0.20689655172413793 0.1794871794871795 0.3125 0.16129032258064516 0.0625 0.18181818181818182 0.18421052631578946 0.19444444444444445 0.15789473684210525 0.1891891891891892 0.07692307692307693 

nb-dtf
0.22580645161290322 0.2 0.27586206896551724 0.22580645161290322 0.09523809523809523 0.27586206896551724 0.23529411764705882 0.2 0.2 0.19047619047619047 0.21739130434782608 0.26666666666666666 0.24 0.24242424242424243 0.22857142857142856 0.16279069767441862 0.18518518518518517 0.17777777777777778 0.16666666666666666 0.2222222222222222 0.13953488372093023 0.21739130434782608 0.175 0.2916666666666667 0.21428571428571427 

nb-svmf
0.2222222222222222 0.2 0.27586206896551724 0.22580645161290322 0.15384615384615385 0.30434782608695654 0.23809523809523808 0.24 0.2 0.18518518518518517 0.21052631578947367 0.23076923076923078 0.22727272727272727 0.24242424242424243 0.21875 0.15625 0.18518518518518517 0.25 0.16666666666666666 0.3181818181818182 0.2 0.2857142857142857 0.1956521739130435 0.20689655172413793 0.24 

rf-def
0.15384615384615385 0.0 0.0 0.0 0.0 0.0 0.0 0.0 0.0 0.1 0.0 0.1111111111111111 0.0 0.25 0.0 0.0 0.08333333333333333 0.0 0.0 0.0 0.0 0.125 0.0 0.0 0.07142857142857142 

rf-cfs
0.16666666666666666 0.08333333333333333 0.0 0.1 0.14285714285714285 0.0 0.0 0.0 0.0 0.16666666666666666 0.0 0.18181818181818182 0.18181818181818182 0.3076923076923077 0.0 0.0 0.09090909090909091 0.08333333333333333 0.0 0.0 0.16666666666666666 0.0 0.0 0.0 0.0625 

rf-dtf
0.11764705882352941 0.3 0.17647058823529413 0.3 0.13333333333333333 0.2631578947368421 0.16666666666666666 0.2 0.1875 0.1111111111111111 0.125 0.2222222222222222 0.07692307692307693 0.2727272727272727 0.18181818181818182 0.047619047619047616 0.20833333333333334 0.06666666666666667 0.19047619047619047 0.0625 0.1 0.18181818181818182 0.08333333333333333 0.3157894736842105 0.125 

rf-svmf
0.1111111111111111 0.0 0.0 0.1 0.0 0.0 0.07142857142857142 0.0 0.0 0.0 0.0 0.0 0.0 0.25 0.07692307692307693 0.0 0.14285714285714285 0.0 0.0 0.0 0.09090909090909091 0.0 0.07692307692307693 0.0 0.0 

svm-def
0.23809523809523808 0.05 0.0 0.1 0.10526315789473684 0.1111111111111111 0.05263157894736842 0.0 0.06666666666666667 0.13333333333333333 0.0 0.17647058823529413 0.05263157894736842 0.20833333333333334 0.11764705882352941 0.0 0.15 0.05263157894736842 0.0 0.08695652173913043 0.13636363636363635 0.1111111111111111 0.1 0.058823529411764705 0.13043478260869565 

svm-cfs
0.2 0.05 0.07692307692307693 0.1111111111111111 0.1111111111111111 0.07692307692307693 0.058823529411764705 0.0 0.07692307692307693 0.15384615384615385 0.0 0.14285714285714285 0.1111111111111111 0.20833333333333334 0.08333333333333333 0.0 0.125 0.1111111111111111 0.15384615384615385 0.09523809523809523 0.14285714285714285 0.07692307692307693 0.1111111111111111 0.0625 0.14285714285714285 

svm-dtf
0.2 0.23529411764705882 0.2631578947368421 0.24 0.15384615384615385 0.3 0.18181818181818182 0.2727272727272727 0.23529411764705882 0.2222222222222222 0.16666666666666666 0.3333333333333333 0.16666666666666666 0.26666666666666666 0.18181818181818182 0.09090909090909091 0.20833333333333334 0.16666666666666666 0.19047619047619047 0.0625 0.16666666666666666 0.25 0.09090909090909091 0.3157894736842105 0.15789473684210525 

svm-svmf
0.2 0.07692307692307693 0.25 0.21739130434782608 0.3333333333333333 0.14285714285714285 0.0 0.2727272727272727 0.08333333333333333 0.0 0.125 0.15384615384615385 0.15789473684210525 0.2857142857142857 0.18181818181818182 0.07142857142857142 0.17391304347826086 0.3157894736842105 0.07692307692307693 0.0625 0.2 0.0 0.17647058823529413 0.1875 0.18181818181818182 

