rand-def
0.42105263157894735 0.39473684210526316 0.40540540540540543 0.43243243243243246 0.40540540540540543 0.39473684210526316 0.42105263157894735 0.3783783783783784 0.2972972972972973 0.35135135135135137 0.39473684210526316 0.39473684210526316 0.4594594594594595 0.3783783783783784 0.4594594594594595 0.3684210526315789 0.39473684210526316 0.40540540540540543 0.3783783783783784 0.43243243243243246 0.42105263157894735 0.3684210526315789 0.40540540540540543 0.40540540540540543 0.4594594594594595 

oner-def
0.6052631578947368 0.42105263157894735 0.43243243243243246 0.5675675675675675 0.43243243243243246 0.47368421052631576 0.6052631578947368 0.35135135135135137 0.5945945945945946 0.8918918918918919 0.7894736842105263 0.21052631578947367 0.7297297297297297 0.40540540540540543 0.35135135135135137 0.4473684210526316 0.5263157894736842 0.43243243243243246 0.4594594594594595 0.8108108108108109 0.2631578947368421 0.7894736842105263 0.8108108108108109 0.2702702702702703 0.7837837837837838 

cart-def
0.6842105263157895 0.7368421052631579 0.8108108108108109 0.7837837837837838 0.7297297297297297 0.7631578947368421 0.6578947368421053 0.8108108108108109 0.7837837837837838 0.7837837837837838 0.7894736842105263 0.7631578947368421 0.7567567567567568 0.7567567567567568 0.7027027027027027 0.6578947368421053 0.7105263157894737 0.7297297297297297 0.7837837837837838 0.6756756756756757 0.7368421052631579 0.8157894736842105 0.6486486486486487 0.8108108108108109 0.8108108108108109 

cart-cfs
0.7105263157894737 0.7894736842105263 0.8378378378378378 0.7567567567567568 0.6756756756756757 0.8421052631578947 0.6578947368421053 0.7837837837837838 0.7297297297297297 0.7567567567567568 0.7894736842105263 0.7894736842105263 0.6756756756756757 0.8108108108108109 0.7297297297297297 0.631578947368421 0.7631578947368421 0.7837837837837838 0.8648648648648649 0.6216216216216216 0.6842105263157895 0.7631578947368421 0.6486486486486487 0.7567567567567568 0.7567567567567568 

cart-dtf
0.6052631578947368 0.8157894736842105 0.6216216216216216 0.6216216216216216 0.7027027027027027 0.7894736842105263 0.7631578947368421 0.7837837837837838 0.6486486486486487 0.8378378378378378 0.8157894736842105 0.8157894736842105 0.6486486486486487 0.7297297297297297 0.5135135135135135 0.47368421052631576 0.5 0.6756756756756757 0.6486486486486487 0.5945945945945946 0.5526315789473685 0.7631578947368421 0.43243243243243246 0.6756756756756757 0.6756756756756757 

cart-svmf
0.8157894736842105 0.7631578947368421 0.8648648648648649 0.8108108108108109 0.7567567567567568 0.8421052631578947 0.7105263157894737 0.8648648648648649 0.8378378378378378 0.8378378378378378 0.868421052631579 0.868421052631579 0.7837837837837838 0.8378378378378378 0.7567567567567568 0.7105263157894737 0.7894736842105263 0.8378378378378378 0.8918918918918919 0.7297297297297297 0.7631578947368421 0.8421052631578947 0.7027027027027027 0.8378378378378378 0.8648648648648649 

nb-def
0.7894736842105263 0.7631578947368421 0.7567567567567568 0.7027027027027027 0.8918918918918919 0.7105263157894737 0.7631578947368421 0.7297297297297297 0.8648648648648649 0.8648648648648649 0.8421052631578947 0.8421052631578947 0.8918918918918919 0.7027027027027027 0.918918918918919 0.7368421052631579 0.7631578947368421 0.7027027027027027 0.8378378378378378 0.6756756756756757 0.7894736842105263 0.8421052631578947 0.7297297297297297 0.8108108108108109 0.7297297297297297 

nb-cfs
0.2894736842105263 0.15789473684210525 0.13513513513513514 0.8648648648648649 0.2972972972972973 0.21052631578947367 0.3684210526315789 0.7297297297297297 0.40540540540540543 0.8378378378378378 0.3157894736842105 0.6052631578947368 0.8648648648648649 0.7027027027027027 0.3783783783783784 0.15789473684210525 0.7105263157894737 0.2972972972972973 0.5945945945945946 0.7567567567567568 0.18421052631578946 0.23684210526315788 0.5675675675675675 0.1891891891891892 0.35135135135135137 

nb-dtf
0.3684210526315789 0.5789473684210527 0.43243243243243246 0.35135135135135137 0.4864864864864865 0.4473684210526316 0.6578947368421053 0.02702702702702703 0.35135135135135137 0.08108108108108109 0.5263157894736842 0.42105263157894735 0.4864864864864865 0.32432432432432434 0.2702702702702703 0.05263157894736842 0.42105263157894735 0.0 0.4594594594594595 0.43243243243243246 0.02631578947368421 0.05263157894736842 0.10810810810810811 0.5405405405405406 0.40540540540540543 

nb-svmf
0.4473684210526316 0.5789473684210527 0.43243243243243246 0.35135135135135137 0.40540540540540543 0.5789473684210527 0.5789473684210527 0.4864864864864865 0.35135135135135137 0.40540540540540543 0.6052631578947368 0.47368421052631576 0.5405405405405406 0.32432432432432434 0.32432432432432434 0.2894736842105263 0.42105263157894735 0.43243243243243246 0.4594594594594595 0.5945945945945946 0.2631578947368421 0.47368421052631576 0.0 0.3783783783783784 0.4864864864864865 

rf-def
0.7105263157894737 0.7894736842105263 0.7837837837837838 0.8108108108108109 0.7297297297297297 0.7368421052631579 0.6578947368421053 0.8108108108108109 0.7027027027027027 0.7567567567567568 0.7894736842105263 0.7894736842105263 0.7837837837837838 0.7567567567567568 0.7027027027027027 0.7105263157894737 0.7105263157894737 0.7297297297297297 0.8378378378378378 0.6756756756756757 0.7894736842105263 0.8157894736842105 0.6756756756756757 0.8648648648648649 0.6486486486486487 

rf-cfs
0.7368421052631579 0.7105263157894737 0.8378378378378378 0.7567567567567568 0.6756756756756757 0.7894736842105263 0.6842105263157895 0.8108108108108109 0.7297297297297297 0.7297297297297297 0.7894736842105263 0.7631578947368421 0.7567567567567568 0.7567567567567568 0.7297297297297297 0.6052631578947368 0.7368421052631579 0.7027027027027027 0.8108108108108109 0.6756756756756757 0.6052631578947368 0.8421052631578947 0.7297297297297297 0.7567567567567568 0.5945945945945946 

rf-dtf
0.6052631578947368 0.8157894736842105 0.6216216216216216 0.6216216216216216 0.6486486486486487 0.631578947368421 0.7368421052631579 0.7837837837837838 0.6486486486486487 0.7837837837837838 0.8157894736842105 0.8157894736842105 0.6756756756756757 0.7837837837837838 0.5135135135135135 0.47368421052631576 0.5 0.6216216216216216 0.5405405405405406 0.5945945945945946 0.5263157894736842 0.7631578947368421 0.40540540540540543 0.6486486486486487 0.6216216216216216 

rf-svmf
0.7894736842105263 0.8421052631578947 0.7837837837837838 0.7567567567567568 0.6756756756756757 0.7631578947368421 0.6578947368421053 0.8378378378378378 0.7567567567567568 0.8108108108108109 0.8421052631578947 0.8421052631578947 0.7567567567567568 0.7567567567567568 0.6756756756756757 0.7105263157894737 0.6842105263157895 0.8108108108108109 0.8648648648648649 0.5945945945945946 0.7368421052631579 0.8157894736842105 0.6756756756756757 0.7837837837837838 0.7297297297297297 

svm-def
0.5789473684210527 0.5 0.6216216216216216 0.5135135135135135 0.5405405405405406 0.5789473684210527 0.5263157894736842 0.6216216216216216 0.6216216216216216 0.6486486486486487 0.6578947368421053 0.631578947368421 0.5135135135135135 0.4864864864864865 0.5945945945945946 0.5263157894736842 0.5526315789473685 0.5135135135135135 0.5405405405405406 0.43243243243243246 0.5 0.5789473684210527 0.5135135135135135 0.5675675675675675 0.4594594594594595 

svm-cfs
0.47368421052631576 0.5 0.6756756756756757 0.5675675675675675 0.5675675675675675 0.6842105263157895 0.5789473684210527 0.6486486486486487 0.6756756756756757 0.7027027027027027 0.7368421052631579 0.6842105263157895 0.5675675675675675 0.4864864864864865 0.7027027027027027 0.5263157894736842 0.631578947368421 0.5675675675675675 0.7027027027027027 0.4864864864864865 0.5263157894736842 0.6842105263157895 0.5675675675675675 0.5945945945945946 0.5135135135135135 

svm-dtf
0.5789473684210527 0.6578947368421053 0.6216216216216216 0.4864864864864865 0.7027027027027027 0.631578947368421 0.7631578947368421 0.5675675675675675 0.6486486486486487 0.8108108108108109 0.6052631578947368 0.8421052631578947 0.5945945945945946 0.7027027027027027 0.5135135135135135 0.47368421052631576 0.5 0.4594594594594595 0.5405405405405406 0.5945945945945946 0.47368421052631576 0.7631578947368421 0.4594594594594595 0.6486486486486487 0.5675675675675675 

svm-svmf
0.5789473684210527 0.6842105263157895 0.5945945945945946 0.5135135135135135 0.8378378378378378 0.6842105263157895 0.8421052631578947 0.7837837837837838 0.7027027027027027 0.7297297297297297 0.8157894736842105 0.7105263157894737 0.5675675675675675 0.7297297297297297 0.5135135135135135 0.6578947368421053 0.5 0.6486486486486487 0.6756756756756757 0.5945945945945946 0.6842105263157895 0.6578947368421053 0.6216216216216216 0.6486486486486487 0.5135135135135135 

