rand-def
0.358974358974359 0.3076923076923077 0.2777777777777778 0.3333333333333333 0.2777777777777778 0.3076923076923077 0.358974358974359 0.2222222222222222 0.05555555555555555 0.16666666666666666 0.3076923076923077 0.3076923076923077 0.3888888888888889 0.2222222222222222 0.3888888888888889 0.2564102564102564 0.3076923076923077 0.2777777777777778 0.2222222222222222 0.3333333333333333 0.358974358974359 0.2564102564102564 0.2777777777777778 0.2777777777777778 0.3888888888888889 

oner-def
0.2962962962962963 0.13333333333333333 0.23529411764705882 0.21428571428571427 0.2857142857142857 0.3783783783783784 0.3333333333333333 0.25 0.3076923076923077 0.3333333333333333 0.27586206896551724 0.3076923076923077 0.22857142857142856 0.3902439024390244 0.25 0.3684210526315789 0.32432432432432434 0.35 0.12903225806451613 0.11764705882352941 0.23255813953488372 0.30303030303030304 0.0 0.23529411764705882 0.1875 

oner-cfs
0.34615384615384615 0.37037037037037035 0.32558139534883723 0.32 0.2553191489361702 0.3673469387755102 0.37037037037037035 0.3673469387755102 0.17142857142857143 0.34615384615384615 0.37735849056603776 0.32 0.36 0.0 0.35294117647058826 0.36363636363636365 0.3870967741935484 0.3111111111111111 0.0 0.3673469387755102 0.3076923076923077 0.37735849056603776 0.0 0.34615384615384615 0.20512820512820512 

oner-dtf
0.2777777777777778 0.0 0.35 0.3333333333333333 0.18181818181818182 0.32142857142857145 0.4 0.35714285714285715 0.27906976744186046 0.0 0.27586206896551724 0.36363636363636365 0.3225806451612903 0.391304347826087 0.3333333333333333 0.2962962962962963 0.2564102564102564 0.3333333333333333 0.24242424242424243 0.35294117647058826 0.23529411764705882 0.3333333333333333 0.38095238095238093 0.3076923076923077 0.3076923076923077 

oner-svmf
0.35294117647058826 0.0 0.32558139534883723 0.3404255319148936 0.27906976744186046 0.3404255319148936 0.1111111111111111 0.3333333333333333 0.27906976744186046 0.32558139534883723 0.10526315789473684 0.3404255319148936 0.3225806451612903 0.3333333333333333 0.35555555555555557 0.391304347826087 0.2727272727272727 0.34146341463414637 0.4186046511627907 0.11764705882352941 0.2916666666666667 0.21052631578947367 0.3333333333333333 0.4 0.3902439024390244 

cart-def
0.18181818181818182 0.0 0.0 0.0 0.0 0.0 0.08 0.0 0.0 0.0 0.0 0.09090909090909091 0.0 0.11764705882352941 0.0 0.0 0.08695652173913043 0.09523809523809523 0.0 0.0 0.16666666666666666 0.0 0.0 0.0 0.0 

cart-cfs
0.1 0.0 0.0 0.10526315789473684 0.17391304347826086 0.0 0.08 0.0 0.0 0.10526315789473684 0.0 0.10526315789473684 0.09523809523809523 0.2857142857142857 0.09523809523809523 0.0 0.09523809523809523 0.0 0.0 0.0 0.09090909090909091 0.0 0.0 0.0 0.1 

cart-dtf
0.14814814814814814 0.11764705882352941 0.23076923076923078 0.375 0.1 0.3448275862068966 0.19047619047619047 0.0 0.0 0.13333333333333333 0.21428571428571427 0.21052631578947367 0.23076923076923078 0.2727272727272727 0.25806451612903225 0.2 0.13333333333333333 0.08695652173913043 0.24 0.08 0.07142857142857142 0.10526315789473684 0.125 0.37037037037037035 0.2857142857142857 

cart-svmf
0.18181818181818182 0.0 0.0 0.0 0.0 0.0 0.08695652173913043 0.0 0.11764705882352941 0.0 0.0 0.0 0.0 0.13333333333333333 0.0 0.0 0.10526315789473684 0.0 0.0 0.0 0.0 0.0 0.1 0.0 0.0 

nb-def
0.2 0.17391304347826086 0.0 0.2608695652173913 0.14285714285714285 0.17391304347826086 0.10526315789473684 0.38095238095238093 0.25 0.25 0.11764705882352941 0.2222222222222222 0.35294117647058826 0.32 0.3157894736842105 0.19047619047619047 0.2608695652173913 0.3076923076923077 0.125 0.2608695652173913 0.38461538461538464 0.1111111111111111 0.10526315789473684 0.3157894736842105 0.32 

nb-cfs
0.3181818181818182 0.3673469387755102 0.21739130434782608 0.13333333333333333 0.2857142857142857 0.391304347826087 0.3 0.32 0.2857142857142857 0.0 0.25 0.09523809523809523 0.3157894736842105 0.25 0.2777777777777778 0.2857142857142857 0.3333333333333333 0.32558139534883723 0.0 0.18181818181818182 0.2727272727272727 0.3111111111111111 0.2222222222222222 0.3333333333333333 0.12903225806451613 

nb-dtf
0.34146341463414637 0.26666666666666666 0.3157894736842105 0.3333333333333333 0.12121212121212122 0.41025641025641024 0.4 0.3333333333333333 0.3076923076923077 0.3137254901960784 0.30303030303030304 0.4 0.3225806451612903 0.38095238095238093 0.34146341463414637 0.2641509433962264 0.2702702702702703 0.2962962962962963 0.24242424242424243 0.3333333333333333 0.22641509433962265 0.35714285714285715 0.30434782608695654 0.42424242424242425 0.32432432432432434 

nb-svmf
0.34285714285714286 0.27586206896551724 0.42424242424242425 0.3333333333333333 0.25 0.3888888888888889 0.35714285714285715 0.35294117647058826 0.16216216216216217 0.2777777777777778 0.27586206896551724 0.3684210526315789 0.35294117647058826 0.38095238095238093 0.34146341463414637 0.24390243902439024 0.2702702702702703 0.3783783783783784 0.24242424242424243 0.4 0.3111111111111111 0.42105263157894735 0.32727272727272727 0.3333333333333333 0.32432432432432434 

rf-def
0.09523809523809523 0.0 0.0 0.0 0.0 0.0 0.0 0.0 0.0 0.10526315789473684 0.0 0.10526315789473684 0.0 0.34782608695652173 0.0 0.0 0.09090909090909091 0.0 0.0 0.0 0.18181818181818182 0.0 0.09523809523809523 0.125 0.09090909090909091 

rf-cfs
0.18181818181818182 0.09090909090909091 0.0 0.10526315789473684 0.17391304347826086 0.0 0.0 0.0 0.0 0.10526315789473684 0.0 0.19047619047619047 0.2 0.4166666666666667 0.0 0.0 0.09523809523809523 0.10526315789473684 0.0 0.0 0.21428571428571427 0.1111111111111111 0.0 0.1 0.1 

rf-dtf
0.14814814814814814 0.11764705882352941 0.23076923076923078 0.3333333333333333 0.16666666666666666 0.3448275862068966 0.18181818181818182 0.0 0.0 0.125 0.09090909090909091 0.21052631578947367 0.16666666666666666 0.2727272727272727 0.24242424242424243 0.2 0.13333333333333333 0.08 0.24 0.08 0.07142857142857142 0.10526315789473684 0.12121212121212122 0.37037037037037035 0.2857142857142857 

rf-svmf
0.1 0.0 0.0 0.0 0.0 0.0 0.08333333333333333 0.0 0.0 0.1111111111111111 0.0 0.0 0.0 0.34782608695652173 0.0 0.0 0.16666666666666666 0.0 0.0 0.0 0.2 0.10526315789473684 0.09090909090909091 0.0 0.0 

svm-def
0.3225806451612903 0.06896551724137931 0.0 0.13333333333333333 0.13793103448275862 0.14814814814814814 0.06896551724137931 0.0 0.08333333333333333 0.16666666666666666 0.08 0.2222222222222222 0.07142857142857142 0.30303030303030304 0.14814814814814814 0.06896551724137931 0.1935483870967742 0.07142857142857142 0.0 0.125 0.1875 0.14285714285714285 0.13793103448275862 0.07692307692307693 0.1875 

svm-cfs
0.2857142857142857 0.06666666666666667 0.09523809523809523 0.14814814814814814 0.15384615384615385 0.0 0.07142857142857142 0.0 0.08333333333333333 0.18181818181818182 0.0 0.16666666666666666 0.14285714285714285 0.30303030303030304 0.08333333333333333 0.0 0.16 0.08 0.0 0.13333333333333333 0.1935483870967742 0.08695652173913043 0.14814814814814814 0.08 0.2 

svm-dtf
0.15384615384615385 0.2727272727272727 0.35714285714285715 0.35294117647058826 0.18181818181818182 0.42424242424242425 0.19047619047619047 0.24 0.3076923076923077 0.15384615384615385 0.21428571428571427 0.3 0.25806451612903225 0.3333333333333333 0.25806451612903225 0.16666666666666666 0.29411764705882354 0.25 0.24 0.08 0.2222222222222222 0.25 0.17647058823529413 0.36363636363636365 0.3225806451612903 

svm-svmf
0.26666666666666666 0.10526315789473684 0.24 0.375 0.25 0.2857142857142857 0.0 0.3076923076923077 0.09090909090909091 0.0 0.08695652173913043 0.18181818181818182 0.20689655172413793 0.3 0.3125 0.07692307692307693 0.1875 0.18181818181818182 0.09090909090909091 0.14814814814814814 0.0 0.16666666666666666 0.2857142857142857 0.25 0.3333333333333333 

