oner-def
1.0 0.9032258064516129 1.0 0.9655172413793104 0.9655172413793104 0.967741935483871 0.967741935483871 1.0 0.9285714285714286 1.0 0.9285714285714286 1.0 0.967741935483871 1.0 1.0 1.0 1.0 0.9655172413793104 1.0 0.9629629629629629 0.9655172413793104 0.9090909090909091 1.0 0.9655172413793104 0.9655172413793104 

oner-cfs
1.0 0.9655172413793104 0.9655172413793104 0.9285714285714286 0.9629629629629629 1.0 0.9655172413793104 1.0 0.9655172413793104 0.9629629629629629 0.9285714285714286 0.9655172413793104 1.0 1.0 0.9230769230769231 0.9655172413793104 1.0 0.9655172413793104 0.9655172413793104 1.0 0.9285714285714286 1.0 1.0 0.9285714285714286 0.9629629629629629 

oner-dtf
0.9655172413793104 0.9333333333333333 1.0 0.9655172413793104 0.9655172413793104 0.967741935483871 0.967741935483871 1.0 0.9285714285714286 0.9629629629629629 0.9285714285714286 1.0 0.967741935483871 0.9655172413793104 1.0 1.0 1.0 0.9032258064516129 0.9655172413793104 0.9629629629629629 0.9655172413793104 0.967741935483871 1.0 0.9655172413793104 0.9629629629629629 

oner-svmf
1.0 0.9655172413793104 0.9655172413793104 0.9285714285714286 0.9629629629629629 1.0 0.9655172413793104 1.0 0.9655172413793104 0.9629629629629629 0.9285714285714286 0.9655172413793104 1.0 1.0 1.0 0.9655172413793104 1.0 0.9032258064516129 0.9655172413793104 1.0 0.9285714285714286 0.9090909090909091 1.0 0.9285714285714286 0.9629629629629629 

