oner-def
1.0 0.8083333333333333 1.0 0.9333333333333333 0.9375 0.9411764705882353 0.9375 1.0 0.8666666666666667 1.0 0.8666666666666667 1.0 0.9375 1.0 1.0 1.0 1.0 0.9333333333333333 1.0 0.9285714285714286 0.9333333333333333 0.8125 1.0 0.9333333333333333 0.9375 

oner-cfs
1.0 0.9333333333333333 0.9333333333333333 0.8666666666666667 0.9285714285714286 1.0 0.9333333333333333 1.0 0.9333333333333333 0.9285714285714286 0.8666666666666667 0.9333333333333333 1.0 1.0 0.8571428571428572 0.9333333333333333 1.0 0.9333333333333333 0.9333333333333333 1.0 0.8666666666666667 1.0 1.0 0.8666666666666667 0.9285714285714286 

oner-dtf
0.9333333333333333 0.8708333333333333 1.0 0.9333333333333333 0.9375 0.9411764705882353 0.9375 1.0 0.8666666666666667 0.9285714285714286 0.8666666666666667 1.0 0.9375 0.9333333333333333 1.0 1.0 1.0 0.8083333333333333 0.9333333333333333 0.9285714285714286 0.9333333333333333 0.9375 1.0 0.9333333333333333 0.9285714285714286 

oner-svmf
1.0 0.9333333333333333 0.9333333333333333 0.8666666666666667 0.9285714285714286 1.0 0.9333333333333333 1.0 0.9333333333333333 0.9285714285714286 0.8666666666666667 0.9333333333333333 1.0 1.0 1.0 0.9333333333333333 1.0 0.8083333333333333 0.9333333333333333 1.0 0.8666666666666667 0.8125 1.0 0.8666666666666667 0.9285714285714286 

