oner-def
1.0 0.8421052631578947 1.0 0.9411764705882354 0.9333333333333333 0.9411764705882353 0.9230769230769231 1.0 0.894736842105263 1.0 0.8461538461538461 1.0 0.9411764705882354 1.0 1.0 1.0 1.0 0.9333333333333333 1.0 0.9411764705882353 0.9333333333333333 0.8421052631578947 1.0 0.9090909090909092 0.9333333333333333 

oner-cfs
1.0 0.9473684210526316 0.9333333333333333 0.8823529411764706 0.9333333333333333 1.0 0.9230769230769231 1.0 0.9473684210526316 0.9230769230769231 0.8461538461538461 0.9473684210526316 1.0 1.0 0.8947368421052632 0.9230769230769231 1.0 0.9333333333333333 0.9333333333333333 1.0 0.8666666666666667 1.0 1.0 0.818181818181818 0.9333333333333333 

oner-dtf
0.9473684210526315 0.894736842105263 1.0 0.9411764705882354 0.9333333333333333 0.9411764705882353 0.9230769230769231 1.0 0.894736842105263 0.9230769230769231 0.8461538461538461 1.0 0.9411764705882354 0.9230769230769231 1.0 1.0 1.0 0.7999999999999999 0.9333333333333333 0.9411764705882353 0.9333333333333333 0.9473684210526316 1.0 0.9090909090909092 0.9333333333333333 

oner-svmf
1.0 0.9473684210526316 0.9333333333333333 0.8823529411764706 0.9333333333333333 1.0 0.9230769230769231 1.0 0.9473684210526316 0.9230769230769231 0.8461538461538461 0.9473684210526316 1.0 1.0 1.0 0.9230769230769231 1.0 0.7999999999999999 0.9333333333333333 1.0 0.8666666666666667 0.8421052631578947 1.0 0.818181818181818 0.9333333333333333 

