rf-def
0.0 0.04714045207910317 0.0 0.0 0.0 0.041594516540385144 0.0 0.0 0.04714045207910317 0.0 0.04714045207910317 0.0 0.0 0.0 0.0 0.0 0.0 0.04714045207910317 0.0 0.0 0.0 0.0 0.0 0.04714045207910317 0.050507627227610534 

rf-cfs
0.04714045207910317 0.06461692674696176 0.04714045207910317 0.0 0.0 0.041594516540385144 0.04714045207910317 0.0 0.1414213562373095 0.0 0.09428090415820634 0.0 0.044194173824159216 0.0 0.10101525445522107 0.04714045207910317 0.04714045207910317 0.044194173824159216 0.0 0.0 0.0 0.0 0.0 0.09428090415820634 0.0 

rf-dtf
0.0 0.04714045207910317 0.0 0.0 0.0 0.0 0.06461692674696176 0.0 0.09428090415820634 0.1102597235288256 0.09428090415820634 0.0 0.044194173824159216 0.04714045207910317 0.0 0.04714045207910317 0.0 0.04714045207910317 0.04714045207910317 0.044194173824159216 0.04714045207910317 0.044194173824159216 0.0 0.04714045207910317 0.050507627227610534 

rf-svmf
0.0 0.04714045207910317 0.04714045207910317 0.044194173824159216 0.0 0.041594516540385144 0.04714045207910317 0.0 0.18856180831641267 0.06711293026059333 0.1414213562373095 0.04714045207910317 0.044194173824159216 0.04714045207910317 0.0 0.0 0.0 0.06461692674696176 0.04714045207910317 0.050507627227610534 0.0 0.044194173824159216 0.0 0.09428090415820634 0.06711293026059333 

