oner-def
0.9615384615384616 0.96 0.9583333333333334 1.0 1.0 0.9615384615384616 0.96 1.0 1.0 0.9583333333333334 0.9615384615384616 1.0 0.9166666666666666 1.0 1.0 0.9615384615384616 0.96 0.9583333333333334 1.0 1.0 1.0 0.96 0.9583333333333334 1.0 0.9583333333333334 

oner-cfs
0.9615384615384616 0.96 0.9583333333333334 1.0 1.0 0.9615384615384616 0.96 1.0 1.0 0.9583333333333334 0.9615384615384616 1.0 0.9166666666666666 1.0 1.0 0.9615384615384616 0.96 0.9583333333333334 1.0 1.0 1.0 0.96 0.9583333333333334 1.0 0.9583333333333334 

oner-dtf
0.9615384615384616 0.96 0.9583333333333334 1.0 1.0 0.9615384615384616 0.96 1.0 1.0 0.9583333333333334 0.9615384615384616 1.0 0.9166666666666666 1.0 1.0 0.9615384615384616 0.96 0.9583333333333334 1.0 1.0 1.0 0.96 0.9583333333333334 1.0 0.9583333333333334 

oner-svmf
0.9615384615384616 0.96 0.9583333333333334 1.0 1.0 0.9615384615384616 0.96 1.0 1.0 0.9583333333333334 0.9615384615384616 1.0 0.9166666666666666 1.0 1.0 0.9615384615384616 0.96 0.9583333333333334 1.0 1.0 1.0 0.96 0.9583333333333334 1.0 0.9583333333333334 

