cart-def
0.96 0.9565217391304348 0.9565217391304348 1.0 1.0 0.96 0.96 1.0 1.0 0.9523809523809523 0.9565217391304348 0.96 0.9166666666666666 1.0 1.0 0.96 0.8695652173913043 0.9523809523809523 1.0 1.0 1.0 0.96 0.9565217391304348 1.0 0.9523809523809523 

cart-cfs
0.96 0.9565217391304348 0.9565217391304348 1.0 1.0 1.0 0.96 1.0 1.0 0.9523809523809523 0.9565217391304348 1.0 0.9166666666666666 1.0 1.0 0.96 0.8695652173913043 0.9523809523809523 1.0 1.0 1.0 0.96 1.0 1.0 0.9523809523809523 

cart-dtf
0.96 0.9565217391304348 1.0 1.0 1.0 0.96 1.0 1.0 1.0 0.9523809523809523 0.9565217391304348 1.0 0.9166666666666666 1.0 1.0 1.0 0.96 0.9523809523809523 1.0 1.0 1.0 1.0 0.9565217391304348 1.0 0.9523809523809523 

cart-svmf
0.96 0.9565217391304348 1.0 1.0 1.0 0.96 0.96 1.0 1.0 0.9523809523809523 0.9565217391304348 1.0 0.9166666666666666 1.0 1.0 0.96 0.96 0.9523809523809523 1.0 1.0 1.0 0.96 0.9565217391304348 1.0 0.9523809523809523 

