nb-def
0.3750000000000001 0.6842105263157895 0.9166666666666667 0.9285714285714288 0.5833333333333333 0.5833333333333334 0.2857142857142859 0.8333333333333335 0.6000000000000001 0.75 0.7499999999999999 0.7777777777777779 0.5000000000000001 0.4999999999999999 0.7857142857142858 0.7499999999999999 0.6666666666666667 0.7 0.7857142857142858 0.8333333333333333 0.8333333333333335 0.8181818181818182 0.5000000000000001 0.6666666666666667 0.7999999999999999 

nb-cfs
1.0 1.0 0.9166666666666667 1.0 1.0 0.9166666666666667 1.0 1.0 1.0 1.0 1.0 1.0 0.7499999999999999 0.9000000000000001 1.0 0.9166666666666667 1.0 1.0 1.0 0.9166666666666667 1.0 1.0 1.0 1.0 1.0 

nb-dtf
0.5 0.9473684210526315 0.9166666666666667 1.0 1.0 0.8333333333333335 0.7142857142857144 1.0 1.0 0.9166666666666667 0.9166666666666667 1.0 0.7499999999999999 0.9000000000000001 0.9285714285714288 0.9166666666666667 0.8666666666666667 0.9000000000000001 1.0 0.9166666666666667 1.0 0.909090909090909 0.9285714285714288 1.0 0.9000000000000001 

nb-svmf
1.0 0.8947368421052632 0.9166666666666667 1.0 1.0 0.9166666666666667 1.0 1.0 1.0 1.0 0.9166666666666667 1.0 0.7499999999999999 0.9000000000000001 0.9285714285714288 0.9166666666666667 0.9333333333333332 1.0 1.0 1.0 1.0 1.0 0.9285714285714288 1.0 1.0 

