cart-def
0.050507627227610534 0.05892556509887895 0.05439282932204212 0.0 0.0 0.050507627227610534 0.05439282932204212 0.0 0.0 0.06428243465332249 0.05892556509887895 0.05439282932204212 0.10878565864408424 0.0 0.0 0.050507627227610534 0.1297977995597217 0.06428243465332249 0.0 0.0 0.0 0.05439282932204212 0.05439282932204212 0.0 0.06428243465332249 

cart-cfs
0.050507627227610534 0.05892556509887895 0.05439282932204212 0.0 0.0 0.0 0.05439282932204212 0.0 0.0 0.06428243465332249 0.05892556509887895 0.0 0.10878565864408424 0.0 0.0 0.050507627227610534 0.1297977995597217 0.06428243465332249 0.0 0.0 0.0 0.05439282932204212 0.0 0.0 0.06428243465332249 

cart-dtf
0.050507627227610534 0.05892556509887895 0.0 0.0 0.0 0.050507627227610534 0.0 0.0 0.0 0.06428243465332249 0.05892556509887895 0.0 0.10878565864408424 0.0 0.0 0.0 0.05439282932204212 0.06428243465332249 0.0 0.0 0.0 0.0 0.05439282932204212 0.0 0.06428243465332249 

cart-svmf
0.050507627227610534 0.05892556509887895 0.0 0.0 0.0 0.050507627227610534 0.05439282932204212 0.0 0.0 0.06428243465332249 0.05892556509887895 0.0 0.10878565864408424 0.0 0.0 0.050507627227610534 0.05439282932204212 0.06428243465332249 0.0 0.0 0.0 0.05439282932204212 0.05439282932204212 0.0 0.06428243465332249 

