oner-def
0.9285714285714286 0.9166666666666665 0.9230769230769231 1.0 1.0 0.9285714285714286 0.9230769230769231 1.0 1.0 0.9090909090909092 0.9166666666666665 1.0 0.8461538461538463 1.0 1.0 0.9285714285714286 0.9230769230769231 0.9090909090909092 1.0 1.0 1.0 0.9230769230769231 0.9230769230769231 1.0 0.9090909090909092 

oner-cfs
0.9285714285714286 0.9166666666666665 0.9230769230769231 1.0 1.0 0.9285714285714286 0.9230769230769231 1.0 1.0 0.9090909090909092 0.9166666666666665 1.0 0.8461538461538463 1.0 1.0 0.9285714285714286 0.9230769230769231 0.9090909090909092 1.0 1.0 1.0 0.9230769230769231 0.9230769230769231 1.0 0.9090909090909092 

oner-dtf
0.9285714285714286 0.9166666666666665 0.9230769230769231 1.0 1.0 0.9285714285714286 0.9230769230769231 1.0 1.0 0.9090909090909092 0.9166666666666665 1.0 0.8461538461538463 1.0 1.0 0.9285714285714286 0.9230769230769231 0.9090909090909092 1.0 1.0 1.0 0.9230769230769231 0.9230769230769231 1.0 0.9090909090909092 

oner-svmf
0.9285714285714286 0.9166666666666665 0.9230769230769231 1.0 1.0 0.9285714285714286 0.9230769230769231 1.0 1.0 0.9090909090909092 0.9166666666666665 1.0 0.8461538461538463 1.0 1.0 0.9285714285714286 0.9230769230769231 0.9090909090909092 1.0 1.0 1.0 0.9230769230769231 0.9230769230769231 1.0 0.9090909090909092 

