
-- cl-data-class -- acc --

   1 ,     rand-def ,    0.42   , 0.06 (         * --  |              ), 0.39,  0.40,  0.42,  0.46,  0.50
   2 ,       nb-def ,    0.56   , 0.12 (       ------  *-----         ), 0.38,  0.51,  0.56,  0.59,  0.70
   3 ,       nb-cfs ,    0.64   , 0.18 (         ----- |   * -----    ), 0.42,  0.54,  0.64,  0.70,  0.81
   4 ,       rf-def ,    0.75   , 0.04 (               |     --*-     ), 0.71,  0.75,  0.75,  0.78,  0.79
   4 ,     cart-def ,    0.76   , 0.07 (               |      - * -   ), 0.72,  0.74,  0.76,  0.81,  0.84
   5 ,     cart-cfs ,    0.79   , 0.04 (               |       --*-   ), 0.74,  0.79,  0.79,  0.81,  0.84
   5 ,       rf-cfs ,    0.79   , 0.04 (               |       - *-   ), 0.74,  0.77,  0.79,  0.81,  0.84
   5 ,    cart-svmf ,    0.81   , 0.08 (               |       -  *-- ), 0.75,  0.77,  0.81,  0.83,  0.88
   5 ,      nb-svmf ,    0.81   , 0.03 (               |       ---*   ), 0.74,  0.81,  0.81,  0.84,  0.85
   5 ,      svm-cfs ,    0.81   , 0.01 (               |       ---*   ), 0.75,  0.81,  0.81,  0.82,  0.83
   5 ,      svm-def ,    0.81   , 0.01 (               |         -*   ), 0.79,  0.81,  0.81,  0.82,  0.83
   5 ,       nb-dtf ,    0.82   , 0.05 (               |        - *-  ), 0.77,  0.79,  0.82,  0.84,  0.86
   5 ,      rf-svmf ,    0.83   , 0.05 (               |       -- *-- ), 0.75,  0.79,  0.83,  0.84,  0.88
   6 ,       rf-dtf ,    0.84   , 0.04 (               |         - *- ), 0.80,  0.83,  0.84,  0.86,  0.88
   6 ,     cart-dtf ,    0.84   , 0.04 (               |         - *- ), 0.80,  0.82,  0.84,  0.86,  0.88
   6 ,     svm-svmf ,    0.84   , 0.04 (               |           *  ), 0.81,  0.82,  0.84,  0.86,  0.86
   6 ,     oner-dtf ,    0.84   , 0.02 (               |          -*- ), 0.82,  0.84,  0.84,  0.86,  0.88
   6 ,      svm-dtf ,    0.84   , 0.03 (               |           *- ), 0.82,  0.83,  0.84,  0.86,  0.88
   6 ,     oner-def ,    0.84   , 0.02 (               |          -*- ), 0.82,  0.84,  0.84,  0.86,  0.88
   6 ,     oner-cfs ,    0.84   , 0.03 (               |           *- ), 0.82,  0.83,  0.84,  0.86,  0.88
   6 ,    oner-svmf ,    0.85   , 0.02 (               |          -*- ), 0.82,  0.84,  0.85,  0.86,  0.88

-- cl-god-class -- acc --

   1 ,     rand-def ,    0.45   , 0.07 ( -- *---       |              ), 0.38,  0.41,  0.45,  0.46,  0.52
   2 ,       rf-def ,    0.6   , 0.03 (         -- *- |              ), 0.55,  0.59,  0.60,  0.62,  0.66
   2 ,       rf-cfs ,    0.64   , 0.06 (         --   *|              ), 0.55,  0.59,  0.64,  0.65,  0.69
   3 ,      nb-svmf ,    0.72   , 0.12 (        ------ |  *--         ), 0.53,  0.64,  0.72,  0.76,  0.79
   3 ,      svm-def ,    0.72   , 0.02 (               |  *           ), 0.72,  0.72,  0.72,  0.74,  0.74
   3 ,      svm-cfs ,    0.72   , 0.02 (         ------|- *           ), 0.55,  0.72,  0.72,  0.74,  0.74
   3 ,       nb-dtf ,    0.72   , 0.09 (      ---------|  *---        ), 0.49,  0.69,  0.72,  0.76,  0.81
   3 ,      svm-dtf ,    0.72   , 0.02 (               | -*           ), 0.72,  0.72,  0.72,  0.74,  0.75
   4 ,       nb-cfs ,    0.74   , 0.08 (              -|-  *---       ), 0.66,  0.72,  0.74,  0.78,  0.83
   4 ,    oner-svmf ,    0.74   ,  0.0 (               |---*          ), 0.69,  0.74,  0.74,  0.74,  0.75
   4 ,       nb-def ,    0.74   , 0.08 (               |-  *-         ), 0.67,  0.71,  0.74,  0.78,  0.79
   4 ,      rf-svmf ,    0.75   ,  0.1 (              -|-  *----      ), 0.65,  0.71,  0.75,  0.78,  0.84
   4 ,     oner-dtf ,    0.76   , 0.06 (               | --*--        ), 0.70,  0.74,  0.76,  0.78,  0.81
   4 ,     oner-cfs ,    0.76   , 0.06 (               |-- *---       ), 0.67,  0.74,  0.76,  0.78,  0.82
   4 ,       rf-dtf ,    0.78   , 0.16 (               |-   *  ----   ), 0.69,  0.72,  0.78,  0.84,  0.91
   4 ,     cart-cfs ,    0.78   , 0.12 (         ------|-   *--       ), 0.55,  0.71,  0.78,  0.79,  0.83
   4 ,     oner-def ,    0.78   , 0.05 (               |--- *--       ), 0.67,  0.75,  0.78,  0.79,  0.82
   5 ,     svm-svmf ,    0.79   , 0.04 (               | --- *--      ), 0.71,  0.77,  0.79,  0.81,  0.84
   5 ,    cart-svmf ,    0.79   , 0.06 (               | --- *-       ), 0.71,  0.77,  0.79,  0.81,  0.83
   6 ,     cart-dtf ,    0.86   , 0.07 (               |--------*  -- ), 0.69,  0.84,  0.86,  0.91,  0.95
   6 ,     cart-def ,    0.86   , 0.06 (               |    --- *---  ), 0.78,  0.83,  0.86,  0.88,  0.93

-- ml-feature-envy -- acc --

   1 ,     rand-def ,    0.44   , 0.08 (        --* -- |              ), 0.39,  0.43,  0.44,  0.48,  0.52
   2 ,       rf-def ,    0.59   , 0.11 (              -|*  ---        ), 0.54,  0.57,  0.59,  0.65,  0.71
   2 ,      svm-def ,    0.59   , 0.09 (              -|* --          ), 0.52,  0.56,  0.59,  0.62,  0.67
   2 ,    cart-svmf ,    0.59   , 0.09 (               |* --          ), 0.52,  0.54,  0.59,  0.62,  0.67
   2 ,     cart-cfs ,    0.59   , 0.09 (               |* --          ), 0.52,  0.54,  0.59,  0.62,  0.67
   2 ,     cart-def ,    0.59   , 0.09 (              -|* ----        ), 0.54,  0.57,  0.59,  0.63,  0.71
   2 ,      svm-cfs ,    0.6   , 0.09 (               | *--          ), 0.54,  0.54,  0.60,  0.63,  0.67
   2 ,      rf-svmf ,    0.61   , 0.11 (              -| * --         ), 0.54,  0.56,  0.61,  0.65,  0.69
   2 ,       rf-cfs ,    0.61   , 0.11 (              -| *---         ), 0.54,  0.56,  0.61,  0.63,  0.70
   3 ,       rf-dtf ,    0.7   , 0.05 (               | --- *-       ), 0.60,  0.67,  0.70,  0.72,  0.75
   3 ,     cart-dtf ,    0.7   , 0.07 (               | --- *-       ), 0.60,  0.67,  0.70,  0.72,  0.74
   3 ,       nb-dtf ,    0.71   , 0.09 (  -------------|----  *       ), 0.26,  0.67,  0.71,  0.74,  0.75
   3 ,     svm-svmf ,    0.72   , 0.07 (               |   -- *       ), 0.65,  0.69,  0.72,  0.73,  0.75
   4 ,      nb-svmf ,    0.73   , 0.09 (              -|------ *      ), 0.54,  0.71,  0.73,  0.76,  0.77
   4 ,     oner-dtf ,    0.73   , 0.05 (               |    -- *      ), 0.67,  0.71,  0.73,  0.75,  0.76
   4 ,      svm-dtf ,    0.73   , 0.04 (               |    -- *      ), 0.67,  0.71,  0.73,  0.74,  0.76
   4 ,       nb-cfs ,    0.74   , 0.08 (               |   --- * --   ), 0.65,  0.72,  0.74,  0.78,  0.83
   4 ,       nb-def ,    0.74   , 0.06 (               |     - * -    ), 0.69,  0.72,  0.74,  0.78,  0.80
   5 ,    oner-svmf ,    0.76   , 0.01 (               |        *     ), 0.75,  0.75,  0.76,  0.76,  0.76
   5 ,     oner-def ,    0.77   , 0.11 (               |     -- *  -  ), 0.70,  0.74,  0.77,  0.83,  0.85
   5 ,     oner-cfs ,    0.77   , 0.11 (               |     -- *  -  ), 0.70,  0.74,  0.77,  0.83,  0.85

-- ml-long-method -- acc --

   1 ,     rand-def ,    0.44   , 0.08 (         -- *--|              ), 0.39,  0.43,  0.44,  0.48,  0.52
   2 ,       rf-def ,    0.63   , 0.08 (               | -- *-        ), 0.56,  0.60,  0.63,  0.65,  0.67
   2 ,     cart-cfs ,    0.63   , 0.08 (               |--- *         ), 0.54,  0.60,  0.63,  0.67,  0.67
   2 ,       rf-cfs ,    0.63   , 0.07 (               | ---*         ), 0.56,  0.62,  0.63,  0.67,  0.67
   2 ,     cart-def ,    0.65   , 0.08 (               | -   *        ), 0.57,  0.59,  0.65,  0.67,  0.67
   3 ,      svm-def ,    0.67   , 0.08 (               |  --- *-      ), 0.59,  0.65,  0.67,  0.67,  0.72
   3 ,      rf-svmf ,    0.67   , 0.07 (               |  --- *       ), 0.59,  0.65,  0.67,  0.69,  0.70
   3 ,      svm-cfs ,    0.67   , 0.06 (               |    - *-      ), 0.62,  0.65,  0.67,  0.70,  0.72
   3 ,    cart-svmf ,    0.67   , 0.05 (               |  --- *-      ), 0.59,  0.65,  0.67,  0.69,  0.72
   3 ,       nb-dtf ,    0.69   , 0.18 ( --------------|---    *  --  ), 0.21,  0.61,  0.69,  0.76,  0.79
   4 ,       nb-def ,    0.71   , 0.07 (               |     -  *-    ), 0.65,  0.67,  0.71,  0.73,  0.76
   4 ,       nb-cfs ,    0.74   , 0.09 (               |      -  * -  ), 0.67,  0.70,  0.74,  0.77,  0.79
   4 ,      nb-svmf ,    0.76   , 0.11 (               |   ----   *   ), 0.60,  0.70,  0.76,  0.80,  0.80
   5 ,       rf-dtf ,    0.78   , 0.08 (               |        -  *  ), 0.71,  0.73,  0.78,  0.80,  0.80
   5 ,     cart-dtf ,    0.78   , 0.07 (               |        -  *  ), 0.71,  0.73,  0.78,  0.80,  0.80
   5 ,     oner-dtf ,    0.79   , 0.01 (               |           -* ), 0.77,  0.79,  0.79,  0.80,  0.80
   5 ,    oner-svmf ,    0.79   , 0.01 (               |           -* ), 0.77,  0.79,  0.79,  0.80,  0.80
   5 ,      svm-dtf ,    0.79   , 0.01 (               |           -* ), 0.77,  0.79,  0.79,  0.80,  0.80
   5 ,     oner-def ,    0.79   , 0.01 (               |         ---* ), 0.73,  0.79,  0.79,  0.80,  0.80
   5 ,     oner-cfs ,    0.79   , 0.03 (               |          - * ), 0.75,  0.77,  0.79,  0.80,  0.80
   5 ,     svm-svmf ,    0.8   , 0.01 (               |          --* ), 0.75,  0.79,  0.80,  0.80,  0.80

-- cl-data-class -- f_score --

   1 ,      svm-def ,    0.0   ,  0.0 (*              |              ), 0.00,  0.00,  0.00,  0.00,  0.00
   1 ,      svm-cfs ,    0.0   ,  0.0 (*----------    |              ), 0.00,  0.00,  0.00,  0.00,  0.27
   2 ,     oner-cfs ,    0.18   , 0.26 (-------*       |  -           ), 0.00,  0.17,  0.18,  0.42,  0.46
   2 ,       rf-def ,    0.22   , 0.24 (    ---- *     |--            ), 0.11,  0.19,  0.22,  0.36,  0.43
   2 ,     rand-def ,    0.27   , 0.09 (           * --|              ), 0.22,  0.22,  0.27,  0.31,  0.36
   2 ,       nb-dtf ,    0.27   , 0.25 (       --  *   |  -           ), 0.17,  0.21,  0.27,  0.42,  0.44
   3 ,      nb-svmf ,    0.31   , 0.15 (       ----  * |  --          ), 0.18,  0.27,  0.31,  0.42,  0.47
   3 ,     oner-dtf ,    0.31   , 0.25 (             * |  --          ), 0.17,  0.18,  0.31,  0.43,  0.47
   3 ,      svm-dtf ,    0.31   , 0.25 (             * |  --          ), 0.17,  0.18,  0.31,  0.43,  0.47
   3 ,     oner-def ,    0.31   , 0.25 (             * |  --          ), 0.17,  0.18,  0.31,  0.43,  0.47
   3 ,       rf-dtf ,    0.33   , 0.26 (              *|  ---         ), 0.17,  0.18,  0.33,  0.43,  0.50
   3 ,     cart-dtf ,    0.33   , 0.25 (              *|  --          ), 0.17,  0.18,  0.33,  0.43,  0.48
   3 ,    oner-svmf ,    0.33   , 0.28 (              *|  ----        ), 0.17,  0.18,  0.33,  0.43,  0.53
   3 ,     svm-svmf ,    0.33   , 0.18 (      -----   *|  ---         ), 0.14,  0.27,  0.33,  0.43,  0.50
   3 ,       rf-cfs ,    0.33   , 0.22 (     -----    *|  ----        ), 0.12,  0.24,  0.33,  0.42,  0.52
   3 ,       nb-def ,    0.33   , 0.08 (           -- *|---           ), 0.27,  0.32,  0.33,  0.37,  0.44
   3 ,       nb-cfs ,    0.35   , 0.09 (           -  *|--            ), 0.26,  0.30,  0.35,  0.38,  0.42
   4 ,     cart-def ,    0.36   , 0.14 (         ----- *  ------      ), 0.21,  0.35,  0.36,  0.42,  0.58
   4 ,    cart-svmf ,    0.4   , 0.21 (         ----- | *    ---     ), 0.21,  0.35,  0.40,  0.53,  0.60
   4 ,      rf-svmf ,    0.4   , 0.11 (       --------| * ------     ), 0.18,  0.35,  0.40,  0.44,  0.59
   4 ,     cart-cfs ,    0.42   , 0.19 (          ---- |  *  ----     ), 0.25,  0.35,  0.42,  0.50,  0.59

-- cl-god-class -- f_score --

   1 ,      svm-def ,    0.0   ,  0.0 (*              |              ), 0.00,  0.00,  0.00,  0.00,  0.00
   1 ,      svm-cfs ,    0.0   ,  0.0 (*              |              ), 0.00,  0.00,  0.00,  0.00,  0.00
   1 ,    oner-svmf ,    0.0   ,  0.0 (*--------------|              ), 0.00,  0.00,  0.00,  0.00,  0.48
   1 ,      svm-dtf ,    0.0   , 0.11 (*---           |              ), 0.00,  0.00,  0.00,  0.00,  0.15
   2 ,       rf-def ,    0.22   , 0.13 (----   *--     |              ), 0.00,  0.15,  0.22,  0.26,  0.33
   2 ,       rf-cfs ,    0.25   , 0.18 (  ---  *  -    |              ), 0.08,  0.17,  0.25,  0.32,  0.36
   3 ,     rand-def ,    0.36   , 0.08 (        -- *-- |              ), 0.28,  0.32,  0.36,  0.37,  0.44
   4 ,      rf-svmf ,    0.44   , 0.17 (       ----- * |-----         ), 0.23,  0.38,  0.44,  0.50,  0.67
   4 ,       nb-dtf ,    0.45   , 0.18 (       -----  *| --           ), 0.25,  0.38,  0.45,  0.54,  0.62
   4 ,     svm-svmf ,    0.45   , 0.19 (      ------  *|---           ), 0.19,  0.38,  0.45,  0.52,  0.61
   4 ,     cart-cfs ,    0.5   , 0.24 (  ----------   *   -          ), 0.06,  0.40,  0.50,  0.61,  0.65
   4 ,      nb-svmf ,    0.51   , 0.17 (         ---   |* -           ), 0.31,  0.40,  0.51,  0.57,  0.62
   5 ,       rf-dtf ,    0.56   , 0.33 (    ---------  | *   ----     ), 0.14,  0.43,  0.56,  0.69,  0.81
   5 ,       nb-cfs ,    0.56   , 0.13 (           ----| * --         ), 0.37,  0.49,  0.56,  0.61,  0.69
   5 ,       nb-def ,    0.59   , 0.14 (             --|- *--         ), 0.41,  0.54,  0.59,  0.62,  0.67
   5 ,    cart-svmf ,    0.59   , 0.12 (            ---|  *--         ), 0.38,  0.52,  0.59,  0.62,  0.69
   6 ,     oner-dtf ,    0.67   , 0.06 (           ----|---- *        ), 0.38,  0.65,  0.67,  0.68,  0.72
   6 ,     oner-cfs ,    0.67   , 0.05 (               |   - *-       ), 0.61,  0.64,  0.67,  0.68,  0.73
   6 ,     oner-def ,    0.68   , 0.06 (               |  ---*-       ), 0.59,  0.67,  0.68,  0.70,  0.73
   6 ,     cart-def ,    0.69   ,  0.1 (               |  --- * ---   ), 0.57,  0.68,  0.69,  0.76,  0.87
   6 ,     cart-dtf ,    0.76   , 0.17 (            ---|-----   * --  ), 0.39,  0.67,  0.76,  0.83,  0.90

-- ml-feature-envy -- f_score --

   1 ,     oner-dtf ,    0.0   , 0.13 (*   ------     |              ), 0.00,  0.00,  0.00,  0.12,  0.29
   1 ,      svm-def ,    0.0   ,  0.0 (*              |              ), 0.00,  0.00,  0.00,  0.00,  0.00
   1 ,    oner-svmf ,    0.0   ,  0.0 (*              |              ), 0.00,  0.00,  0.00,  0.00,  0.00
   1 ,      svm-dtf ,    0.0   , 0.13 (*   -          |              ), 0.00,  0.00,  0.00,  0.12,  0.15
   2 ,    cart-svmf ,    0.08   , 0.11 (   *-          |              ), 0.00,  0.00,  0.08,  0.10,  0.15
   2 ,      svm-cfs ,    0.09   , 0.12 (   *-          |              ), 0.00,  0.00,  0.09,  0.11,  0.16
   2 ,     cart-cfs ,    0.1   , 0.15 (   * -         |              ), 0.00,  0.00,  0.10,  0.15,  0.17
   3 ,     cart-dtf ,    0.11   ,  0.2 (    *----      |              ), 0.00,  0.00,  0.11,  0.13,  0.25
   3 ,      rf-svmf ,    0.12   , 0.12 (--- * -------  |              ), 0.00,  0.09,  0.12,  0.18,  0.36
   3 ,       rf-dtf ,    0.13   , 0.15 (----*   ---    |              ), 0.00,  0.11,  0.12,  0.23,  0.32
   3 ,     svm-svmf ,    0.13   , 0.27 (    *    --    |              ), 0.00,  0.00,  0.12,  0.26,  0.32
   3 ,     cart-def ,    0.13   , 0.09 (    *  ----    |              ), 0.09,  0.10,  0.12,  0.19,  0.30
   4 ,       nb-dtf ,    0.15   , 0.19 (---- *    ---- |              ), 0.00,  0.13,  0.15,  0.29,  0.40
   4 ,       rf-def ,    0.17   , 0.15 (---   * -----  |              ), 0.00,  0.10,  0.17,  0.23,  0.36
   4 ,       rf-cfs ,    0.21   , 0.12 (   --  * --    |              ), 0.10,  0.16,  0.21,  0.25,  0.32
   5 ,      nb-svmf ,    0.33   , 0.29 (    --      *  |---           ), 0.13,  0.18,  0.33,  0.43,  0.52
   5 ,     rand-def ,    0.34   ,  0.1 (         -- *--|              ), 0.26,  0.32,  0.34,  0.37,  0.42
   6 ,       nb-cfs ,    0.48   , 0.18 (            -- | * ------     ), 0.33,  0.38,  0.48,  0.54,  0.69
   6 ,       nb-def ,    0.48   , 0.07 (           ----| *---         ), 0.32,  0.45,  0.48,  0.50,  0.57
   7 ,     oner-def ,    0.69   , 0.11 (               |     --  *--  ), 0.59,  0.65,  0.69,  0.73,  0.77
   7 ,     oner-cfs ,    0.69   , 0.11 (               |     --  *--  ), 0.59,  0.65,  0.69,  0.73,  0.77

-- ml-long-method -- f_score --

   1 ,       rf-def ,    0.0   ,  0.0 (*-----         |              ), 0.00,  0.00,  0.00,  0.00,  0.10
   1 ,      nb-svmf ,    0.0   ,  0.1 (*    ----      |              ), 0.00,  0.00,  0.00,  0.09,  0.15
   1 ,     oner-dtf ,    0.0   ,  0.0 (*              |              ), 0.00,  0.00,  0.00,  0.00,  0.00
   1 ,      svm-def ,    0.0   ,  0.0 (*              |              ), 0.00,  0.00,  0.00,  0.00,  0.00
   1 ,       rf-dtf ,    0.0   ,  0.0 (*              |              ), 0.00,  0.00,  0.00,  0.00,  0.00
   1 ,      svm-cfs ,    0.0   ,  0.0 (*              |              ), 0.00,  0.00,  0.00,  0.00,  0.00
   1 ,     cart-dtf ,    0.0   ,  0.0 (*              |              ), 0.00,  0.00,  0.00,  0.00,  0.00
   1 ,    cart-svmf ,    0.0   ,  0.0 (*              |              ), 0.00,  0.00,  0.00,  0.00,  0.00
   1 ,      rf-svmf ,    0.0   ,  0.0 (*              |              ), 0.00,  0.00,  0.00,  0.00,  0.00
   1 ,     cart-cfs ,    0.0   ,  0.0 (*-----         |              ), 0.00,  0.00,  0.00,  0.00,  0.10
   1 ,    oner-svmf ,    0.0   ,  0.0 (*              |              ), 0.00,  0.00,  0.00,  0.00,  0.00
   1 ,      svm-dtf ,    0.0   ,  0.0 (*              |              ), 0.00,  0.00,  0.00,  0.00,  0.00
   1 ,     svm-svmf ,    0.0   ,  0.0 (*              |              ), 0.00,  0.00,  0.00,  0.00,  0.00
   1 ,     cart-def ,    0.0   ,  0.0 (*-----         |              ), 0.00,  0.00,  0.00,  0.00,  0.10
   1 ,     oner-def ,    0.0   ,  0.0 (*              |              ), 0.00,  0.00,  0.00,  0.00,  0.00
   1 ,       rf-cfs ,    0.0   ,  0.0 (*----------    |              ), 0.00,  0.00,  0.00,  0.00,  0.17
   1 ,     oner-cfs ,    0.0   ,  0.0 (*--------      |              ), 0.00,  0.00,  0.00,  0.00,  0.15
   2 ,       nb-dtf ,    0.13   , 0.29 (        *      | -            ), 0.00,  0.00,  0.13,  0.27,  0.30
   2 ,       nb-cfs ,    0.21   , 0.17 (-------      * |-------       ), 0.00,  0.12,  0.21,  0.27,  0.38
   3 ,       nb-def ,    0.24   ,  0.1 (       -----  *|--------      ), 0.12,  0.19,  0.24,  0.25,  0.38
   3 ,     rand-def ,    0.31   , 0.07 (              -|-  * ---      ), 0.22,  0.28,  0.31,  0.33,  0.39

-- cl-data-class -- kappa --

   1 ,     rand-def ,    0.0   ,  0.0 (             * |              ), 0.00,  0.00,  0.00,  0.00,  0.00
   2 ,       nb-def ,    0.24   , 0.28 (          -----|  *---        ),-0.15,  0.10,  0.24,  0.30,  0.45
   2 ,       nb-cfs ,    0.26   , 0.38 (             --|  *    ---    ), 0.00,  0.15,  0.26,  0.50,  0.66
   3 ,       rf-def ,    0.58   , 0.09 (               |      --*-    ), 0.45,  0.55,  0.58,  0.61,  0.66
   3 ,     cart-def ,    0.59   , 0.17 (               |         * -  ), 0.48,  0.52,  0.59,  0.69,  0.74
   4 ,       rf-cfs ,    0.65   , 0.11 (               |       -  *-  ), 0.53,  0.58,  0.65,  0.68,  0.74
   4 ,     cart-cfs ,    0.66   , 0.12 (               |        - *-  ), 0.56,  0.61,  0.66,  0.69,  0.74
   4 ,    cart-svmf ,    0.67   , 0.16 (               |       -- *-- ), 0.52,  0.59,  0.67,  0.69,  0.80
   4 ,       nb-dtf ,    0.67   , 0.09 (               |         -*-  ), 0.59,  0.64,  0.67,  0.71,  0.77
   4 ,      svm-def ,    0.68   , 0.05 (               |         -*   ), 0.59,  0.65,  0.68,  0.69,  0.71
   4 ,      svm-cfs ,    0.68   , 0.07 (               |         -*   ), 0.59,  0.65,  0.68,  0.69,  0.71
   4 ,      rf-svmf ,    0.68   , 0.09 (               |        --*-  ), 0.58,  0.66,  0.68,  0.73,  0.76
   4 ,      nb-svmf ,    0.69   , 0.08 (               |        -- *  ), 0.55,  0.65,  0.69,  0.71,  0.75
   5 ,     cart-dtf ,    0.71   , 0.05 (               |          -*- ), 0.65,  0.69,  0.71,  0.74,  0.79
   5 ,     svm-svmf ,    0.71   , 0.07 (               |           *  ), 0.65,  0.68,  0.71,  0.74,  0.78
   5 ,       rf-dtf ,    0.71   , 0.04 (               |          -*- ), 0.65,  0.70,  0.71,  0.74,  0.79
   6 ,     oner-cfs ,    0.73   , 0.04 (               |          -*  ), 0.67,  0.70,  0.73,  0.74,  0.77
   6 ,     oner-dtf ,    0.74   , 0.06 (               |          - * ), 0.67,  0.71,  0.74,  0.76,  0.80
   6 ,      svm-dtf ,    0.74   , 0.06 (               |          - * ), 0.68,  0.71,  0.74,  0.75,  0.80
   6 ,     oner-def ,    0.74   , 0.06 (               |          - * ), 0.67,  0.71,  0.74,  0.76,  0.80
   6 ,    oner-svmf ,    0.74   , 0.06 (               |          - * ), 0.67,  0.71,  0.74,  0.76,  0.80

-- cl-god-class -- kappa --

   1 ,     rand-def ,    0.0   ,  0.0 (   *           |              ), 0.00,  0.00,  0.00,  0.00,  0.00
   2 ,       rf-def ,    0.29   , 0.13 (      ---- * - |              ), 0.12,  0.23,  0.29,  0.34,  0.39
   2 ,       rf-cfs ,    0.3   , 0.15 (      ----  * -|              ), 0.11,  0.25,  0.30,  0.38,  0.47
   3 ,      nb-svmf ,    0.47   , 0.22 (      -------- |*  -          ), 0.09,  0.38,  0.47,  0.56,  0.61
   3 ,       nb-dtf ,    0.5   , 0.17 (     ----------| *  -         ), 0.06,  0.46,  0.50,  0.59,  0.64
   3 ,      svm-cfs ,    0.5   , 0.11 (      ---------| *-           ), 0.11,  0.45,  0.50,  0.53,  0.56
   4 ,      svm-def ,    0.52   , 0.06 (               |- *           ), 0.45,  0.50,  0.52,  0.53,  0.56
   4 ,    oner-svmf ,    0.53   , 0.05 (               |- *           ), 0.42,  0.50,  0.53,  0.55,  0.58
   4 ,      svm-dtf ,    0.53   , 0.06 (               |- *-          ), 0.43,  0.50,  0.53,  0.56,  0.60
   4 ,       nb-cfs ,    0.53   , 0.15 (            ---|  * ---       ), 0.33,  0.47,  0.53,  0.61,  0.72
   4 ,      rf-svmf ,    0.53   , 0.17 (              -|  * --        ), 0.40,  0.47,  0.53,  0.62,  0.67
   4 ,       nb-def ,    0.54   , 0.14 (              -|  * -         ), 0.40,  0.47,  0.54,  0.59,  0.65
   4 ,     oner-cfs ,    0.56   , 0.12 (               |-  *--        ), 0.44,  0.50,  0.56,  0.59,  0.68
   4 ,     oner-dtf ,    0.57   , 0.13 (               |-  * -        ), 0.41,  0.50,  0.57,  0.62,  0.68
   4 ,     oner-def ,    0.57   , 0.12 (               |-- * -        ), 0.41,  0.54,  0.57,  0.62,  0.68
   4 ,     cart-cfs ,    0.59   , 0.27 (      ---------|-   *--       ), 0.11,  0.48,  0.59,  0.65,  0.72
   5 ,    cart-svmf ,    0.63   , 0.11 (              -|---  *-       ), 0.39,  0.58,  0.62,  0.68,  0.71
   5 ,     svm-svmf ,    0.63   , 0.08 (               |---- *-       ), 0.47,  0.59,  0.62,  0.66,  0.70
   5 ,       rf-dtf ,    0.64   , 0.27 (             --|-    * ----   ), 0.35,  0.50,  0.64,  0.71,  0.85
   6 ,     cart-def ,    0.76   , 0.14 (               |    --   *-   ), 0.59,  0.67,  0.76,  0.78,  0.86
   6 ,     cart-dtf ,    0.78   , 0.13 (               |-------  * -  ), 0.41,  0.72,  0.78,  0.84,  0.89

-- ml-feature-envy -- kappa --

   1 ,     rand-def ,    0.0   ,  0.0 (          *    |              ), 0.00,  0.00,  0.00,  0.00,  0.00
   2 ,     cart-cfs ,    0.24   , 0.23 (           --- |*----         ), 0.05,  0.17,  0.24,  0.29,  0.46
   2 ,      svm-cfs ,    0.25   , 0.23 (            -  |*----         ), 0.09,  0.15,  0.25,  0.31,  0.46
   2 ,    cart-svmf ,    0.25   , 0.23 (            -  |*----         ), 0.09,  0.15,  0.25,  0.27,  0.46
   2 ,       rf-def ,    0.25   , 0.22 (            -- |*-----        ), 0.09,  0.19,  0.25,  0.30,  0.50
   2 ,      svm-def ,    0.25   , 0.21 (            -- |*----         ), 0.08,  0.19,  0.25,  0.28,  0.46
   2 ,      rf-svmf ,    0.25   , 0.19 (            ---|* ----        ), 0.09,  0.22,  0.25,  0.35,  0.50
   2 ,     cart-def ,    0.27   ,  0.2 (            ---|*-----        ), 0.09,  0.22,  0.27,  0.29,  0.50
   2 ,       rf-cfs ,    0.27   , 0.16 (             --|* ----        ), 0.14,  0.22,  0.27,  0.35,  0.50
   3 ,       rf-dtf ,    0.46   , 0.15 (               |---  *--      ), 0.27,  0.36,  0.46,  0.48,  0.57
   3 ,     cart-dtf ,    0.46   , 0.15 (               |---  *--      ), 0.27,  0.36,  0.46,  0.48,  0.57
   3 ,       nb-dtf ,    0.48   , 0.16 (       --------|---  *--      ),-0.13,  0.38,  0.48,  0.50,  0.57
   3 ,     svm-svmf ,    0.48   , 0.13 (               |  -- * -      ), 0.32,  0.41,  0.48,  0.54,  0.59
   4 ,     oner-dtf ,    0.5   , 0.08 (               |      *-      ), 0.44,  0.46,  0.50,  0.53,  0.58
   4 ,      svm-dtf ,    0.5   , 0.14 (               |   -  *-      ), 0.38,  0.43,  0.50,  0.55,  0.57
   4 ,      nb-svmf ,    0.52   , 0.17 (              -|----  *-      ), 0.19,  0.41,  0.52,  0.54,  0.59
   5 ,       nb-def ,    0.54   , 0.16 (               |     - *--    ), 0.44,  0.48,  0.54,  0.59,  0.67
   5 ,       nb-cfs ,    0.55   , 0.22 (               |   --  * --   ), 0.37,  0.45,  0.55,  0.62,  0.69
   5 ,    oner-svmf ,    0.56   , 0.09 (               |     - *-     ), 0.48,  0.52,  0.56,  0.58,  0.61
   6 ,     oner-def ,    0.59   , 0.25 (               |     -  *  -  ), 0.44,  0.52,  0.59,  0.70,  0.77
   6 ,     oner-cfs ,    0.59   , 0.25 (               |     -  *  -  ), 0.44,  0.52,  0.59,  0.70,  0.77

-- ml-long-method -- kappa --

   1 ,     rand-def ,    0.0   ,  0.0 (            *  |              ), 0.00,  0.00,  0.00,  0.00,  0.00
   2 ,       rf-def ,    0.33   , 0.16 (               |--- * -       ), 0.12,  0.28,  0.33,  0.41,  0.46
   2 ,       rf-cfs ,    0.33   , 0.15 (               |--- * -       ), 0.14,  0.28,  0.33,  0.42,  0.46
   2 ,     cart-cfs ,    0.36   , 0.16 (               |---  *-       ), 0.14,  0.27,  0.36,  0.42,  0.46
   2 ,     cart-def ,    0.36   , 0.16 (               |---  *-       ), 0.17,  0.28,  0.36,  0.42,  0.46
   3 ,      svm-def ,    0.41   , 0.14 (               | ---  *--     ), 0.21,  0.32,  0.41,  0.45,  0.54
   3 ,    cart-svmf ,    0.41   , 0.18 (               | ---  *--     ), 0.21,  0.33,  0.41,  0.46,  0.54
   3 ,      rf-svmf ,    0.41   , 0.13 (               | ---  *--     ), 0.20,  0.33,  0.41,  0.46,  0.54
   3 ,      svm-cfs ,    0.44   , 0.15 (               |    -  *-     ), 0.31,  0.36,  0.44,  0.47,  0.54
   3 ,       nb-def ,    0.45   , 0.16 (               |    -- *--    ), 0.33,  0.40,  0.45,  0.52,  0.58
   3 ,       nb-dtf ,    0.47   , 0.33 (     ----------|---    * --   ),-0.31,  0.30,  0.47,  0.56,  0.64
   4 ,       nb-cfs ,    0.54   , 0.15 (               |     --- *--  ), 0.36,  0.50,  0.54,  0.59,  0.66
   4 ,      nb-svmf ,    0.58   , 0.22 (               |    ----  *-  ), 0.31,  0.50,  0.58,  0.63,  0.68
   5 ,       rf-dtf ,    0.59   , 0.11 (               |       -  *-  ), 0.46,  0.52,  0.59,  0.63,  0.68
   5 ,     cart-dtf ,    0.59   , 0.11 (               |        - *-  ), 0.50,  0.52,  0.59,  0.63,  0.68
   5 ,     oner-cfs ,    0.6   , 0.06 (               |         -*   ), 0.52,  0.59,  0.60,  0.65,  0.68
   6 ,     oner-def ,    0.63   , 0.05 (               |        -- *  ), 0.52,  0.60,  0.62,  0.65,  0.68
   6 ,     oner-dtf ,    0.63   , 0.05 (               |          -*  ), 0.59,  0.61,  0.63,  0.65,  0.68
   6 ,    oner-svmf ,    0.63   , 0.05 (               |           *  ), 0.59,  0.60,  0.63,  0.65,  0.68
   6 ,      svm-dtf ,    0.63   , 0.05 (               |          -*  ), 0.59,  0.62,  0.63,  0.65,  0.68
   6 ,     svm-svmf ,    0.63   , 0.05 (               |           *  ), 0.59,  0.60,  0.63,  0.65,  0.68

-- cl-data-class -- inform --

   1 ,     rand-def ,    -0.02   , 0.23 (  --   *    ---|              ),-0.17, -0.12, -0.02,  0.10,  0.24
   1 ,      svm-def ,    0.0   , 0.02 (        *      |              ),-0.04, -0.02,  0.00,  0.00,  0.00
   1 ,      svm-cfs ,    0.0   , 0.02 (     -- *----  |              ),-0.09, -0.02,  0.00,  0.00,  0.14
   2 ,       rf-def ,    0.08   , 0.23 (      ---  *   |---           ),-0.07,  0.03,  0.08,  0.23,  0.31
   2 ,     oner-cfs ,    0.1   ,  0.2 (        --- *  |  -           ), 0.00,  0.08,  0.10,  0.28,  0.30
   3 ,       nb-dtf ,    0.14   , 0.19 (          -- * |  -           ), 0.05,  0.10,  0.14,  0.27,  0.30
   3 ,       nb-def ,    0.17   ,  0.2 (       ------ *| ------       ),-0.03,  0.13,  0.17,  0.26,  0.43
   3 ,      nb-svmf ,    0.18   , 0.18 (       ------ *|  --          ),-0.03,  0.14,  0.18,  0.27,  0.34
   3 ,     oner-dtf ,    0.18   , 0.18 (           -  *|  -           ), 0.08,  0.10,  0.18,  0.28,  0.32
   3 ,      svm-dtf ,    0.18   , 0.18 (           -  *|  -           ), 0.08,  0.10,  0.18,  0.28,  0.32
   3 ,     oner-def ,    0.18   , 0.18 (           -  *|  -           ), 0.08,  0.10,  0.18,  0.28,  0.32
   3 ,       rf-cfs ,    0.19   , 0.24 (        ---    *  ----        ),-0.00,  0.09,  0.19,  0.28,  0.40
   3 ,       rf-dtf ,    0.2   ,  0.2 (           -   *  ---         ), 0.08,  0.10,  0.20,  0.28,  0.36
   3 ,     cart-dtf ,    0.2   ,  0.2 (           -   *  --          ), 0.08,  0.10,  0.20,  0.29,  0.35
   3 ,    oner-svmf ,    0.2   ,  0.2 (           -   *  ---         ), 0.08,  0.10,  0.20,  0.28,  0.36
   3 ,     svm-svmf ,    0.2   , 0.16 (         ----  *  ---         ), 0.04,  0.14,  0.20,  0.28,  0.36
   3 ,       nb-cfs ,    0.2   , 0.17 (          --   * --           ), 0.05,  0.12,  0.20,  0.27,  0.31
   4 ,     cart-def ,    0.23   , 0.16 (          -----|* --------    ), 0.05,  0.20,  0.23,  0.29,  0.51
   4 ,      rf-svmf ,    0.26   , 0.13 (           ----| * -----      ), 0.07,  0.22,  0.26,  0.30,  0.46
   4 ,    cart-svmf ,    0.27   , 0.24 (          -----|  *   ----    ), 0.05,  0.20,  0.27,  0.39,  0.51
   4 ,     cart-cfs ,    0.3   , 0.23 (            ---|  *    --     ), 0.11,  0.21,  0.30,  0.42,  0.49

-- cl-god-class -- inform --

   1 ,       rf-def ,    -0.04   , 0.13 (  -- *--       |              ),-0.19, -0.11, -0.04, -0.01,  0.06
   1 ,      svm-def ,    -0.02   , 0.02 (      *        |              ),-0.02, -0.02, -0.02,  0.00,  0.00
   1 ,      svm-cfs ,    -0.02   , 0.05 (----- *        |              ),-0.26, -0.05, -0.02, -0.02,  0.00
   2 ,     rand-def ,    -0.0   , 0.18 (  --  *----    |              ),-0.18, -0.09, -0.00,  0.04,  0.18
   2 ,    oner-svmf ,    0.0   ,  0.0 (      *------- |              ), 0.00,  0.00,  0.00,  0.00,  0.30
   2 ,      svm-dtf ,    0.0   , 0.02 (     -*        |              ),-0.05, -0.02,  0.00,  0.00,  0.04
   2 ,       rf-cfs ,    0.03   , 0.18 (  --   *--     |              ),-0.17, -0.10,  0.03,  0.07,  0.15
   3 ,       nb-dtf ,    0.23   ,  0.2 (         -- *  |--            ), 0.10,  0.19,  0.23,  0.39,  0.48
   3 ,      rf-svmf ,    0.23   ,  0.2 (      ----- * -|---           ), 0.00,  0.19,  0.23,  0.33,  0.53
   3 ,     svm-svmf ,    0.29   , 0.19 (       ----- * |-             ), 0.04,  0.22,  0.29,  0.35,  0.44
   3 ,     cart-cfs ,    0.33   , 0.32 (------------  *|  --          ),-0.26,  0.22,  0.33,  0.48,  0.55
   3 ,      nb-svmf ,    0.34   , 0.31 (         --    * --           ), 0.10,  0.19,  0.34,  0.43,  0.52
   4 ,       rf-dtf ,    0.43   ,  0.4 (      ------   | *   ----     ),-0.00,  0.24,  0.43,  0.59,  0.77
   4 ,       nb-cfs ,    0.43   , 0.23 (          ---- | * --         ), 0.17,  0.31,  0.43,  0.53,  0.59
   4 ,    cart-svmf ,    0.44   , 0.18 (           ----| *---         ), 0.19,  0.36,  0.44,  0.48,  0.59
   4 ,       nb-def ,    0.48   , 0.19 (            ---|  *--         ), 0.22,  0.38,  0.48,  0.50,  0.59
   5 ,     cart-def ,    0.6   , 0.16 (               |---- * ----   ), 0.42,  0.55,  0.60,  0.67,  0.84
   5 ,     oner-cfs ,    0.61   , 0.07 (               |   --*--      ), 0.54,  0.60,  0.61,  0.65,  0.74
   5 ,     oner-dtf ,    0.65   , 0.08 (          -----|----- *-      ), 0.14,  0.60,  0.65,  0.67,  0.72
   5 ,     oner-def ,    0.65   , 0.11 (               |   ---*-      ), 0.51,  0.63,  0.65,  0.70,  0.74
   5 ,     cart-dtf ,    0.71   , 0.25 (          -----|----    *--   ), 0.17,  0.55,  0.71,  0.76,  0.84

-- ml-feature-envy -- inform --

   1 ,      svm-def ,    -0.23   , 0.11 (--* -          |              ),-0.31, -0.26, -0.23, -0.17, -0.11
   2 ,    cart-svmf ,    -0.17   , 0.04 (  - *-         |              ),-0.25, -0.20, -0.17, -0.17, -0.08
   2 ,      svm-cfs ,    -0.17   , 0.08 (  - *-         |              ),-0.23, -0.19, -0.17, -0.11, -0.08
   2 ,     cart-cfs ,    -0.17   , 0.08 (  - *-         |              ),-0.23, -0.19, -0.17, -0.11, -0.08
   3 ,     cart-def ,    -0.11   , 0.12 (   - *-----    |              ),-0.19, -0.17, -0.11, -0.08,  0.11
   3 ,      rf-svmf ,    -0.11   , 0.12 (   - * ---     |              ),-0.22, -0.17, -0.11, -0.05,  0.08
   3 ,       rf-def ,    -0.08   , 0.17 (   -  *-----   |              ),-0.22, -0.17, -0.08, -0.03,  0.17
   4 ,     cart-dtf ,    -0.05   ,  0.1 (   ----*--     |              ),-0.19, -0.06, -0.05,  0.00,  0.10
   4 ,       rf-cfs ,    -0.05   , 0.14 (    -  * --    |              ),-0.16, -0.11, -0.05,  0.02,  0.10
   4 ,     rand-def ,    -0.03   , 0.22 (    ---*  ---  |              ),-0.17, -0.05, -0.03,  0.06,  0.18
   4 ,       rf-dtf ,    -0.02   , 0.13 (    ---* --    |              ),-0.17, -0.06, -0.02,  0.03,  0.13
   4 ,      svm-dtf ,    -0.02   , 0.06 (     --*-      |              ),-0.11, -0.03, -0.02,  0.00,  0.03
   5 ,     oner-dtf ,    0.0   , 0.03 (        *-     |              ),-0.06, -0.03,  0.00,  0.00,  0.08
   5 ,    oner-svmf ,    0.0   ,  0.0 (        *      |              ), 0.00,  0.00,  0.00,  0.00,  0.00
   5 ,     svm-svmf ,    0.0   , 0.15 (      - * -    |              ),-0.08, -0.03,  0.00,  0.10,  0.13
   5 ,       nb-dtf ,    0.01   , 0.09 (     -- *----- |              ),-0.11, -0.03,  0.01,  0.06,  0.22
   6 ,      nb-svmf ,    0.14   , 0.16 (        --  * -|-             ), 0.00,  0.06,  0.14,  0.22,  0.36
   7 ,       nb-cfs ,    0.31   , 0.24 (           --  |* ------      ), 0.12,  0.19,  0.31,  0.40,  0.64
   7 ,       nb-def ,    0.32   , 0.09 (           ----|*--           ), 0.11,  0.28,  0.32,  0.34,  0.43
   8 ,     oner-def ,    0.69   , 0.16 (               |      -- * -  ), 0.54,  0.64,  0.69,  0.77,  0.81
   8 ,     oner-cfs ,    0.69   , 0.16 (               |      -- * -  ), 0.54,  0.64,  0.69,  0.77,  0.81

-- ml-long-method -- inform --

   1 ,     cart-cfs ,    -0.21   ,  0.1 (        --- *- |              ),-0.32, -0.24, -0.21, -0.16, -0.14
   1 ,       rf-def ,    -0.19   ,  0.1 (         -- *- |              ),-0.30, -0.24, -0.19, -0.16, -0.14
   1 ,     cart-def ,    -0.18   ,  0.1 (         -   * |              ),-0.30, -0.26, -0.18, -0.16, -0.14
   2 ,      svm-def ,    -0.16   ,  0.1 (          -- *-|              ),-0.27, -0.19, -0.16, -0.16, -0.11
   2 ,       rf-cfs ,    -0.16   , 0.08 (         --- *-|              ),-0.29, -0.22, -0.16, -0.16, -0.08
   2 ,      svm-cfs ,    -0.16   , 0.08 (             *-|              ),-0.22, -0.19, -0.16, -0.13, -0.11
   2 ,    cart-svmf ,    -0.16   , 0.06 (          ---*-|              ),-0.26, -0.18, -0.16, -0.13, -0.08
   2 ,      rf-svmf ,    -0.16   , 0.05 (          ---*-|              ),-0.27, -0.16, -0.16, -0.14, -0.11
   3 ,       rf-dtf ,    -0.02   , 0.08 (               |  *           ),-0.11, -0.08, -0.02,  0.00,  0.00
   3 ,     cart-dtf ,    -0.02   , 0.08 (               |- *           ),-0.11, -0.05, -0.02,  0.00,  0.00
   4 ,     rand-def ,    -0.01   , 0.23 (             --|- *   ----    ),-0.18, -0.04, -0.01,  0.10,  0.24
   4 ,      nb-svmf ,    0.0   , 0.08 (             --|   *          ),-0.16, -0.08,  0.00,  0.00,  0.03
   4 ,     oner-dtf ,    0.0   ,  0.0 (               |  -*          ),-0.03,  0.00,  0.00,  0.00,  0.00
   4 ,       nb-dtf ,    0.0   , 0.17 (           --- |   *---       ),-0.22, -0.13,  0.00,  0.00,  0.14
   4 ,    oner-svmf ,    0.0   ,  0.0 (               |  -*          ),-0.03,  0.00,  0.00,  0.00,  0.00
   4 ,      svm-dtf ,    0.0   ,  0.0 (               |  -*          ),-0.03,  0.00,  0.00,  0.00,  0.00
   4 ,     svm-svmf ,    0.0   ,  0.0 (               | --*          ),-0.05,  0.00,  0.00,  0.00,  0.00
   4 ,     oner-def ,    0.0   ,  0.0 (               |---*          ),-0.08,  0.00,  0.00,  0.00,  0.00
   4 ,     oner-cfs ,    0.0   , 0.03 (               | - *          ),-0.05, -0.03,  0.00,  0.00,  0.05
   5 ,       nb-cfs ,    0.02   ,  0.2 (               |-- *  ----    ),-0.08, -0.03,  0.02,  0.12,  0.22
   5 ,       nb-def ,    0.07   , 0.11 (               | --  *---     ),-0.06,  0.01,  0.07,  0.09,  0.21

-- cl-data-class -- pct_dth --

   1 ,       nb-def ,    0.42   , 0.08 (     ----   *--|----          ), 0.31,  0.38,  0.42,  0.45,  0.56
   1 ,     cart-cfs ,    0.43   , 0.17 (    --      *  |-----         ), 0.29,  0.33,  0.43,  0.50,  0.57
   1 ,    cart-svmf ,    0.43   , 0.15 (    ----    *  |-----         ), 0.29,  0.36,  0.43,  0.50,  0.58
   1 ,     cart-def ,    0.44   ,  0.1 (    -------- * |-----         ), 0.29,  0.42,  0.44,  0.50,  0.58
   1 ,       nb-cfs ,    0.45   , 0.09 (        ---   *|--            ), 0.37,  0.40,  0.45,  0.49,  0.53
   1 ,      rf-svmf ,    0.46   , 0.07 (        ----  *|---------     ), 0.35,  0.43,  0.46,  0.50,  0.64
   2 ,       rf-cfs ,    0.5   , 0.13 (        -----  |*    ----     ), 0.36,  0.45,  0.50,  0.57,  0.64
   2 ,     rand-def ,    0.52   ,  0.1 (            ---|  * --        ), 0.42,  0.47,  0.52,  0.57,  0.59
   3 ,       rf-dtf ,    0.57   , 0.15 (             --|    *         ), 0.45,  0.49,  0.57,  0.64,  0.64
   3 ,     cart-dtf ,    0.57   , 0.18 (            ---|    *         ), 0.43,  0.49,  0.57,  0.64,  0.64
   3 ,    oner-svmf ,    0.57   , 0.15 (             --|    *         ), 0.45,  0.49,  0.57,  0.64,  0.64
   3 ,     svm-svmf ,    0.57   , 0.08 (            ---|    *----     ), 0.43,  0.50,  0.57,  0.58,  0.64
   3 ,      nb-svmf ,    0.57   , 0.12 (            ---|    *----     ), 0.43,  0.50,  0.57,  0.57,  0.64
   3 ,     oner-dtf ,    0.57   , 0.15 (             --|    *         ), 0.45,  0.50,  0.57,  0.64,  0.64
   3 ,      svm-dtf ,    0.57   , 0.14 (             --|    *         ), 0.45,  0.50,  0.57,  0.64,  0.64
   3 ,     oner-def ,    0.57   , 0.15 (             --|    *         ), 0.45,  0.50,  0.57,  0.64,  0.64
   3 ,       nb-dtf ,    0.57   , 0.14 (              -|     *---     ), 0.45,  0.50,  0.57,  0.58,  0.64
   3 ,       rf-def ,    0.57   , 0.18 (          ---- |     *---     ), 0.40,  0.46,  0.57,  0.58,  0.65
   3 ,     oner-cfs ,    0.64   , 0.14 (              -|         *--- ), 0.45,  0.50,  0.64,  0.64,  0.71
   4 ,      svm-def ,    0.71   ,  0.0 (               |             *), 0.71,  0.71,  0.71,  0.71,  0.71
   4 ,      svm-cfs ,    0.71   ,  0.0 (               |     --------*), 0.58,  0.71,  0.71,  0.71,  0.71

-- cl-god-class -- pct_dth --

   1 ,     cart-dtf ,    0.16   , 0.17 (  -  *   ------|--            ), 0.08,  0.13,  0.16,  0.25,  0.46
   1 ,     oner-def ,    0.2   , 0.05 (     --*---    |              ), 0.16,  0.20,  0.20,  0.23,  0.31
   1 ,     cart-def ,    0.22   , 0.12 (  ---  *  ---  |              ), 0.08,  0.17,  0.22,  0.27,  0.34
   1 ,     oner-cfs ,    0.22   , 0.05 (     --*---    |              ), 0.16,  0.20,  0.22,  0.24,  0.30
   1 ,     oner-dtf ,    0.22   , 0.06 (     --* ------|--            ), 0.17,  0.20,  0.22,  0.25,  0.46
   2 ,       nb-def ,    0.28   , 0.09 (       -- *----|-             ), 0.20,  0.25,  0.28,  0.31,  0.44
   2 ,       nb-cfs ,    0.31   , 0.15 (       --  * --|----          ), 0.20,  0.26,  0.31,  0.35,  0.51
   3 ,    cart-svmf ,    0.33   , 0.12 (       ---  * -|---           ), 0.21,  0.27,  0.33,  0.37,  0.48
   3 ,       rf-dtf ,    0.34   ,  0.2 (   -----    *  | --------     ), 0.11,  0.24,  0.34,  0.44,  0.64
   3 ,      nb-svmf ,    0.38   , 0.18 (        ----  *|  ---         ), 0.24,  0.32,  0.38,  0.48,  0.53
   4 ,     cart-cfs ,    0.41   ,  0.2 (         --    *  ----------  ), 0.26,  0.29,  0.41,  0.48,  0.70
   4 ,      rf-svmf ,    0.43   , 0.15 (          -----| * ----       ), 0.29,  0.41,  0.43,  0.49,  0.57
   4 ,     svm-svmf ,    0.46   , 0.13 (             --|  * ----      ), 0.36,  0.42,  0.46,  0.52,  0.62
   4 ,       nb-dtf ,    0.46   , 0.19 (           --  |  * ---       ), 0.29,  0.34,  0.46,  0.52,  0.57
   5 ,     rand-def ,    0.51   , 0.08 (               | -- * --      ), 0.44,  0.50,  0.51,  0.55,  0.60
   6 ,       rf-cfs ,    0.56   , 0.14 (               |   -  *  --   ), 0.48,  0.50,  0.56,  0.62,  0.68
   6 ,       rf-def ,    0.58   , 0.09 (               |   --- * ---- ), 0.49,  0.55,  0.58,  0.63,  0.72
   7 ,    oner-svmf ,    0.71   ,  0.0 (              -|------------* ), 0.36,  0.71,  0.71,  0.71,  0.71
   7 ,      svm-dtf ,    0.71   , 0.05 (               |         ---* ), 0.63,  0.71,  0.71,  0.71,  0.71
   7 ,      svm-def ,    0.71   ,  0.0 (               |            * ), 0.71,  0.71,  0.71,  0.71,  0.71
   7 ,      svm-cfs ,    0.71   ,  0.0 (               |            * ), 0.71,  0.71,  0.71,  0.71,  0.73

-- ml-feature-envy -- pct_dth --

   1 ,     oner-def ,    0.21   , 0.12 ( -  * ---      |              ), 0.14,  0.15,  0.21,  0.24,  0.30
   1 ,     oner-cfs ,    0.21   , 0.12 ( -  * ---      |              ), 0.14,  0.15,  0.21,  0.24,  0.30
   2 ,       nb-cfs ,    0.39   , 0.12 (   -------   * |---           ), 0.19,  0.34,  0.39,  0.45,  0.51
   2 ,       nb-def ,    0.39   , 0.09 (          -  *-|---           ), 0.32,  0.35,  0.39,  0.42,  0.52
   3 ,     rand-def ,    0.52   , 0.09 (               |-  *--        ), 0.43,  0.48,  0.52,  0.53,  0.59
   3 ,      nb-svmf ,    0.52   , 0.21 (          -----|   *   --     ), 0.34,  0.43,  0.52,  0.61,  0.65
   4 ,       rf-cfs ,    0.59   , 0.09 (               |  --  * --    ), 0.50,  0.55,  0.59,  0.63,  0.66
   5 ,       rf-def ,    0.62   , 0.12 (               | ----   * --  ), 0.49,  0.57,  0.62,  0.67,  0.72
   5 ,       rf-dtf ,    0.65   , 0.08 (               |   ---   *--  ), 0.52,  0.59,  0.65,  0.66,  0.71
   5 ,       nb-dtf ,    0.65   , 0.12 (               | ------  *    ), 0.48,  0.61,  0.65,  0.71,  0.71
   5 ,     cart-def ,    0.65   , 0.07 (               |    ---  *    ), 0.54,  0.61,  0.65,  0.67,  0.68
   5 ,     svm-svmf ,    0.65   , 0.13 (               |   ---   *    ), 0.52,  0.58,  0.65,  0.71,  0.71
   5 ,      rf-svmf ,    0.65   , 0.08 (               |-------  *--  ), 0.46,  0.61,  0.65,  0.68,  0.72
   5 ,     cart-dtf ,    0.66   , 0.11 (               |      ---*    ), 0.58,  0.65,  0.66,  0.71,  0.72
   6 ,     cart-cfs ,    0.67   , 0.07 (               |       -- *   ), 0.61,  0.64,  0.67,  0.71,  0.73
   6 ,      svm-cfs ,    0.68   , 0.07 (               |        - *   ), 0.63,  0.66,  0.68,  0.71,  0.73
   6 ,    cart-svmf ,    0.68   , 0.06 (               |        -- *- ), 0.64,  0.67,  0.68,  0.72,  0.73
   6 ,     oner-dtf ,    0.71   , 0.06 (               |    -----   * ), 0.54,  0.65,  0.71,  0.71,  0.71
   6 ,    oner-svmf ,    0.71   ,  0.0 (               |            * ), 0.71,  0.71,  0.71,  0.71,  0.71
   6 ,      svm-dtf ,    0.71   , 0.06 (               |            * ), 0.64,  0.65,  0.71,  0.71,  0.71
   7 ,      svm-def ,    0.73   , 0.01 (               |            * ), 0.71,  0.72,  0.73,  0.73,  0.74

-- ml-long-method -- pct_dth --

   1 ,     rand-def ,    0.51   ,  0.1 (    ---   *----|              ), 0.41,  0.47,  0.51,  0.52,  0.59
   1 ,       nb-def ,    0.57   , 0.09 (   --------   *|---           ), 0.41,  0.52,  0.57,  0.59,  0.64
   1 ,       nb-cfs ,    0.58   , 0.09 (      -------- *   ----       ), 0.44,  0.56,  0.58,  0.64,  0.71
   2 ,       nb-dtf ,    0.66   , 0.08 (          -----|--- *  -      ), 0.50,  0.64,  0.66,  0.71,  0.71
   3 ,      nb-svmf ,    0.71   , 0.05 (               |  ---  *      ), 0.63,  0.67,  0.71,  0.71,  0.71
   3 ,     oner-dtf ,    0.71   ,  0.0 (               |       *      ), 0.71,  0.71,  0.71,  0.71,  0.71
   3 ,       rf-dtf ,    0.71   ,  0.0 (               |       *      ), 0.71,  0.71,  0.71,  0.71,  0.71
   3 ,     cart-dtf ,    0.71   ,  0.0 (               |       *      ), 0.71,  0.71,  0.71,  0.71,  0.71
   3 ,    oner-svmf ,    0.71   ,  0.0 (               |       *      ), 0.71,  0.71,  0.71,  0.71,  0.71
   3 ,      svm-dtf ,    0.71   ,  0.0 (               |       *      ), 0.71,  0.71,  0.71,  0.71,  0.71
   3 ,     svm-svmf ,    0.71   ,  0.0 (               |       *      ), 0.71,  0.71,  0.71,  0.71,  0.71
   3 ,     oner-def ,    0.71   ,  0.0 (               |       *      ), 0.71,  0.71,  0.71,  0.71,  0.71
   3 ,     oner-cfs ,    0.71   ,  0.0 (               |   ----*      ), 0.64,  0.71,  0.71,  0.71,  0.71
   3 ,      svm-cfs ,    0.72   , 0.01 (               |        *     ), 0.71,  0.71,  0.72,  0.72,  0.72
   3 ,    cart-svmf ,    0.72   , 0.01 (               |       -*     ), 0.71,  0.71,  0.72,  0.72,  0.73
   3 ,      rf-svmf ,    0.72   , 0.01 (               |       -*     ), 0.71,  0.71,  0.72,  0.72,  0.73
   3 ,      svm-def ,    0.72   , 0.02 (               |        *     ), 0.71,  0.72,  0.72,  0.72,  0.73
   3 ,       rf-cfs ,    0.72   , 0.01 (               |--------*     ), 0.60,  0.72,  0.72,  0.72,  0.74
   3 ,     cart-def ,    0.72   , 0.01 (               |    ----*     ), 0.66,  0.72,  0.72,  0.73,  0.74
   3 ,       rf-def ,    0.72   , 0.01 (               |    ----*     ), 0.66,  0.72,  0.72,  0.73,  0.74
   3 ,     cart-cfs ,    0.72   , 0.01 (               |    ----*-    ), 0.66,  0.72,  0.72,  0.73,  0.74
