rand-def
0.358974358974359 0.3076923076923077 0.2777777777777778 0.3333333333333333 0.2777777777777778 0.3076923076923077 0.358974358974359 0.2222222222222222 0.05555555555555555 0.16666666666666666 0.3076923076923077 0.3076923076923077 0.3888888888888889 0.2222222222222222 0.3888888888888889 0.2564102564102564 0.3076923076923077 0.2777777777777778 0.2222222222222222 0.3333333333333333 0.358974358974359 0.2564102564102564 0.2777777777777778 0.2777777777777778 0.3888888888888889 

rand-def-smote
0.358974358974359 0.3076923076923077 0.2777777777777778 0.3333333333333333 0.2777777777777778 0.3076923076923077 0.358974358974359 0.2222222222222222 0.05555555555555555 0.16666666666666666 0.3076923076923077 0.3076923076923077 0.3888888888888889 0.2222222222222222 0.3888888888888889 0.2564102564102564 0.3076923076923077 0.2777777777777778 0.2222222222222222 0.3333333333333333 0.358974358974359 0.2564102564102564 0.2777777777777778 0.2777777777777778 0.3888888888888889 

oner-def
0.0 0.0 0.0 0.0 0.0 0.0 0.0 0.0 0.0 0.0 0.0 0.0 0.0 0.0 0.0 0.0 0.0 0.0 0.0 0.0 0.0 0.0 0.0 0.0 0.0 

oner-def-smote
0.27586206896551724 0.17142857142857143 0.23529411764705882 0.21428571428571427 0.2857142857142857 0.3783783783783784 0.0 0.3076923076923077 0.15384615384615385 0.14285714285714285 0.10526315789473684 0.2608695652173913 0.2727272727272727 0.3684210526315789 0.2631578947368421 0.3684210526315789 0.4 0.2857142857142857 0.12903225806451613 0.11764705882352941 0.23255813953488372 0.2857142857142857 0.0 0.36363636363636365 0.38095238095238093 

oner-cfs
0.0 0.15384615384615385 0.0 0.0 0.0 0.0 0.0 0.0 0.0 0.0 0.15384615384615385 0.0 0.0 0.0 0.0 0.14285714285714285 0.0 0.0 0.0 0.16666666666666666 0.0 0.0 0.0 0.0 0.0 

oner-cfs-smote
0.35714285714285715 0.37037037037037035 0.22727272727272727 0.35294117647058826 0.21052631578947367 0.3673469387755102 0.24242424242424243 0.36 0.27906976744186046 0.3333333333333333 0.37735849056603776 0.32 0.36 0.0 0.35294117647058826 0.36363636363636365 0.15384615384615385 0.36 0.2926829268292683 0.3673469387755102 0.16666666666666666 0.0 0.09090909090909091 0.35294117647058826 0.20512820512820512 

oner-dtf
0.15384615384615385 0.0 0.0 0.0 0.0 0.0 0.0 0.0 0.0 0.0 0.0 0.0 0.0 0.0 0.0 0.0 0.0 0.0 0.0 0.0 0.0 0.0 0.0 0.0 0.0 

oner-dtf-smote
0.358974358974359 0.26666666666666666 0.45714285714285713 0.3333333333333333 0.26666666666666666 0.32142857142857145 0.2962962962962963 0.32 0.2978723404255319 0.125 0.3111111111111111 0.36363636363636365 0.3225806451612903 0.43243243243243246 0.34146341463414637 0.2962962962962963 0.2564102564102564 0.3333333333333333 0.24242424242424243 0.35294117647058826 0.23529411764705882 0.35714285714285715 0.0 0.35555555555555557 0.3076923076923077 

oner-svmf
0.15384615384615385 0.0 0.0 0.0 0.0 0.0 0.0 0.0 0.0 0.0 0.0 0.0 0.0 0.0 0.0 0.0 0.0 0.0 0.0 0.0 0.0 0.0 0.0 0.0 0.0 

oner-svmf-smote
0.4090909090909091 0.2222222222222222 0.32558139534883723 0.3404255319148936 0.27906976744186046 0.3404255319148936 0.32142857142857145 0.36363636363636365 0.3181818181818182 0.2 0.10526315789473684 0.3404255319148936 0.3225806451612903 0.3404255319148936 0.35555555555555557 0.391304347826087 0.2564102564102564 0.34146341463414637 0.24242424242424243 0.11764705882352941 0.2916666666666667 0.35555555555555557 0.3333333333333333 0.4 0.3902439024390244 

cart-def
0.18181818181818182 0.0 0.0 0.1111111111111111 0.0 0.0 0.0 0.0 0.0 0.0 0.0 0.0 0.0 0.0 0.0 0.0 0.0 0.0 0.0 0.0 0.1 0.0 0.0 0.0 0.0 

cart-def-smote
0.24 0.0 0.0 0.0 0.0 0.0 0.0 0.0 0.0 0.0 0.0 0.0 0.10526315789473684 0.2857142857142857 0.0 0.0 0.09090909090909091 0.0 0.0 0.09090909090909091 0.0 0.1111111111111111 0.08695652173913043 0.0 0.0 

cart-cfs
0.0 0.0 0.0 0.0 0.0 0.0 0.0 0.0 0.0 0.10526315789473684 0.0 0.10526315789473684 0.0 0.0 0.0 0.0 0.0 0.0 0.0 0.0 0.1 0.0 0.0 0.0 0.0 

cart-cfs-smote
0.09090909090909091 0.0 0.0 0.10526315789473684 0.17391304347826086 0.0 0.0 0.0 0.0 0.10526315789473684 0.0 0.10526315789473684 0.09090909090909091 0.2222222222222222 0.0 0.0 0.0 0.0 0.0 0.0 0.16666666666666666 0.1 0.0 0.0 0.0 

cart-dtf
0.14285714285714285 0.0 0.0 0.0 0.0 0.0 0.0 0.0 0.0 0.13333333333333333 0.0 0.0 0.0 0.0 0.0 0.0 0.0 0.0 0.0 0.0 0.0 0.0 0.0 0.0 0.0 

cart-dtf-smote
0.14814814814814814 0.3 0.23076923076923078 0.41379310344827586 0.18181818181818182 0.2857142857142857 0.19047619047619047 0.21052631578947367 0.24 0.125 0.1111111111111111 0.21052631578947367 0.16666666666666666 0.2727272727272727 0.25806451612903225 0.06451612903225806 0.29411764705882354 0.09090909090909091 0.24 0.08 0.13793103448275862 0.19047619047619047 0.125 0.32 0.09090909090909091 

cart-svmf
0.1111111111111111 0.0 0.0 0.0 0.0 0.0 0.0 0.0 0.0 0.0 0.0 0.0 0.0 0.0 0.0 0.0 0.0 0.0 0.0 0.0 0.1111111111111111 0.0 0.0 0.0 0.0 

cart-svmf-smote
0.1111111111111111 0.1 0.0 0.0 0.0 0.0 0.09090909090909091 0.0 0.0 0.0 0.0 0.0 0.0 0.23529411764705882 0.0 0.0 0.10526315789473684 0.0 0.0 0.0 0.1 0.0 0.18181818181818182 0.0 0.0 

nb-def
0.21052631578947367 0.23529411764705882 0.21052631578947367 0.25 0.15384615384615385 0.1 0.19047619047619047 0.45454545454545453 0.13333333333333333 0.25 0.23529411764705882 0.23529411764705882 0.25 0.3333333333333333 0.25 0.2222222222222222 0.19047619047619047 0.42105263157894735 0.13333333333333333 0.2857142857142857 0.38461538461538464 0.11764705882352941 0.11764705882352941 0.35294117647058826 0.3 

nb-def-smote
0.2 0.19047619047619047 0.10526315789473684 0.2608695652173913 0.14285714285714285 0.25 0.19047619047619047 0.4166666666666667 0.25 0.25 0.11764705882352941 0.2222222222222222 0.26666666666666666 0.3333333333333333 0.2857142857142857 0.18181818181818182 0.19047619047619047 0.2608695652173913 0.23529411764705882 0.25 0.43478260869565216 0.11764705882352941 0.1 0.3157894736842105 0.2727272727272727 

nb-cfs
0.35294117647058826 0.38095238095238093 0.21739130434782608 0.0 0.0 0.47058823529411764 0.1111111111111111 0.375 0.23529411764705882 0.125 0.26666666666666666 0.14285714285714285 0.0 0.34782608695652173 0.16666666666666666 0.2857142857142857 0.10526315789473684 0.13333333333333333 0.0 0.26666666666666666 0.21052631578947367 0.2222222222222222 0.11764705882352941 0.3333333333333333 0.21052631578947367 

nb-cfs-smote
0.3181818181818182 0.35294117647058826 0.2553191489361702 0.0 0.2926829268292683 0.3673469387755102 0.3 0.34782608695652173 0.22857142857142856 0.0 0.4 0.21428571428571427 0.35294117647058826 0.3333333333333333 0.3157894736842105 0.2857142857142857 0.38461538461538464 0.25 0.08 0.2 0.2916666666666667 0.30434782608695654 0.21428571428571427 0.30434782608695654 0.11428571428571428 

nb-dtf
0.0 0.09523809523809523 0.14285714285714285 0.0 0.13333333333333333 0.0 0.0 0.2857142857142857 0.0 0.1111111111111111 0.14285714285714285 0.0 0.0 0.2857142857142857 0.2727272727272727 0.2962962962962963 0.14285714285714285 0.2962962962962963 0.23529411764705882 0.13333333333333333 0.2909090909090909 0.4444444444444444 0.38095238095238093 0.0 0.0 

nb-dtf-smote
0.34146341463414637 0.26666666666666666 0.42105263157894735 0.35 0.13333333333333333 0.41025641025641024 0.2962962962962963 0.3333333333333333 0.3076923076923077 0.3137254901960784 0.30303030303030304 0.4 0.35294117647058826 0.38095238095238093 0.36363636363636365 0.2641509433962264 0.2702702702702703 0.2962962962962963 0.24242424242424243 0.3333333333333333 0.22641509433962265 0.35714285714285715 0.2857142857142857 0.42424242424242425 0.32432432432432434 

nb-svmf
0.0 0.09523809523809523 0.15384615384615385 0.0 0.15384615384615385 0.0 0.0 0.0 0.0 0.0 0.0 0.0 0.0 0.0 0.2222222222222222 0.09090909090909091 0.1111111111111111 0.0 0.0 0.0 0.10526315789473684 0.0 0.26666666666666666 0.0 0.0 

nb-svmf-smote
0.32432432432432434 0.26666666666666666 0.42105263157894735 0.35 0.22857142857142856 0.42424242424242425 0.3225806451612903 0.35294117647058826 0.3076923076923077 0.2777777777777778 0.27586206896551724 0.3333333333333333 0.3225806451612903 0.38095238095238093 0.34146341463414637 0.23809523809523808 0.2702702702702703 0.3783783783783784 0.24242424242424243 0.45161290322580644 0.3111111111111111 0.42105263157894735 0.32727272727272727 0.3157894736842105 0.35294117647058826 

rf-def
0.0 0.1111111111111111 0.0 0.0 0.0 0.0 0.0 0.0 0.0 0.19047619047619047 0.0 0.0 0.0 0.0 0.0 0.0 0.0 0.0 0.0 0.0 0.1 0.0 0.0 0.0 0.0 

rf-def-smote
0.17391304347826086 0.0 0.0 0.0 0.0 0.0 0.0 0.0 0.0 0.10526315789473684 0.0 0.10526315789473684 0.0 0.2857142857142857 0.0 0.0 0.09090909090909091 0.0 0.0 0.0 0.0 0.1111111111111111 0.0 0.0 0.08695652173913043 

rf-cfs
0.0 0.1111111111111111 0.0 0.0 0.17391304347826086 0.0 0.0 0.0 0.0 0.19047619047619047 0.0 0.0 0.0 0.0 0.0 0.0 0.0 0.0 0.0 0.0 0.18181818181818182 0.0 0.0 0.0 0.11764705882352941 

rf-cfs-smote
0.18181818181818182 0.09090909090909091 0.0 0.10526315789473684 0.17391304347826086 0.0 0.0 0.0 0.0 0.19047619047619047 0.0 0.19047619047619047 0.2 0.36363636363636365 0.0 0.0 0.09523809523809523 0.09523809523809523 0.0 0.0 0.21428571428571427 0.0 0.0 0.0 0.08 

rf-dtf
0.14285714285714285 0.0 0.0 0.0 0.0 0.0 0.0 0.0 0.0 0.13333333333333333 0.0 0.0 0.0 0.0 0.0 0.0 0.0 0.0 0.0 0.0 0.0 0.0 0.0 0.0 0.0 

rf-dtf-smote
0.14814814814814814 0.3 0.23076923076923078 0.41379310344827586 0.16666666666666666 0.3448275862068966 0.18181818181818182 0.21052631578947367 0.24 0.1111111111111111 0.1111111111111111 0.21052631578947367 0.09090909090909091 0.3 0.25806451612903225 0.06451612903225806 0.29411764705882354 0.08333333333333333 0.26666666666666666 0.08 0.13333333333333333 0.19047619047619047 0.12121212121212122 0.42857142857142855 0.16 

rf-svmf
0.0 0.0 0.0 0.1111111111111111 0.0 0.0 0.0 0.0 0.0 0.0 0.0 0.0 0.0 0.0 0.0 0.0 0.1 0.0 0.0 0.0 0.0 0.0 0.0 0.0 0.0 

rf-svmf-smote
0.10526315789473684 0.0 0.0 0.10526315789473684 0.0 0.0 0.08333333333333333 0.0 0.0 0.0 0.0 0.0 0.0 0.2857142857142857 0.09090909090909091 0.0 0.16666666666666666 0.0 0.0 0.0 0.09523809523809523 0.0 0.09090909090909091 0.0 0.0 

svm-def
0.0 0.0 0.0 0.0 0.0 0.0 0.0 0.0 0.0 0.0 0.0 0.0 0.0 0.0 0.0 0.0 0.0 0.0 0.0 0.0 0.0 0.0 0.0 0.0 0.0 

svm-def-smote
0.3225806451612903 0.06666666666666667 0.0 0.13793103448275862 0.14285714285714285 0.14285714285714285 0.06896551724137931 0.0 0.08333333333333333 0.16666666666666666 0.0 0.2222222222222222 0.07142857142857142 0.30303030303030304 0.15384615384615385 0.0 0.2 0.07142857142857142 0.0 0.125 0.1875 0.14285714285714285 0.13793103448275862 0.07692307692307693 0.1875 

svm-cfs
0.0 0.0 0.0 0.0 0.0 0.0 0.0 0.0 0.0 0.0 0.0 0.0 0.0 0.0 0.0 0.0 0.0 0.0 0.0 0.0 0.0 0.0 0.0 0.0 0.0 

svm-cfs-smote
0.2857142857142857 0.06666666666666667 0.09090909090909091 0.14814814814814814 0.14814814814814814 0.08695652173913043 0.07407407407407407 0.0 0.09090909090909091 0.18181818181818182 0.0 0.16666666666666666 0.14814814814814814 0.30303030303030304 0.09523809523809523 0.0 0.15384615384615385 0.14814814814814814 0.18181818181818182 0.13333333333333333 0.1935483870967742 0.08695652173913043 0.14814814814814814 0.08 0.2 

svm-dtf
0.0 0.0 0.0 0.0 0.0 0.0 0.0 0.0 0.0 0.0 0.0 0.0 0.0 0.0 0.0 0.0 0.0 0.0 0.0 0.0 0.0 0.0 0.0 0.0 0.0 

svm-dtf-smote
0.26666666666666666 0.2962962962962963 0.35714285714285715 0.35294117647058826 0.18181818181818182 0.4 0.19047619047619047 0.3870967741935484 0.3076923076923077 0.2222222222222222 0.21428571428571427 0.3157894736842105 0.2222222222222222 0.3333333333333333 0.25806451612903225 0.125 0.29411764705882354 0.24242424242424243 0.26666666666666666 0.08 0.23529411764705882 0.2727272727272727 0.12903225806451613 0.42857142857142855 0.21428571428571427 

svm-svmf
0.0 0.0 0.0 0.0 0.0 0.0 0.0 0.0 0.0 0.0 0.0 0.0 0.0 0.0 0.0 0.0 0.0 0.0 0.0 0.0 0.0 0.0 0.0 0.0 0.0 

svm-svmf-smote
0.26666666666666666 0.08695652173913043 0.3448275862068966 0.3125 0.3333333333333333 0.16666666666666666 0.0 0.3 0.09523809523809523 0.0 0.1111111111111111 0.17391304347826086 0.21428571428571427 0.34782608695652173 0.25806451612903225 0.08333333333333333 0.24242424242424243 0.42857142857142855 0.09090909090909091 0.08 0.24 0.0 0.23076923076923078 0.24 0.25806451612903225 

