rand-def
0.1210526315789473 -0.0052631578947368585 -0.039039039039038936 0.09909909909909898 -0.039039039039038936 -0.0052631578947368585 0.1210526315789473 -0.17717717717717718 -0.5915915915915916 -0.3153153153153153 -0.0052631578947368585 -0.0052631578947368585 0.23723723723723733 -0.17717717717717718 0.23723723723723733 -0.13157894736842102 -0.0052631578947368585 -0.039039039039038936 -0.17717717717717718 0.09909909909909898 0.1210526315789473 -0.13157894736842102 -0.039039039039038936 -0.039039039039038936 0.23723723723723733 

rand-def-smote
0.1210526315789473 -0.0052631578947368585 -0.039039039039038936 0.09909909909909898 -0.039039039039038936 -0.0052631578947368585 0.1210526315789473 -0.17717717717717718 -0.5915915915915916 -0.3153153153153153 -0.0052631578947368585 -0.0052631578947368585 0.23723723723723733 -0.17717717717717718 0.23723723723723733 -0.13157894736842102 -0.0052631578947368585 -0.039039039039038936 -0.17717717717717718 0.09909909909909898 0.1210526315789473 -0.13157894736842102 -0.039039039039038936 -0.039039039039038936 0.23723723723723733 

oner-def
0.0 0.0 0.0 0.0 0.0 0.0 0.0 0.0 0.0 -0.08108108108108103 -0.07894736842105265 0.0 0.0 -0.05405405405405406 -0.10810810810810811 0.0 -0.10526315789473684 0.0 0.0 0.0 0.0 -0.052631578947368474 0.0 0.0 0.0 

oner-def-smote
0.05789473684210522 -0.0052631578947368585 -0.12312312312312312 -0.0990990990990992 -0.012012012012011963 0.17368421052631566 0.0736842105263158 -0.06906906906906907 0.018018018018018056 0.09909909909909898 0.0052631578947368585 -0.0052631578947368585 -0.1501501501501501 0.24024024024024015 -0.06906906906906907 0.1473684210526316 0.047368421052631504 0.12912912912912922 -0.31831831831831825 -0.0780780780780781 -0.23684210526315796 0.02631578947368407 -0.18918918918918914 0.06006006006006004 -0.2072072072072072 

oner-cfs
-0.02631578947368418 0.047368421052631504 0.0 -0.08108108108108103 0.0 0.0 -0.052631578947368474 -0.05405405405405406 0.0 0.0 0.047368421052631504 -0.02631578947368418 0.0 -0.05405405405405406 0.0 0.021052631578947434 -0.10526315789473684 0.0 0.0 0.05705705705705699 0.0 -0.02631578947368418 0.0 0.0 0.0 

oner-cfs-smote
0.03157894736842115 0.10526315789473673 0.048048048048048075 -0.0030030030030030463 -0.19819819819819817 0.1105263157894738 0.10526315789473673 0.16216216216216228 -0.28828828828828823 0.08108108108108114 0.13157894736842102 -0.042105263157894646 0.1351351351351351 -0.05405405405405406 0.10810810810810811 0.07894736842105265 0.20526315789473681 -0.006006006006005982 -0.08108108108108103 0.16216216216216228 -0.0052631578947368585 0.13157894736842102 -0.08108108108108103 0.08108108108108114 -0.2582582582582582 

oner-dtf
0.047368421052631504 0.0 0.0 0.0 0.0 0.0 0.0 -0.05405405405405406 0.0 -0.027027027027026973 0.0 0.0 0.0 0.0 0.0 0.0 0.0 -0.08108108108108103 0.0 0.0 0.0 0.0 0.0 0.0 0.0 

oner-dtf-smote
-0.05263157894736836 -0.13157894736842102 0.12912912912912922 0.09909909909909898 -0.23423423423423428 -0.0736842105263158 0.22631578947368425 0.1771771771771773 -0.09009009009009006 -0.08108108108108103 0.0052631578947368585 0.11578947368421044 0.09609609609609615 0.2432432432432432 0.05105105105105112 -0.1473684210526316 -0.13157894736842102 0.027027027027026973 -0.09609609609609615 0.15315315315315314 0.06842105263157894 0.16842105263157903 0.21321321321321318 -0.0570570570570571 0.018018018018018056 

oner-svmf
0.047368421052631504 0.0 0.0 0.0 0.0 0.0 0.0 -0.05405405405405406 0.0 0.0 0.0 -0.02631578947368418 0.0 -0.027027027027026973 0.0 0.0 0.0 0.0 0.0 0.0 0.0 0.0 -0.05405405405405406 0.0 0.0 

oner-svmf-smote
0.05789473684210522 -0.13157894736842102 0.048048048048048075 0.0780780780780781 -0.09009009009009006 0.03684210526315801 -0.08421052631578951 0.1711711711711712 -0.09009009009009006 0.048048048048048075 -0.1105263157894737 0.03684210526315801 0.09609609609609615 0.1711711711711712 0.13213213213213204 0.18947368421052646 -0.13684210526315788 0.10210210210210224 0.32432432432432434 -0.0780780780780781 -0.11578947368421055 0.015789473684210575 0.05105105105105112 0.2702702702702702 0.24024024024024015 

cart-def
-0.06315789473684208 -0.1578947368421053 -0.18918918918918914 -0.10510510510510507 -0.29729729729729726 -0.1842105263157895 -0.3421052631578947 -0.18918918918918914 -0.21621621621621623 -0.21621621621621623 -0.26315789473684215 -0.1842105263157895 -0.16216216216216217 -0.16216216216216217 -0.2702702702702703 -0.2894736842105263 -0.26315789473684215 -0.16216216216216217 -0.16216216216216217 -0.29729729729729726 -0.13684210526315788 -0.1578947368421053 -0.2702702702702703 -0.1351351351351351 -0.1351351351351351 

cart-def-smote
-0.06315789473684208 -0.21052631578947367 -0.18918918918918914 -0.18918918918918914 -0.2702702702702703 -0.23684210526315785 -0.268421052631579 -0.18918918918918914 -0.21621621621621623 -0.21621621621621623 -0.26315789473684215 -0.18947368421052635 -0.21621621621621623 -0.0780780780780781 -0.2702702702702703 -0.3421052631578947 -0.21578947368421053 -0.1861861861861862 -0.2702702702702703 -0.32432432432432434 -0.11578947368421044 -0.1578947368421053 -0.32432432432432434 -0.2432432432432432 -0.18918918918918914 

cart-cfs
-0.23684210526315785 -0.1578947368421053 -0.16216216216216217 -0.21621621621621623 -0.2702702702702703 -0.1578947368421053 -0.3421052631578947 -0.21621621621621623 -0.21621621621621623 -0.13213213213213204 -0.21052631578947367 -0.1105263157894737 -0.2432432432432432 -0.16216216216216217 -0.2702702702702703 -0.3157894736842105 -0.26315789473684215 -0.16216216216216217 -0.16216216216216217 -0.32432432432432434 -0.13684210526315788 -0.1578947368421053 -0.2702702702702703 -0.1351351351351351 -0.1351351351351351 

cart-cfs-smote
-0.13684210526315788 -0.26315789473684215 -0.16216216216216217 -0.13213213213213204 -0.10210210210210213 -0.21052631578947367 -0.268421052631579 -0.21621621621621623 -0.2702702702702703 -0.13213213213213204 -0.21052631578947367 -0.1105263157894737 -0.1861861861861862 0.09009009009009006 -0.1861861861861862 -0.3157894736842105 -0.16315789473684217 -0.21621621621621623 -0.21621621621621623 -0.32432432432432434 -0.18947368421052635 -0.1578947368421053 -0.32432432432432434 -0.2702702702702703 -0.15915915915915924 

cart-dtf
0.021052631578947434 -0.07894736842105265 0.0 -0.027027027027026973 -0.05405405405405406 0.0 -0.07894736842105265 -0.05405405405405406 0.0 -0.024024024024023927 0.0 0.0 -0.027027027027026973 0.0 0.0 -0.10526315789473684 -0.02631578947368418 -0.10810810810810811 0.0 0.0 -0.10526315789473684 -0.10526315789473684 -0.10810810810810811 0.0 0.0 

cart-dtf-smote
-0.1947368421052631 -0.05789473684210533 -0.04504504504504503 0.2072072072072073 -0.15915915915915924 0.13157894736842102 -0.03684210526315779 -0.16216216216216217 -0.32432432432432434 -0.024024024024023927 -0.09473684210526323 0.015789473684210575 -0.04504504504504503 0.06306306306306309 -0.042042042042042094 -0.1473684210526316 -0.27368421052631575 -0.24024024024024015 -0.018018018018018056 -0.2942942942942943 -0.34736842105263155 -0.1105263157894737 -0.34534534534534533 0.20420420420420426 0.039039039039038936 

cart-svmf
-0.08421052631578951 -0.13157894736842102 -0.1351351351351351 -0.18918918918918914 -0.2432432432432432 -0.1578947368421053 -0.26315789473684215 -0.1351351351351351 -0.16216216216216217 -0.16216216216216217 -0.13157894736842102 -0.13157894736842102 -0.16216216216216217 -0.10810810810810811 -0.2432432432432432 -0.2894736842105263 -0.1842105263157895 -0.10810810810810811 -0.10810810810810811 -0.2702702702702703 -0.08421052631578951 -0.1578947368421053 -0.2432432432432432 -0.05405405405405406 -0.1351351351351351 

cart-svmf-smote
-0.06315789473684208 -0.13157894736842102 -0.1351351351351351 -0.18918918918918914 -0.2432432432432432 -0.1578947368421053 -0.21578947368421053 -0.16216216216216217 -0.0780780780780781 -0.16216216216216217 -0.13157894736842102 -0.13157894736842102 -0.2702702702702703 -0.024024024024023927 -0.2432432432432432 -0.23684210526315785 -0.1105263157894737 -0.2702702702702703 -0.10810810810810811 -0.2702702702702703 -0.21052631578947367 -0.1578947368421053 -0.15915915915915924 -0.16216216216216217 -0.18918918918918914 

nb-def
0.015789473684210575 0.06842105263157894 0.006006006006006093 0.009009009009008917 0.03003003003003002 -0.13684210526315788 -0.03684210526315779 0.33933933933933935 -0.024024024024023927 0.08708708708708723 0.06842105263157894 0.06842105263157894 0.08708708708708723 0.14714714714714727 0.08708708708708723 0.042105263157894646 -0.03684210526315779 0.28228228228228236 -0.024024024024023927 0.09009009009009006 0.21052631578947367 -0.05789473684210533 -0.0780780780780781 0.19819819819819817 0.11711711711711703 

nb-def-smote
-0.010526315789473717 -0.08947368421052637 -0.21621621621621623 0.03603603603603611 0.0030030030030030463 -0.08947368421052637 -0.1105263157894737 0.2282282282282282 0.08708708708708723 0.08708708708708723 -0.05789473684210533 0.042105263157894646 0.19819819819819817 0.12012012012012008 0.14414414414414423 -0.03684210526315779 0.03684210526315779 0.0930930930930931 -0.05105105105105112 0.03603603603603611 0.21052631578947367 -0.08421052631578951 -0.13213213213213204 0.14414414414414423 0.12012012012012008 

nb-cfs
0.1947368421052631 0.21578947368421053 -0.30930930930930933 -0.08108108108108103 -0.027027027027026973 0.32105263157894726 -0.08421052631578951 0.22522522522522515 0.06006006006006004 -0.05105105105105112 0.1210526315789473 0.021052631578947434 -0.027027027027026973 0.17417417417417402 0.05705705705705699 0.1473684210526316 -0.1105263157894737 -0.024024024024023927 -0.05405405405405406 0.11411411411411398 0.015789473684210575 0.042105263157894646 -0.0780780780780781 0.19519519519519513 0.006006006006006093 

nb-cfs-smote
-0.010526315789473717 0.1105263157894738 -0.30930930930930933 -0.024024024024023927 -0.06306306306306309 0.18947368421052646 -0.03157894736842115 0.12012012012012008 0.039039039039038936 -0.16216216216216217 0.09473684210526323 -0.16315789473684217 0.14414414414414423 0.009009009009008917 -0.039039039039038936 -0.14210526315789473 0.13684210526315788 0.048048048048048075 -0.18918918918918914 -0.07507507507507505 -0.13684210526315788 -0.03684210526315801 -0.17717717717717718 0.05105105105105112 -0.31831831831831825 

nb-dtf
0.0 -0.16315789473684217 0.0030030030030030463 0.0 -0.2912912912912913 0.0 -0.13157894736842102 0.09009009009009006 -0.2432432432432432 -0.10510510510510507 0.021052631578947434 0.0 -0.16216216216216217 0.14114114114114118 0.06306306306306309 -0.1473684210526316 -0.2210526315789474 -0.11111111111111116 0.06006006006006004 -0.024024024024023927 -0.17368421052631577 0.2947368421052632 0.21321321321321318 0.0 -0.05405405405405406 

nb-dtf-smote
0.06842105263157894 -0.021052631578947323 0.04504504504504503 0.09909909909909898 -0.3723723723723724 0.24736842105263168 0.22631578947368425 0.027027027027026973 0.018018018018018056 -0.03003003003003002 0.02631578947368407 0.2210526315789474 0.09609609609609615 0.21321321321321318 0.10210210210210224 -0.24736842105263168 -0.07894736842105265 -0.11111111111111116 -0.09609609609609615 0.09909909909909898 -0.37368421052631584 0.05263157894736836 -0.033033033033033066 0.31831831831831847 0.072072072072072 

nb-svmf
0.0 -0.16315789473684217 0.03003003003003002 0.0 0.03003003003003002 0.0 -0.13157894736842102 0.0 -0.027027027027026973 -0.16216216216216217 -0.07894736842105265 0.0 0.0 0.0 0.033033033033033066 -0.18947368421052635 -0.08421052631578951 0.0 0.0 -0.08108108108108103 -0.1105263157894737 -0.10526315789473684 -0.01501501501501501 0.0 0.0 

nb-svmf-smote
0.10000000000000009 0.0052631578947368585 0.31831831831831847 0.09909909909909898 -0.06906906906906907 0.19999999999999996 0.1578947368421053 0.15315315315315314 -0.3423423423423424 -0.039039039039038936 0.0052631578947368585 0.1473684210526316 0.15315315315315314 0.21321321321321318 0.10210210210210224 -0.1842105263157895 -0.07894736842105265 0.21021021021021014 -0.09609609609609615 0.2642642642642643 -0.03684210526315801 0.27368421052631575 0.0 0.09909909909909898 0.072072072072072 

rf-def
-0.23684210526315785 -0.08421052631578951 -0.21621621621621623 -0.18918918918918914 -0.2702702702702703 -0.1842105263157895 -0.3421052631578947 -0.18918918918918914 -0.2432432432432432 -0.048048048048048075 -0.21052631578947367 -0.1842105263157895 -0.16216216216216217 -0.16216216216216217 -0.29729729729729726 -0.2894736842105263 -0.26315789473684215 -0.18918918918918914 -0.16216216216216217 -0.32432432432432434 -0.13684210526315788 -0.1578947368421053 -0.2702702702702703 -0.1351351351351351 -0.16216216216216217 

rf-def-smote
-0.16315789473684217 -0.21052631578947367 -0.21621621621621623 -0.18918918918918914 -0.2702702702702703 -0.23684210526315785 -0.3421052631578947 -0.18918918918918914 -0.29729729729729726 -0.13213213213213204 -0.21052631578947367 -0.1105263157894737 -0.21621621621621623 0.17417417417417402 -0.29729729729729726 -0.2894736842105263 -0.18947368421052635 -0.2702702702702703 -0.16216216216216217 -0.32432432432432434 -0.06315789473684208 -0.1578947368421053 -0.1861861861861862 -0.05105105105105112 -0.21321321321321318 

rf-cfs
-0.21052631578947367 -0.08421052631578951 -0.16216216216216217 -0.21621621621621623 -0.10210210210210213 -0.1578947368421053 -0.3157894736842105 -0.18918918918918914 -0.21621621621621623 -0.048048048048048075 -0.21052631578947367 -0.1842105263157895 -0.16216216216216217 -0.1351351351351351 -0.2702702702702703 -0.2894736842105263 -0.23684210526315785 -0.16216216216216217 -0.16216216216216217 -0.32432432432432434 -0.06315789473684208 -0.1578947368421053 -0.2702702702702703 -0.1351351351351351 -0.0780780780780781 

rf-cfs-smote
-0.06315789473684208 -0.18947368421052635 -0.16216216216216217 -0.13213213213213204 -0.10210210210210213 -0.21052631578947367 -0.3157894736842105 -0.21621621621621623 -0.2702702702702703 -0.13213213213213204 -0.21052631578947367 -0.03684210526315779 -0.02102102102102099 0.2852852852852852 -0.2702702702702703 -0.3421052631578947 -0.16315789473684217 -0.13213213213213204 -0.18918918918918914 -0.32432432432432434 -0.09473684210526323 -0.08421052631578951 -0.2702702702702703 -0.15915915915915924 -0.15915915915915924 

rf-dtf
0.021052631578947434 -0.07894736842105265 0.0 -0.027027027027026973 -0.10810810810810811 0.0 -0.07894736842105265 -0.05405405405405406 0.0 -0.024024024024023927 0.0 0.0 -0.027027027027026973 0.0 0.0 -0.10526315789473684 -0.02631578947368418 -0.1351351351351351 0.0 0.0 -0.10526315789473684 -0.10526315789473684 -0.1351351351351351 0.0 0.0 

rf-dtf-smote
-0.1947368421052631 -0.05789473684210533 -0.04504504504504503 0.09909909909909898 -0.1291291291291291 0.13157894736842102 -0.06315789473684208 -0.16216216216216217 -0.32432432432432434 -0.05105105105105112 -0.18947368421052635 0.015789473684210575 -0.1291291291291291 0.06306306306306309 -0.09609609609609615 -0.1473684210526316 -0.27368421052631575 -0.2942942942942943 -0.018018018018018056 -0.2942942942942943 -0.34736842105263155 -0.1105263157894737 -0.3723723723723724 0.20420420420420426 0.039039039039038936 

rf-svmf
-0.1578947368421053 -0.13157894736842102 -0.1351351351351351 -0.10510510510510507 -0.2432432432432432 -0.1578947368421053 -0.26315789473684215 -0.1351351351351351 -0.16216216216216217 -0.16216216216216217 -0.13157894736842102 -0.13157894736842102 -0.18918918918918914 -0.10810810810810811 -0.2702702702702703 -0.23684210526315785 -0.13684210526315788 -0.1351351351351351 -0.1351351351351351 -0.29729729729729726 -0.1578947368421053 -0.1578947368421053 -0.2702702702702703 -0.05405405405405406 -0.1351351351351351 

rf-svmf-smote
-0.13684210526315788 -0.21052631578947367 -0.2432432432432432 -0.21621621621621623 -0.32432432432432434 -0.2894736842105263 -0.2421052631578947 -0.18918918918918914 -0.21621621621621623 -0.10510510510510507 -0.13157894736842102 -0.21052631578947367 -0.2432432432432432 0.17417417417417402 -0.29729729729729726 -0.2894736842105263 -0.11578947368421044 -0.2432432432432432 -0.1351351351351351 -0.4054054054054054 -0.010526315789473717 -0.1105263157894737 -0.21321321321321318 -0.2432432432432432 -0.29729729729729726 

svm-def
-0.1842105263157895 -0.13157894736842102 -0.16216216216216217 -0.16216216216216217 -0.2432432432432432 -0.13157894736842102 -0.3157894736842105 -0.16216216216216217 -0.16216216216216217 -0.18918918918918914 -0.1578947368421053 -0.1578947368421053 -0.16216216216216217 -0.10810810810810811 -0.2432432432432432 -0.23684210526315785 -0.23684210526315785 -0.1351351351351351 -0.10810810810810811 -0.2702702702702703 -0.1842105263157895 -0.1578947368421053 -0.2702702702702703 -0.08108108108108103 -0.1351351351351351 

svm-def-smote
0.07894736842105265 -0.37368421052631584 -0.3783783783783784 -0.2912912912912913 -0.2642642642642643 -0.1947368421052631 -0.37368421052631584 -0.3783783783783784 -0.26726726726726735 -0.1291291291291291 -0.268421052631579 -0.06842105263157894 -0.37537537537537546 0.042042042042042205 -0.21021021021021025 -0.37368421052631584 -0.17368421052631589 -0.37537537537537546 -0.45945945945945943 -0.34534534534534533 -0.19999999999999996 -0.2210526315789474 -0.2642642642642643 -0.3213213213213213 -0.2072072072072072 

svm-cfs
-0.1842105263157895 -0.13157894736842102 -0.10810810810810811 -0.16216216216216217 -0.18918918918918914 -0.10526315789473684 -0.3157894736842105 -0.16216216216216217 -0.1351351351351351 -0.18918918918918914 -0.13157894736842102 -0.13157894736842102 -0.1351351351351351 -0.10810810810810811 -0.21621621621621623 -0.21052631578947367 -0.21052631578947367 -0.10810810810810811 -0.10810810810810811 -0.18918918918918914 -0.1842105263157895 -0.1578947368421053 -0.2432432432432432 -0.10810810810810811 -0.10810810810810811 

svm-cfs-smote
-0.026315789473684292 -0.4 -0.1861861861861862 -0.21021021021021025 -0.18318318318318316 -0.3157894736842105 -0.34736842105263155 -0.3513513513513513 -0.26726726726726735 -0.07507507507507505 -0.26315789473684215 -0.11578947368421044 -0.23723723723723722 0.042042042042042205 -0.26726726726726735 -0.4473684210526315 -0.14210526315789473 -0.2942942942942943 -0.2702702702702703 -0.2912912912912913 -0.17368421052631589 -0.21578947368421053 -0.21021021021021025 -0.2942942942942943 -0.15315315315315314 

svm-dtf
0.0 0.0 0.0 0.0 0.0 0.0 0.0 -0.027027027027026973 0.0 -0.027027027027026973 0.0 0.0 0.0 0.0 0.0 -0.02631578947368418 0.0 -0.05405405405405406 0.0 0.0 0.0 -0.02631578947368418 0.0 0.0 0.0 

svm-dtf-smote
-0.16842105263157903 0.06315789473684208 0.1771771771771773 0.15315315315315314 -0.07507507507507505 0.2789473684210526 -0.03684210526315779 -0.018018018018018056 0.0930930930930931 0.03003003003003002 -0.09473684210526323 0.11578947368421044 -0.042042042042042094 0.14714714714714727 -0.042042042042042094 -0.11578947368421044 0.0 -0.06906906906906907 -0.018018018018018056 -0.2942942942942943 0.042105263157894646 0.09473684210526323 -0.26126126126126126 0.18018018018018012 0.09609609609609615 

svm-svmf
0.0 0.0 0.0 0.0 0.0 0.0 0.0 0.0 0.0 0.0 0.0 -0.052631578947368474 0.0 0.0 0.0 -0.052631578947368474 0.0 0.0 0.0 -0.08108108108108103 0.0 0.0 0.0 0.0 0.0 

svm-svmf-smote
-0.021052631578947323 -0.1105263157894737 -0.018018018018018056 0.2072072072072073 0.009009009009008917 0.03157894736842115 -0.1578947368421053 0.0930930930930931 -0.21321321321321318 -0.2702702702702703 -0.21578947368421053 -0.06315789473684208 -0.12612612612612617 0.11711711711711703 0.06906906906906896 -0.2947368421052632 -0.19999999999999996 -0.07507507507507505 -0.21321321321321318 -0.21021021021021025 -0.26315789473684215 -0.11578947368421044 0.039039039039038936 0.009009009009008917 0.12312312312312312 

