rand-def
0.2608695652173913 0.35555555555555557 0.17777777777777778 0.2222222222222222 0.26666666666666666 0.2608695652173913 0.3111111111111111 0.2222222222222222 0.4 0.26666666666666666 0.2608695652173913 0.3111111111111111 0.2222222222222222 0.3111111111111111 0.3111111111111111 0.30434782608695654 0.17777777777777778 0.2222222222222222 0.2222222222222222 0.26666666666666666 0.21739130434782608 0.3111111111111111 0.4 0.3111111111111111 0.26666666666666666

oner-def
0.4782608695652174 0.34146341463414637 0.42857142857142855 0.45454545454545453 0.4166666666666667 0.5116279069767442 0.2631578947368421 0.4444444444444444 0.4090909090909091 0.43902439024390244 0.44 0.4186046511627907 0.46511627906976744 0.43902439024390244 0.36363636363636365 0.3157894736842105 0.4166666666666667 0.4444444444444444 0.35555555555555557 0.5128205128205128 0.42857142857142855 0.375 0.47619047619047616 0.4186046511627907 0.43478260869565216

cart-def
0.72 0.0 0.36363636363636365 0.375 0.38095238095238093 0.4 0.4 0.3 0.5 0.3 0.5454545454545454 0.19047619047619047 0.5 0.125 0.4 0.37037037037037035 0.38461538461538464 0.14285714285714285 0.1111111111111111 0.2727272727272727 0.24 0.16666666666666666 0.25 0.45454545454545453 0.47619047619047616

cart-def-clust
0.5833333333333334 0.4 0.34782608695652173 0.23529411764705882 0.4 0.48 0.375 0.42105263157894735 0.2 0.3157894736842105 0.3 0.4 0.3157894736842105 0.25 0.43478260869565216 0.5 0.5833333333333334 0.42105263157894735 0.35294117647058826 0.35294117647058826 0.42105263157894735 0.46153846153846156 0.42857142857142855 0.34782608695652173 0.43478260869565216

cart-cfs
0.5217391304347826 0.42105263157894735 0.5833333333333334 0.23529411764705882 0.47058823529411764 0.46153846153846156 0.5714285714285714 0.38461538461538464 0.5 0.19047619047619047 0.6086956521739131 0.45454545454545453 0.6666666666666666 0.6 0.4 0.48 0.25 0.45454545454545453 0.42105263157894735 0.3157894736842105 0.5263157894736842 0.37037037037037035 0.375 0.5 0.34782608695652173

cart-cfs-clust
0.5217391304347826 0.5 0.6206896551724138 0.23529411764705882 0.45454545454545453 0.4 0.38461538461538464 0.5 0.48 0.3333333333333333 0.6363636363636364 0.38095238095238093 0.6086956521739131 0.375 0.43478260869565216 0.5 0.4166666666666667 0.48 0.3 0.25 0.3157894736842105 0.45454545454545453 0.47058823529411764 0.3 0.37037037037037035

cart-dtf
0.5217391304347826 0.08695652173913043 0.5454545454545454 0.3157894736842105 0.46153846153846156 0.4666666666666667 0.2727272727272727 0.38095238095238093 0.631578947368421 0.125 0.2608695652173913 0.4444444444444444 0.38095238095238093 0.32 0.4375 0.2857142857142857 0.4 0.375 0.4444444444444444 0.42857142857142855 0.2857142857142857 0.3333333333333333 0.3333333333333333 0.35714285714285715 0.36363636363636365

cart-dtf-clust
0.5217391304347826 0.16666666666666666 0.5454545454545454 0.3157894736842105 0.46153846153846156 0.4666666666666667 0.2727272727272727 0.5 0.631578947368421 0.125 0.2608695652173913 0.4444444444444444 0.38095238095238093 0.32 0.4375 0.2857142857142857 0.4 0.375 0.5263157894736842 0.42857142857142855 0.2857142857142857 0.3333333333333333 0.3333333333333333 0.35714285714285715 0.36363636363636365

cart-svmf
0.09523809523809523 0.5 0.47619047619047616 0.2857142857142857 0.2857142857142857 0.5454545454545454 0.2608695652173913 0.4166666666666667 0.2857142857142857 0.47058823529411764 0.3 0.5 0.36363636363636365 0.5 0.34782608695652173 0.18181818181818182 0.34782608695652173 0.48 0.3 0.38095238095238093 0.38095238095238093 0.41379310344827586 0.19047619047619047 0.631578947368421 0.46153846153846156

cart-svmf-clust
0.09523809523809523 0.36363636363636365 0.42105263157894735 0.38095238095238093 0.5454545454545454 0.72 0.4 0.4166666666666667 0.2857142857142857 0.5714285714285714 0.3 0.5384615384615384 0.36363636363636365 0.56 0.36363636363636365 0.32 0.21052631578947367 0.6086956521739131 0.38095238095238093 0.45454545454545453 0.47619047619047616 0.42857142857142855 0.4444444444444444 0.8 0.6153846153846154

nb-def
0.37037037037037035 0.27450980392156865 0.2857142857142857 0.3783783783783784 0.3157894736842105 0.38095238095238093 0.24 0.3829787234042553 0.3111111111111111 0.2702702702702703 0.32653061224489793 0.2692307692307692 0.4 0.36 0.3181818181818182 0.3333333333333333 0.27906976744186046 0.35294117647058826 0.34285714285714286 0.26666666666666666 0.3333333333333333 0.32653061224489793 0.24390243902439024 0.2608695652173913 0.34782608695652173

nb-def-clust
0.375 0.375 0.4444444444444444 0.36363636363636365 0.25 0.41379310344827586 0.4375 0.5 0.26666666666666666 0.09090909090909091 0.3125 0.35294117647058826 0.4166666666666667 0.4444444444444444 0.4827586206896552 0.3448275862068966 0.27586206896551724 0.41379310344827586 0.3448275862068966 0.38461538461538464 0.3076923076923077 0.23076923076923078 0.2727272727272727 0.35294117647058826 0.4

nb-cfs
0.33962264150943394 0.2692307692307692 0.3076923076923077 0.37209302325581395 0.3111111111111111 0.3181818181818182 0.2962962962962963 0.3137254901960784 0.34782608695652173 0.27906976744186046 0.32727272727272727 0.3018867924528302 0.34285714285714286 0.3829787234042553 0.33962264150943394 0.3076923076923077 0.3404255319148936 0.35714285714285715 0.3 0.2857142857142857 0.35555555555555557 0.32653061224489793 0.25 0.37037037037037035 0.32653061224489793

nb-cfs-clust
0.43902439024390244 0.27906976744186046 0.34146341463414637 0.34285714285714286 0.2608695652173913 0.43243243243243246 0.38095238095238093 0.41379310344827586 0.3870967741935484 0.4375 0.3902439024390244 0.21621621621621623 0.4827586206896552 0.42105263157894735 0.4444444444444444 0.3684210526315789 0.35294117647058826 0.358974358974359 0.3448275862068966 0.4827586206896552 0.37037037037037035 0.42105263157894735 0.27586206896551724 0.4 0.34146341463414637

nb-dtf
0.37037037037037035 0.27586206896551724 0.47619047619047616 0.2962962962962963 0.3 0.4 0.21052631578947367 0.3333333333333333 0.32 0.2857142857142857 0.2727272727272727 0.2608695652173913 0.5517241379310345 0.2 0.2857142857142857 0.3333333333333333 0.2727272727272727 0.5 0.2631578947368421 0.16 0.36363636363636365 0.17391304347826086 0.16666666666666666 0.18181818181818182 0.3

nb-dtf-clust
0.5185185185185185 0.2222222222222222 0.56 0.3333333333333333 0.45161290322580644 0.5 0.22857142857142856 0.4 0.5185185185185185 0.4166666666666667 0.3870967741935484 0.2857142857142857 0.5217391304347826 0.32 0.5185185185185185 0.2962962962962963 0.4827586206896552 0.4166666666666667 0.38095238095238093 0.24 0.32 0.37037037037037035 0.5 0.17391304347826086 0.4

nb-svmf
0.48 0.2777777777777778 0.4166666666666667 0.4186046511627907 0.25806451612903225 0.21052631578947367 0.3111111111111111 0.30434782608695654 0.3783783783783784 0.30434782608695654 0.3673469387755102 0.2857142857142857 0.46153846153846156 0.45161290322580644 0.20512820512820512 0.38461538461538464 0.2727272727272727 0.6666666666666666 0.11428571428571428 0.10526315789473684 0.36 0.32653061224489793 0.13333333333333333 0.358974358974359 0.43478260869565216

nb-svmf-clust
0.30303030303030304 0.34782608695652173 0.25 0.4117647058823529 0.4166666666666667 0.45454545454545453 0.3111111111111111 0.4666666666666667 0.35294117647058826 0.2857142857142857 0.36363636363636365 0.4444444444444444 0.25806451612903225 0.4666666666666667 0.2857142857142857 0.43478260869565216 0.35294117647058826 0.24242424242424243 0.21428571428571427 0.56 0.21052631578947367 0.27906976744186046 0.24 0.5 0.6206896551724138

rf-def
0.43478260869565216 0.09523809523809523 0.5454545454545454 0.25 0.19047619047619047 0.32 0.08333333333333333 0.3 0.36363636363636365 0.2222222222222222 0.3157894736842105 0.3 0.5217391304347826 0.0 0.36363636363636365 0.45454545454545453 0.3076923076923077 0.3 0.2 0.125 0.2857142857142857 0.1 0.125 0.21052631578947367 0.2857142857142857

rf-def-clust
0.4166666666666667 0.10526315789473684 0.5 0.25 0.2727272727272727 0.3333333333333333 0.08333333333333333 0.35294117647058826 0.34782608695652173 0.11764705882352941 0.4 0.2857142857142857 0.5833333333333334 0.0 0.48 0.47619047619047616 0.24 0.3 0.2222222222222222 0.125 0.38095238095238093 0.18181818181818182 0.125 0.21052631578947367 0.36363636363636365

rf-cfs
0.5217391304347826 0.21052631578947367 0.5384615384615384 0.125 0.3333333333333333 0.32 0.3 0.3 0.4 0.1111111111111111 0.38095238095238093 0.36363636363636365 0.6086956521739131 0.47058823529411764 0.4166666666666667 0.4166666666666667 0.42857142857142855 0.43478260869565216 0.3 0.3157894736842105 0.5714285714285714 0.48 0.35294117647058826 0.45454545454545453 0.4

rf-cfs-clust
0.48 0.2857142857142857 0.5833333333333334 0.125 0.3157894736842105 0.37037037037037035 0.34782608695652173 0.38095238095238093 0.43478260869565216 0.18181818181818182 0.5454545454545454 0.45454545454545453 0.6666666666666666 0.375 0.43478260869565216 0.38461538461538464 0.38461538461538464 0.3157894736842105 0.2 0.38095238095238093 0.36363636363636365 0.47619047619047616 0.3333333333333333 0.34782608695652173 0.4166666666666667

rf-dtf
0.5217391304347826 0.16 0.5454545454545454 0.3157894736842105 0.46153846153846156 0.45161290322580644 0.2727272727272727 0.38095238095238093 0.631578947368421 0.125 0.4444444444444444 0.41379310344827586 0.38095238095238093 0.32 0.4375 0.2857142857142857 0.4 0.375 0.4444444444444444 0.42857142857142855 0.4166666666666667 0.3448275862068966 0.3333333333333333 0.35714285714285715 0.36363636363636365

rf-dtf-clust
0.5217391304347826 0.2222222222222222 0.5454545454545454 0.2857142857142857 0.46153846153846156 0.4666666666666667 0.2727272727272727 0.38095238095238093 0.631578947368421 0.125 0.42857142857142855 0.41379310344827586 0.38095238095238093 0.32 0.46153846153846156 0.2857142857142857 0.4 0.375 0.42105263157894735 0.42857142857142855 0.4166666666666667 0.3448275862068966 0.3333333333333333 0.35714285714285715 0.36363636363636365

rf-svmf
0.32 0.38095238095238093 0.4444444444444444 0.5 0.45454545454545453 0.56 0.5 0.34782608695652173 0.2857142857142857 0.3 0.2857142857142857 0.5 0.3333333333333333 0.5882352941176471 0.3 0.4166666666666667 0.2608695652173913 0.6086956521739131 0.25 0.36363636363636365 0.2857142857142857 0.4166666666666667 0.14285714285714285 0.6 0.5714285714285714

rf-svmf-clust
0.4 0.38095238095238093 0.35294117647058826 0.5555555555555556 0.47619047619047616 0.56 0.1 0.43478260869565216 0.34782608695652173 0.3157894736842105 0.38095238095238093 0.5925925925925926 0.34782608695652173 0.5714285714285714 0.25 0.38461538461538464 0.21052631578947367 0.6363636363636364 0.3 0.36363636363636365 0.47619047619047616 0.4 0.2222222222222222 0.6 0.6363636363636364

svm-def
0.5 0.17391304347826086 0.42424242424242425 0.19047619047619047 0.21428571428571427 0.3448275862068966 0.2857142857142857 0.21428571428571427 0.5185185185185185 0.19047619047619047 0.3333333333333333 0.34782608695652173 0.42424242424242425 0.3333333333333333 0.2857142857142857 0.34285714285714286 0.20689655172413793 0.3333333333333333 0.23076923076923078 0.25 0.4 0.2222222222222222 0.24 0.23076923076923078 0.4

svm-def-clust
0.4827586206896552 0.18181818181818182 0.5 0.21052631578947367 0.25806451612903225 0.38461538461538464 0.3125 0.21428571428571427 0.48 0.19047619047619047 0.2962962962962963 0.2857142857142857 0.35714285714285715 0.4166666666666667 0.38461538461538464 0.3225806451612903 0.1935483870967742 0.3076923076923077 0.18181818181818182 0.2857142857142857 0.46153846153846156 0.24 0.32 0.24 0.35714285714285715

svm-cfs
0.4375 0.14285714285714285 0.3448275862068966 0.09523809523809523 0.25 0.2962962962962963 0.11428571428571428 0.32 0.2608695652173913 0.2 0.5 0.2727272727272727 0.5185185185185185 0.2 0.37037037037037035 0.37037037037037035 0.20689655172413793 0.2962962962962963 0.18181818181818182 0.3157894736842105 0.38461538461538464 0.3870967741935484 0.2962962962962963 0.3448275862068966 0.3870967741935484

svm-cfs-clust
0.45161290322580644 0.08 0.45161290322580644 0.16666666666666666 0.18181818181818182 0.2857142857142857 0.23529411764705882 0.25 0.3333333333333333 0.4 0.5 0.4 0.48 0.18181818181818182 0.37037037037037035 0.4 0.21428571428571427 0.23076923076923078 0.23076923076923078 0.3333333333333333 0.35714285714285715 0.35714285714285715 0.23076923076923078 0.23076923076923078 0.41379310344827586

svm-dtf
0.5217391304347826 0.2857142857142857 0.5454545454545454 0.4 0.46153846153846156 0.5 0.2727272727272727 0.3 0.631578947368421 0.11764705882352941 0.3076923076923077 0.41379310344827586 0.38095238095238093 0.32 0.4375 0.25806451612903225 0.4 0.375 0.3 0.42857142857142855 0.3225806451612903 0.3448275862068966 0.32 0.4 0.37037037037037035

svm-dtf-clust
0.45161290322580644 0.2857142857142857 0.5454545454545454 0.4 0.46153846153846156 0.5 0.2727272727272727 0.3333333333333333 0.631578947368421 0.11764705882352941 0.3076923076923077 0.41379310344827586 0.38095238095238093 0.32 0.4375 0.25806451612903225 0.4 0.375 0.3 0.42857142857142855 0.3225806451612903 0.3448275862068966 0.32 0.4 0.36363636363636365

svm-svmf
0.46153846153846156 0.38461538461538464 0.5517241379310345 0.5 0.3225806451612903 0.5333333333333333 0.5625 0.4 0.4827586206896552 0.18181818181818182 0.375 0.5806451612903226 0.4166666666666667 0.4 0.4 0.3333333333333333 0.3870967741935484 0.56 0.3157894736842105 0.6923076923076923 0.4166666666666667 0.3333333333333333 0.3333333333333333 0.6428571428571429 0.5185185185185185

svm-svmf-clust
0.46153846153846156 0.38461538461538464 0.56 0.5263157894736842 0.3448275862068966 0.6 0.3448275862068966 0.41379310344827586 0.42857142857142855 0.18181818181818182 0.42857142857142855 0.5806451612903226 0.43478260869565216 0.5833333333333334 0.3 0.3333333333333333 0.41379310344827586 0.56 0.3333333333333333 0.6666666666666666 0.48 0.38461538461538464 0.3 0.6428571428571429 0.5714285714285714
