rand-def
0.5346161853886603 0.422141119769207 0.6233380681638353 0.5733341843263465 0.5199592559863909 0.5346161853886603 0.46383066833585823 0.5659615711335885 0.3975052351241542 0.5199592559863909 0.5346161853886603 0.46383066833585823 0.5659615711335885 0.4716522684999701 0.4716522684999701 0.48606027544763186 0.6233380681638353 0.5659615711335885 0.5733341843263465 0.5199592559863909 0.5865772162115678 0.46383066833585823 0.3894886248517264 0.4716522684999701 0.5199592559863909

oner-def
0.35355339059327373 0.41231056256176596 0.34612186758744706 0.36107580315908805 0.4212551036856027 0.30935921676911454 0.4896941363976316 0.30052038200428266 0.38270971639847806 0.3384550685228133 0.4124789556921527 0.3605551275463989 0.338821999318554 0.3384550685228133 0.4159452030629865 0.44610414717189856 0.4124789556921527 0.3682847818679935 0.4301241569627277 0.2858516775009447 0.34865978810590836 0.4330227252183833 0.32409060804383427 0.36793441756239725 0.39116545342234543

cart-def
0.14816974334207686 0.7222889926399881 0.44032816045409684 0.4970282898077045 0.43713955597591825 0.4078461175229113 0.3830161731427132 0.5056022948479916 0.3073860648231183 0.506054336409464 0.3297440406530331 0.581014737334605 0.3064129385141706 0.6408265514794406 0.38423258102889785 0.4183527353012861 0.3889198896373848 0.6379287773725214 0.6450511540946369 0.5131608790842732 0.5391859516650178 0.5926634795564849 0.5687461843583851 0.36890512519999363 0.3648951677902659

cart-def-clust
0.27189741168194087 0.43337339558399285 0.4444976096673636 0.5706651111475383 0.43376085977954054 0.3423370765968183 0.4969437845471054 0.4306104355705075 0.5783478130393875 0.5031386324629487 0.5218000669963117 0.3830161731427132 0.5028046340279692 0.568877445687435 0.37347850386259485 0.390169902479336 0.2358679303244838 0.4306104355705075 0.4986196428259325 0.4986196428259325 0.45381886371678887 0.3189065519692076 0.49519391544009184 0.4453471542769125 0.37347850386259485

cart-cfs
0.33334409417892336 0.4306104355705075 0.2358679303244838 0.5706651111475383 0.4266580842655762 0.34768363511095385 0.29227614891096093 0.3889198896373848 0.2690501037951771 0.5816649274475333 0.2674715867182177 0.3682847818679935 0.1667708008015792 0.28917390651969377 0.38423258102889785 0.3423370765968183 0.5208249999333322 0.3682847818679935 0.430881270283395 0.5031386324629487 0.38821830917476363 0.3952847075210474 0.4969437845471054 0.3073860648231183 0.4453471542769125

cart-cfs-clust
0.33334409417892336 0.36114449631999407 0.1634055962593965 0.5706651111475383 0.36890512519999363 0.4078461175229113 0.3889198896373848 0.36114449631999407 0.313582665054279 0.45014961548814914 0.26379523252242654 0.4366161707444601 0.22980970388562794 0.4970282898077045 0.37347850386259485 0.3375492048272703 0.37759518667483033 0.312374974989995 0.506054336409464 0.568877445687435 0.5195076102807134 0.3682847818679935 0.4265596382687888 0.506054336409464 0.39698102461798485

cart-dtf
0.33334409417892336 0.6604922406811453 0.29633173977824245 0.5031386324629487 0.32036647191010575 0.31203477767604504 0.500138869604122 0.4366161707444601 0.28642122978084494 0.6408265514794406 0.531075262949947 0.3259734353525691 0.4366161707444601 0.4553986806658486 0.3097224914811471 0.4890344426164658 0.3830161731427132 0.3681787005729087 0.428510849584769 0.3355501958079374 0.5244964160725132 0.4491117777223047 0.5004251664557071 0.4040452981879349 0.4410058875428335

cart-dtf-clust
0.33334409417892336 0.5926634795564849 0.29633173977824245 0.5031386324629487 0.32036647191010575 0.31203477767604504 0.500138869604122 0.36114449631999407 0.28642122978084494 0.6408265514794406 0.531075262949947 0.3259734353525691 0.4366161707444601 0.4553986806658486 0.3097224914811471 0.4890344426164658 0.3830161731427132 0.3681787005729087 0.35863846449016107 0.3355501958079374 0.5244964160725132 0.4491117777223047 0.5004251664557071 0.4040452981879349 0.4410058875428335

cart-svmf
0.6563545272913622 0.36114449631999407 0.36443449342783124 0.5093978728336448 0.5093978728336448 0.3297440406530331 0.5164313980471064 0.37759518667483033 0.5093978728336448 0.4266580842655762 0.5218000669963117 0.3064129385141706 0.44032816045409684 0.3073860648231183 0.4453471542769125 0.5935392731754596 0.4444976096673636 0.312374974989995 0.506054336409464 0.43713955597591825 0.4585758812268425 0.3415777323278293 0.581014737334605 0.28642122978084494 0.32036647191010575

cart-svmf-clust
0.6563545272913622 0.44032816045409684 0.4306104355705075 0.43713955597591825 0.29689810285127505 0.14816974334207686 0.43337339558399285 0.37759518667483033 0.5093978728336448 0.29267502298800996 0.5218000669963117 0.25015620120236876 0.44032816045409684 0.24389791480749126 0.4410058875428335 0.47347727266666567 0.5750075482596342 0.22980970388562794 0.43713955597591825 0.36890512519999363 0.3926648415643226 0.3335416016031584 0.42833657586321316 0.14458695325984688 0.18570458488535568

nb-def
0.4903675727502367 0.5439375474772407 0.5169354139756941 0.3681558166001377 0.4353755085082098 0.38985950016236653 0.575211313827845 0.418495984316324 0.4716522684999701 0.48430551659957605 0.48218521611993465 0.5575320743140154 0.35360249182128545 0.47171944996456894 0.45826497837266295 0.5171044199921233 0.4880605751338659 0.47667832153583634 0.4021332882641079 0.5199592559863909 0.43716781958343964 0.4780693958226381 0.5212498334665334 0.532646305644897 0.444360059390094

nb-def-clust
0.39004347209505624 0.3681787005729087 0.3259734353525691 0.4410058875428335 0.503325293711906 0.36681846344474933 0.30631376887107115 0.26694321597589915 0.4877958296149825 0.6575621326933262 0.4520131481871605 0.38770156048177057 0.37759518667483033 0.3277010197606891 0.2785568773280335 0.430622430675336 0.4783598279538113 0.3415777323278293 0.4115385347635042 0.3903690028065696 0.4782656368573125 0.5307309555907043 0.5124237748192407 0.39158185771327114 0.3440005105958079

nb-cfs
0.5028489341937941 0.5575320743140154 0.5204498588294126 0.4018292261966562 0.4716522684999701 0.461321028534607 0.5488624600025037 0.5062885787769659 0.444360059390094 0.4949816061258208 0.5313858668695692 0.5346419492416292 0.3979221203814748 0.4271485249666302 0.5163882825035113 0.5229896821588625 0.450009644958367 0.5303300858899106 0.4586673474610772 0.48271152042509724 0.42882568898506646 0.4780693958226381 0.5105229481184519 0.5115240544753749 0.4873594561254305

nb-cfs-clust
0.3350105231479075 0.4880605751338659 0.41231056256176596 0.4021332882641079 0.5173342017730207 0.3278758646875797 0.38078865529319544 0.3415777323278293 0.36183977355908414 0.3097224914811471 0.3771270407526492 0.5429551981722085 0.2761340254296815 0.33247361594044456 0.428510849584769 0.3910514774743786 0.38770156048177057 0.3873431582230699 0.4115385347635042 0.2785568773280335 0.4183527353012861 0.326811192518793 0.4783598279538113 0.3440005105958079 0.4187788624405254

nb-dtf
0.4183527353012861 0.6059886320899281 0.36443449342783124 0.46717513096030405 0.506054336409464 0.37414052486490834 0.5750075482596342 0.5004251664557071 0.4553986806658486 0.5093978728336448 0.5275904650448531 0.5164313980471064 0.2150783126109082 0.5783478130393875 0.5093978728336448 0.5176244122330181 0.5124237748192407 0.3064129385141706 0.4947094478121881 0.5985420645099033 0.4616416569142463 0.588437490780079 0.6365665824474993 0.5853500459760199 0.506054336409464

nb-dtf-clust
0.28929885495684016 0.5338864319517983 0.24267032964268392 0.41943774475992174 0.2989380631423372 0.3375492048272703 0.5250743994902055 0.3830161731427132 0.26006667668913014 0.37859488615477116 0.3818907007851712 0.5088112507491248 0.3010542817426046 0.4553986806658486 0.26006667668913014 0.4834556224132419 0.2761340254296815 0.37759518667483033 0.38778310384412124 0.5268718382175546 0.47347727266666567 0.3952847075210474 0.36114449631999407 0.5893962659808726 0.38423258102889785

nb-svmf
0.3423370765968183 0.4697905118241534 0.37759518667483033 0.36793441756239725 0.49539299003592246 0.5632758525493503 0.46383066833585823 0.47697870031643497 0.3681558166001377 0.4851367105115023 0.4461363089632923 0.5088112507491248 0.3189065519692076 0.2989380631423372 0.5669803585890815 0.4611752146713664 0.500138869604122 0.22016408022704842 0.6631270147977988 0.6476775377048691 0.4602623443426962 0.4780693958226381 0.62474994997999 0.3931308095389908 0.37347850386259485

nb-svmf-clust
0.45986665944314903 0.4444976096673636 0.5208249999333322 0.3322863442525611 0.37859488615477116 0.39569284878363964 0.46383066833585823 0.28578899072956293 0.39158185771327114 0.5093978728336448 0.41572077552148345 0.3259734353525691 0.49266318503505907 0.28853527165283843 0.4736707354220777 0.3738527945067606 0.38770156048177057 0.5082735620597326 0.5439926669811728 0.24389791480749126 0.5852548537190041 0.4880605751338659 0.5255949010407159 0.2537005431513539 0.16623680797022228

rf-def
0.3992417953246728 0.6532238428662023 0.29633173977824245 0.568877445687435 0.5816649274475333 0.47347727266666567 0.6645865987380593 0.5056022948479916 0.4410058875428335 0.5728424595616899 0.5195076102807134 0.5056022948479916 0.3010542817426046 0.7110968071092937 0.4410058875428335 0.39569284878363964 0.4596194077712559 0.5056022948479916 0.5783478130393875 0.6408265514794406 0.5244964160725132 0.6500600933759894 0.6406444780236712 0.575405067234225 0.5093978728336448

rf-def-clust
0.4032979289153383 0.6472162612982533 0.36114449631999407 0.568877445687435 0.5131608790842732 0.4691028286452504 0.6645865987380593 0.49846988095793926 0.4453471542769125 0.6427662743771536 0.45596566325239596 0.5088112507491248 0.2358679303244838 0.7096629821343794 0.313582665054279 0.3926648415643226 0.5255949010407159 0.5056022948479916 0.5728424595616899 0.6408265514794406 0.4585758812268425 0.5845522978219219 0.6406444780236712 0.575405067234225 0.4410058875428335

rf-cfs
0.33334409417892336 0.5750075482596342 0.25015620120236876 0.6408265514794406 0.5006582358066549 0.47347727266666567 0.5056022948479916 0.5056022948479916 0.43376085977954054 0.6450511540946369 0.4585758812268425 0.44032816045409684 0.22980970388562794 0.4266580842655762 0.37859488615477116 0.4032979289153383 0.3335416016031584 0.37267799624996495 0.506054336409464 0.5031386324629487 0.326769042821056 0.312374974989995 0.49846988095793926 0.36890512519999363 0.38423258102889785

rf-cfs-clust
0.3423370765968183 0.5088112507491248 0.2358679303244838 0.6408265514794406 0.5031386324629487 0.4183527353012861 0.4444976096673636 0.4366161707444601 0.37347850386259485 0.5853500459760199 0.3297440406530331 0.3682847818679935 0.1667708008015792 0.4970282898077045 0.37347850386259485 0.4128700999919966 0.3889198896373848 0.5028046340279692 0.5783478130393875 0.43713955597591825 0.4616416569142463 0.36443449342783124 0.5004251664557071 0.4453471542769125 0.37859488615477116

rf-dtf
0.33334409417892336 0.5972230297152165 0.29633173977824245 0.5031386324629487 0.32036647191010575 0.3206104329268794 0.500138869604122 0.4366161707444601 0.28642122978084494 0.6408265514794406 0.35356353603398616 0.3415777323278293 0.4366161707444601 0.4553986806658486 0.3097224914811471 0.4890344426164658 0.3830161731427132 0.3681787005729087 0.428510849584769 0.3355501958079374 0.4032979289153383 0.4093100563414271 0.5004251664557071 0.4040452981879349 0.4410058875428335

rf-dtf-clust
0.33334409417892336 0.5362226423997984 0.29633173977824245 0.4736707354220777 0.32036647191010575 0.31203477767604504 0.500138869604122 0.4366161707444601 0.28642122978084494 0.6408265514794406 0.3599506433936776 0.3415777323278293 0.4366161707444601 0.4553986806658486 0.32036647191010575 0.4890344426164658 0.3830161731427132 0.3681787005729087 0.430881270283395 0.3355501958079374 0.4032979289153383 0.4093100563414271 0.5004251664557071 0.4040452981879349 0.4410058875428335

rf-svmf
0.47347727266666567 0.4366161707444601 0.42833657586321316 0.3614673831496171 0.36890512519999363 0.2770367900386055 0.36114449631999407 0.4444976096673636 0.5093978728336448 0.506054336409464 0.5244964160725132 0.26694321597589915 0.4491117777223047 0.3548314910671897 0.506054336409464 0.4032979289153383 0.5164313980471064 0.22980970388562794 0.568877445687435 0.4410058875428335 0.5244964160725132 0.37759518667483033 0.6379287773725214 0.28917390651969377 0.29267502298800996

rf-svmf-clust
0.4078461175229113 0.4366161707444601 0.49846988095793926 0.3564226716542756 0.3648951677902659 0.2770367900386055 0.6500600933759894 0.37267799624996495 0.4453471542769125 0.5031386324629487 0.4585758812268425 0.19385078024088528 0.4444976096673636 0.29267502298800996 0.5219079979768422 0.4128700999919966 0.5750075482596342 0.22455588886115235 0.506054336409464 0.4410058875428335 0.3926648415643226 0.3830161731427132 0.5725491245299393 0.28917390651969377 0.22507480774407457

svm-def
0.271781952798287 0.588437490780079 0.3171049598406741 0.5816649274475333 0.5439926669811728 0.430622430675336 0.46022337571613586 0.5420591526761632 0.26006667668913014 0.5816649274475333 0.43737289902408744 0.4444976096673636 0.3171049598406741 0.45014961548814914 0.4736707354220777 0.41667527539316146 0.5482294734466175 0.4491117777223047 0.5322148090647021 0.5219079979768422 0.37414052486490834 0.5362226423997984 0.5255949010407159 0.5322148090647021 0.3526527549804368

svm-def-clust
0.30393154333647965 0.5845522978219219 0.26694321597589915 0.575405067234225 0.49539299003592246 0.4128700999919966 0.43326321548094626 0.5420591526761632 0.313582665054279 0.5816649274475333 0.4834556224132419 0.5088112507491248 0.4020887305337246 0.37859488615477116 0.3903690028065696 0.4445092300262306 0.561526936130405 0.4596194077712559 0.5853500459760199 0.5093978728336448 0.34768363511095385 0.5255949010407159 0.45415710999119624 0.5268718382175546 0.4040452981879349

svm-cfs
0.3296216387034702 0.6128258770283412 0.4093100563414271 0.6539378229802345 0.5219079979768422 0.4834556224132419 0.6593939241623494 0.45415710999119624 0.5173342017730207 0.5783478130393875 0.3375492048272703 0.5124237748192407 0.2582661202885289 0.5783478130393875 0.39698102461798485 0.4183527353012861 0.5482294734466175 0.46548399244466204 0.5853500459760199 0.5031386324629487 0.4128700999919966 0.3589263503840307 0.46548399244466204 0.4115385347635042 0.36183977355908414

svm-cfs-clust
0.3206104329268794 0.6689803601169635 0.29586267460127885 0.5937962057025501 0.5853500459760199 0.4890344426164658 0.5165322405770578 0.5208249999333322 0.45014961548814914 0.38423258102889785 0.2963394866841537 0.43337339558399285 0.312374974989995 0.5853500459760199 0.39698102461798485 0.37414052486490834 0.5420591526761632 0.5307309555907043 0.5322148090647021 0.5006582358066549 0.4242762432407834 0.4020887305337246 0.5307309555907043 0.5322148090647021 0.34387876204816326

svm-dtf
0.33334409417892336 0.4717358606489676 0.29633173977824245 0.43376085977954054 0.32036647191010575 0.2963394866841537 0.500138869604122 0.5056022948479916 0.28642122978084494 0.6427662743771536 0.4782656368573125 0.3415777323278293 0.4366161707444601 0.4553986806658486 0.3097224914811471 0.5079713519466731 0.3830161731427132 0.3681787005729087 0.506054336409464 0.3355501958079374 0.4445092300262306 0.4093100563414271 0.45415710999119624 0.3526527549804368 0.39698102461798485

svm-dtf-clust
0.3206104329268794 0.4717358606489676 0.29633173977824245 0.43376085977954054 0.32036647191010575 0.2963394866841537 0.500138869604122 0.5004251664557071 0.28642122978084494 0.6427662743771536 0.4782656368573125 0.3415777323278293 0.4366161707444601 0.4553986806658486 0.3097224914811471 0.5079713519466731 0.3830161731427132 0.3681787005729087 0.506054336409464 0.3355501958079374 0.4445092300262306 0.4093100563414271 0.45415710999119624 0.3526527549804368 0.4410058875428335

svm-svmf
0.34768363511095385 0.3889198896373848 0.2150783126109082 0.3614673831496171 0.4277204360207366 0.2518903793323271 0.20414540705639747 0.35004959966013705 0.2785568773280335 0.5853500459760199 0.39004347209505624 0.19039432764659772 0.37759518667483033 0.38423258102889785 0.43376085977954054 0.4262015943340144 0.3589263503840307 0.24267032964268392 0.5031386324629487 0.12685027157567694 0.4032979289153383 0.4491117777223047 0.5004251664557071 0.15275499279088764 0.26006667668913014

svm-svmf-clust
0.34768363511095385 0.3889198896373848 0.24267032964268392 0.35863846449016107 0.4115385347635042 0.1955257387371893 0.4093100563414271 0.3415777323278293 0.3355501958079374 0.5853500459760199 0.3599506433936776 0.19039432764659772 0.37267799624996495 0.23683536771103886 0.506054336409464 0.4262015943340144 0.3415777323278293 0.24267032964268392 0.45014961548814914 0.1504482513162867 0.3423370765968183 0.3889198896373848 0.5056022948479916 0.15275499279088764 0.20648166098743143
