rand-def
0.2608695652173913 0.35555555555555557 0.17777777777777778 0.2222222222222222 0.26666666666666666 0.2608695652173913 0.3111111111111111 0.2222222222222222 0.4 0.26666666666666666 0.2608695652173913 0.3111111111111111 0.2222222222222222 0.3111111111111111 0.3111111111111111 0.30434782608695654 0.17777777777777778 0.2222222222222222 0.2222222222222222 0.26666666666666666 0.21739130434782608 0.3111111111111111 0.4 0.3111111111111111 0.26666666666666666 

rand-def-smote
0.2608695652173913 0.35555555555555557 0.17777777777777778 0.2222222222222222 0.26666666666666666 0.2608695652173913 0.3111111111111111 0.2222222222222222 0.4 0.26666666666666666 0.2608695652173913 0.3111111111111111 0.2222222222222222 0.3111111111111111 0.3111111111111111 0.30434782608695654 0.17777777777777778 0.2222222222222222 0.2222222222222222 0.26666666666666666 0.21739130434782608 0.3111111111111111 0.4 0.3111111111111111 0.26666666666666666 

oner-def
0.5333333333333333 0.16666666666666666 0.5714285714285714 0.18181818181818182 0.16666666666666666 0.47058823529411764 0.18181818181818182 0.46153846153846156 0.46153846153846156 0.0 0.3076923076923077 0.42857142857142855 0.42857142857142855 0.18181818181818182 0.3333333333333333 0.42105263157894735 0.3076923076923077 0.46153846153846156 0.3333333333333333 0.16666666666666666 0.0 0.18181818181818182 0.18181818181818182 0.3076923076923077 0.42857142857142855 

oner-def-smote
0.4782608695652174 0.34146341463414637 0.42857142857142855 0.45454545454545453 0.4166666666666667 0.5116279069767442 0.2631578947368421 0.4444444444444444 0.4090909090909091 0.43902439024390244 0.44 0.4186046511627907 0.46511627906976744 0.43902439024390244 0.36363636363636365 0.3157894736842105 0.4166666666666667 0.4444444444444444 0.35555555555555557 0.5128205128205128 0.42857142857142855 0.375 0.47619047619047616 0.4186046511627907 0.43478260869565216 

oner-cfs
0.0 0.16666666666666666 0.0 0.18181818181818182 0.16666666666666666 0.47058823529411764 0.18181818181818182 0.46153846153846156 0.46153846153846156 0.0 0.3076923076923077 0.42857142857142855 0.42857142857142855 0.18181818181818182 0.3333333333333333 0.42105263157894735 0.3076923076923077 0.0 0.3333333333333333 0.16666666666666666 0.5333333333333333 0.18181818181818182 0.18181818181818182 0.0 0.42857142857142855 

oner-cfs-smote
0.36065573770491804 0.34146341463414637 0.32142857142857145 0.45454545454545453 0.4166666666666667 0.5116279069767442 0.32 0.46511627906976744 0.4090909090909091 0.43902439024390244 0.44 0.4186046511627907 0.46511627906976744 0.43902439024390244 0.36363636363636365 0.4090909090909091 0.4166666666666667 0.3389830508474576 0.35555555555555557 0.5128205128205128 0.46153846153846156 0.375 0.47619047619047616 0.36363636363636365 0.43478260869565216 

oner-dtf
0.5333333333333333 0.16666666666666666 0.5714285714285714 0.18181818181818182 0.16666666666666666 0.47058823529411764 0.18181818181818182 0.46153846153846156 0.46153846153846156 0.0 0.3076923076923077 0.42857142857142855 0.42857142857142855 0.18181818181818182 0.3333333333333333 0.42105263157894735 0.3076923076923077 0.46153846153846156 0.3333333333333333 0.16666666666666666 0.0 0.18181818181818182 0.18181818181818182 0.3076923076923077 0.42857142857142855 

oner-dtf-smote
0.4782608695652174 0.34146341463414637 0.42857142857142855 0.45454545454545453 0.4166666666666667 0.5116279069767442 0.32 0.46511627906976744 0.4090909090909091 0.43902439024390244 0.44 0.4186046511627907 0.46511627906976744 0.34285714285714286 0.36363636363636365 0.3157894736842105 0.4166666666666667 0.4444444444444444 0.2777777777777778 0.5128205128205128 0.42857142857142855 0.375 0.47619047619047616 0.4186046511627907 0.43478260869565216 

oner-svmf
0.5333333333333333 0.16666666666666666 0.5714285714285714 0.18181818181818182 0.16666666666666666 0.47058823529411764 0.18181818181818182 0.46153846153846156 0.46153846153846156 0.0 0.3076923076923077 0.42857142857142855 0.42857142857142855 0.18181818181818182 0.3333333333333333 0.42105263157894735 0.3076923076923077 0.46153846153846156 0.3333333333333333 0.16666666666666666 0.5333333333333333 0.18181818181818182 0.18181818181818182 0.3076923076923077 0.42857142857142855 

oner-svmf-smote
0.4782608695652174 0.34146341463414637 0.42857142857142855 0.4 0.3333333333333333 0.5116279069767442 0.32 0.1935483870967742 0.3157894736842105 0.0 0.44 0.4186046511627907 0.46511627906976744 0.3783783783783784 0.36363636363636365 0.3157894736842105 0.4166666666666667 0.4 0.35555555555555557 0.38095238095238093 0.46153846153846156 0.18181818181818182 0.18181818181818182 0.4186046511627907 0.43478260869565216 

cart-def
0.5833333333333334 0.21052631578947367 0.6363636363636364 0.26666666666666666 0.4444444444444444 0.35714285714285715 0.2 0.35294117647058826 0.42105263157894735 0.375 0.3 0.2857142857142857 0.6 0.42105263157894735 0.46153846153846156 0.38461538461538464 0.2857142857142857 0.36363636363636365 0.47058823529411764 0.35294117647058826 0.5 0.36363636363636365 0.125 0.34782608695652173 0.37037037037037035 

cart-def-smote
0.72 0.1 0.43478260869565216 0.10526315789473684 0.43478260869565216 0.46153846153846156 0.38461538461538464 0.2857142857142857 0.48 0.21052631578947367 0.47619047619047616 0.19047619047619047 0.43478260869565216 0.13333333333333333 0.36363636363636365 0.35714285714285715 0.35714285714285715 0.26666666666666666 0.1111111111111111 0.3 0.25 0.23076923076923078 0.125 0.34782608695652173 0.45454545454545453 

cart-cfs
0.5454545454545454 0.4 0.6086956521739131 0.25 0.38095238095238093 0.48 0.25 0.42105263157894735 0.5 0.2222222222222222 0.42105263157894735 0.42105263157894735 0.6086956521739131 0.5882352941176471 0.3333333333333333 0.5217391304347826 0.4444444444444444 0.3333333333333333 0.3333333333333333 0.5714285714285714 0.5 0.2727272727272727 0.35294117647058826 0.5714285714285714 0.34782608695652173 

cart-cfs-smote
0.5217391304347826 0.42105263157894735 0.5833333333333334 0.23529411764705882 0.47058823529411764 0.46153846153846156 0.5714285714285714 0.38461538461538464 0.5 0.19047619047619047 0.6086956521739131 0.45454545454545453 0.6666666666666666 0.6 0.4 0.48 0.38461538461538464 0.45454545454545453 0.42105263157894735 0.3157894736842105 0.5263157894736842 0.37037037037037035 0.375 0.5 0.34782608695652173 

cart-dtf
0.5333333333333333 0.10526315789473684 0.5714285714285714 0.16666666666666666 0.16666666666666666 0.4 0.16666666666666666 0.42105263157894735 0.46153846153846156 0.0 0.23529411764705882 0.42857142857142855 0.42857142857142855 0.18181818181818182 0.3333333333333333 0.4444444444444444 0.3076923076923077 0.46153846153846156 0.42105263157894735 0.16666666666666666 0.47619047619047616 0.18181818181818182 0.18181818181818182 0.3076923076923077 0.42857142857142855 

cart-dtf-smote
0.5217391304347826 0.2222222222222222 0.5454545454545454 0.38095238095238093 0.46153846153846156 0.4666666666666667 0.2727272727272727 0.47619047619047616 0.631578947368421 0.11764705882352941 0.23076923076923078 0.4444444444444444 0.38095238095238093 0.32 0.4375 0.2857142857142857 0.4 0.375 0.4444444444444444 0.42857142857142855 0.5 0.3333333333333333 0.3333333333333333 0.4 0.36363636363636365 

cart-svmf
0.6 0.3 0.5882352941176471 0.5333333333333333 0.36363636363636365 0.38095238095238093 0.1 0.35294117647058826 0.48 0.5882352941176471 0.5263157894736842 0.4444444444444444 0.4 0.5 0.2857142857142857 0.34782608695652173 0.6 0.631578947368421 0.3157894736842105 0.21052631578947367 0.4 0.5384615384615384 0.26666666666666666 0.13333333333333333 0.47619047619047616 

cart-svmf-smote
0.782608695652174 0.3157894736842105 0.47619047619047616 0.35294117647058826 0.42857142857142855 0.4444444444444444 0.08333333333333333 0.34782608695652173 0.5384615384615384 0.5454545454545454 0.5 0.47619047619047616 0.36363636363636365 0.625 0.25 0.32 0.4444444444444444 0.6086956521739131 0.4 0.48 0.47619047619047616 0.4827586206896552 0.4 0.1111111111111111 0.38095238095238093 

nb-def
0.42857142857142855 0.2978723404255319 0.28 0.4 0.32432432432432434 0.35 0.22641509433962265 0.375 0.3333333333333333 0.3157894736842105 0.21739130434782608 0.2692307692307692 0.4666666666666667 0.5142857142857142 0.3333333333333333 0.3673469387755102 0.3157894736842105 0.43902439024390244 0.3333333333333333 0.32432432432432434 0.37209302325581395 0.3684210526315789 0.27906976744186046 0.2857142857142857 0.4444444444444444 

nb-def-smote
0.37037037037037035 0.27450980392156865 0.2857142857142857 0.3783783783783784 0.3157894736842105 0.38095238095238093 0.24 0.3829787234042553 0.3111111111111111 0.2702702702702703 0.32653061224489793 0.2692307692307692 0.4 0.36 0.3181818181818182 0.3333333333333333 0.27906976744186046 0.35294117647058826 0.34285714285714286 0.26666666666666666 0.3333333333333333 0.32653061224489793 0.24390243902439024 0.2608695652173913 0.34782608695652173 

nb-cfs
0.34615384615384615 0.2857142857142857 0.3137254901960784 0.42105263157894735 0.4 0.27586206896551724 0.3157894736842105 0.3 0.4444444444444444 0.24390243902439024 0.37037037037037035 0.2702702702702703 0.4444444444444444 0.15384615384615385 0.3902439024390244 0.42105263157894735 0.375 0.35714285714285715 0.32 0.2962962962962963 0.4 0.34285714285714286 0.25806451612903225 0.37209302325581395 0.38461538461538464 

nb-cfs-smote
0.33962264150943394 0.2692307692307692 0.3076923076923077 0.37209302325581395 0.3111111111111111 0.3181818181818182 0.2962962962962963 0.3137254901960784 0.3404255319148936 0.27906976744186046 0.32727272727272727 0.3018867924528302 0.3888888888888889 0.3829787234042553 0.33962264150943394 0.3076923076923077 0.3829787234042553 0.35714285714285715 0.3 0.2857142857142857 0.35555555555555557 0.32653061224489793 0.25 0.37037037037037035 0.32653061224489793 

nb-dtf
0.42105263157894735 0.16666666666666666 0.4444444444444444 0.35294117647058826 0.16666666666666666 0.36363636363636365 0.18181818181818182 0.42857142857142855 0.375 0.23529411764705882 0.23529411764705882 0.42857142857142855 0.42857142857142855 0.18181818181818182 0.26666666666666666 0.42857142857142855 0.21052631578947367 0.46153846153846156 0.25 0.14285714285714285 0.4444444444444444 0.13333333333333333 0.18181818181818182 0.23529411764705882 0.35294117647058826 

nb-dtf-smote
0.37037037037037035 0.2222222222222222 0.47619047619047616 0.2962962962962963 0.3 0.4 0.21052631578947367 0.3157894736842105 0.32 0.34782608695652173 0.34782608695652173 0.2608695652173913 0.5517241379310345 0.2 0.2857142857142857 0.3333333333333333 0.2727272727272727 0.5 0.2631578947368421 0.16 0.5333333333333333 0.17391304347826086 0.16666666666666666 0.18181818181818182 0.3 

nb-svmf
0.42105263157894735 0.26666666666666666 0.47058823529411764 0.23529411764705882 0.2222222222222222 0.42105263157894735 0.18181818181818182 0.35294117647058826 0.28125 0.2857142857142857 0.5882352941176471 0.4 0.56 0.26666666666666666 0.26666666666666666 0.42857142857142855 0.21052631578947367 0.35294117647058826 0.4444444444444444 0.11764705882352941 0.47058823529411764 0.3076923076923077 0.11764705882352941 0.3076923076923077 0.35294117647058826 

nb-svmf-smote
0.5833333333333334 0.2222222222222222 0.4 0.3181818181818182 0.34782608695652173 0.27586206896551724 0.21052631578947367 0.32558139534883723 0.32142857142857145 0.2978723404255319 0.375 0.25 0.34285714285714286 0.4 0.34782608695652173 0.36363636363636365 0.2857142857142857 0.27450980392156865 0.3157894736842105 0.4 0.34146341463414637 0.3076923076923077 0.27906976744186046 0.17391304347826086 0.4 

rf-def
0.43478260869565216 0.10526315789473684 0.47619047619047616 0.25 0.10526315789473684 0.3333333333333333 0.1 0.42857142857142855 0.36363636363636365 0.11764705882352941 0.2222222222222222 0.3157894736842105 0.45454545454545453 0.14285714285714285 0.2222222222222222 0.38095238095238093 0.2 0.38095238095238093 0.2222222222222222 0.125 0.38095238095238093 0.19047619047619047 0.125 0.2222222222222222 0.36363636363636365 

rf-def-smote
0.4166666666666667 0.09523809523809523 0.5833333333333334 0.23529411764705882 0.18181818181818182 0.32 0.16666666666666666 0.3157894736842105 0.36363636363636365 0.11764705882352941 0.2857142857142857 0.2857142857142857 0.45454545454545453 0.0 0.5 0.38095238095238093 0.3076923076923077 0.2857142857142857 0.2222222222222222 0.125 0.34782608695652173 0.19047619047619047 0.11764705882352941 0.2222222222222222 0.2727272727272727 

rf-cfs
0.5217391304347826 0.1111111111111111 0.5 0.25 0.23529411764705882 0.3333333333333333 0.125 0.35294117647058826 0.2857142857142857 0.11764705882352941 0.47058823529411764 0.4444444444444444 0.47619047619047616 0.16666666666666666 0.35294117647058826 0.42105263157894735 0.2222222222222222 0.5263157894736842 0.35294117647058826 0.3333333333333333 0.5263157894736842 0.23529411764705882 0.14285714285714285 0.13333333333333333 0.38095238095238093 

rf-cfs-smote
0.5217391304347826 0.21052631578947367 0.5384615384615384 0.125 0.3333333333333333 0.32 0.3 0.3 0.38095238095238093 0.1111111111111111 0.38095238095238093 0.36363636363636365 0.6086956521739131 0.47058823529411764 0.4166666666666667 0.4166666666666667 0.2962962962962963 0.43478260869565216 0.3 0.3157894736842105 0.5714285714285714 0.48 0.35294117647058826 0.45454545454545453 0.4 

rf-dtf
0.5333333333333333 0.1111111111111111 0.5714285714285714 0.16666666666666666 0.16666666666666666 0.4 0.16666666666666666 0.5 0.46153846153846156 0.0 0.23529411764705882 0.42857142857142855 0.42857142857142855 0.18181818181818182 0.3333333333333333 0.4444444444444444 0.3076923076923077 0.46153846153846156 0.4 0.16666666666666666 0.4444444444444444 0.18181818181818182 0.18181818181818182 0.3076923076923077 0.42857142857142855 

rf-dtf-smote
0.5217391304347826 0.2222222222222222 0.5454545454545454 0.38095238095238093 0.46153846153846156 0.45161290322580644 0.2727272727272727 0.45454545454545453 0.631578947368421 0.11764705882352941 0.2857142857142857 0.41379310344827586 0.38095238095238093 0.32 0.4375 0.2857142857142857 0.4 0.375 0.4444444444444444 0.42857142857142855 0.5714285714285714 0.3448275862068966 0.3333333333333333 0.4 0.36363636363636365 

rf-svmf
0.7 0.35294117647058826 0.5882352941176471 0.4 0.4 0.38095238095238093 0.09090909090909091 0.35294117647058826 0.6666666666666666 0.3076923076923077 0.4444444444444444 0.4444444444444444 0.4 0.4 0.2857142857142857 0.38095238095238093 0.4444444444444444 0.4 0.3333333333333333 0.2222222222222222 0.4 0.4444444444444444 0.18181818181818182 0.11764705882352941 0.5 

rf-svmf-smote
0.7619047619047619 0.3157894736842105 0.45454545454545453 0.47058823529411764 0.46153846153846156 0.4444444444444444 0.07692307692307693 0.38095238095238093 0.6923076923076923 0.5 0.47619047619047616 0.5217391304347826 0.46153846153846156 0.6666666666666666 0.32 0.3076923076923077 0.5 0.5454545454545454 0.4 0.2857142857142857 0.45454545454545453 0.6896551724137931 0.46153846153846156 0.3 0.35294117647058826 

svm-def
0.0 0.0 0.0 0.0 0.0 0.0 0.0 0.0 0.0 0.0 0.0 0.0 0.0 0.0 0.0 0.0 0.0 0.0 0.0 0.0 0.0 0.0 0.0 0.0 0.0 

svm-def-smote
0.37735849056603776 0.2564102564102564 0.34615384615384615 0.2 0.28 0.2916666666666667 0.18181818181818182 0.46511627906976744 0.24489795918367346 0.0 0.43137254901960786 0.2916666666666667 0.32653061224489793 0.2222222222222222 0.2807017543859649 0.36 0.0 0.0 0.25925925925925924 0.2916666666666667 0.3333333333333333 0.2857142857142857 0.32 0.21052631578947367 0.3829787234042553 

svm-cfs
0.0 0.0 0.625 0.0 0.0 0.0 0.0 0.0 0.0 0.0 0.0 0.0 0.0 0.0 0.16666666666666666 0.0 0.15384615384615385 0.0 0.0 0.3076923076923077 0.26666666666666666 0.0 0.0 0.0 0.0 

svm-cfs-smote
0.34375 0.3333333333333333 0.375 0.14285714285714285 0.4166666666666667 0.3076923076923077 0.2903225806451613 0.36363636363636365 0.0 0.25 0.13333333333333333 0.34782608695652173 0.27586206896551724 0.2903225806451613 0.38095238095238093 0.3333333333333333 0.3508771929824561 0.0 0.27692307692307694 0.38461538461538464 0.32727272727272727 0.3225806451612903 0.35555555555555557 0.0 0.30303030303030304 

svm-dtf
0.5333333333333333 0.15384615384615385 0.5714285714285714 0.16666666666666666 0.16666666666666666 0.47058823529411764 0.16666666666666666 0.375 0.46153846153846156 0.0 0.3076923076923077 0.42857142857142855 0.42857142857142855 0.18181818181818182 0.3333333333333333 0.42857142857142855 0.3076923076923077 0.46153846153846156 0.46153846153846156 0.16666666666666666 0.26666666666666666 0.18181818181818182 0.18181818181818182 0.3076923076923077 0.42857142857142855 

svm-dtf-smote
0.5217391304347826 0.24 0.5454545454545454 0.38095238095238093 0.46153846153846156 0.4666666666666667 0.2727272727272727 0.4 0.631578947368421 0.11764705882352941 0.3448275862068966 0.41379310344827586 0.38095238095238093 0.32 0.4375 0.27586206896551724 0.4 0.375 0.5333333333333333 0.42857142857142855 0.4 0.3448275862068966 0.38095238095238093 0.4 0.4166666666666667 

svm-svmf
0.47058823529411764 0.14285714285714285 0.5714285714285714 0.3333333333333333 0.15384615384615385 0.42105263157894735 0.18181818181818182 0.4 0.42857142857142855 0.0 0.2857142857142857 0.16666666666666666 0.4444444444444444 0.2857142857142857 0.3333333333333333 0.42857142857142855 0.5 0.3333333333333333 0.2857142857142857 0.42857142857142855 0.25 0.26666666666666666 0.0 0.3076923076923077 0.5333333333333333 

svm-svmf-smote
0.8181818181818182 0.5263157894736842 0.5217391304347826 0.625 0.4 0.4375 0.15384615384615385 0.3333333333333333 0.47619047619047616 0.4 0.4444444444444444 0.5263157894736842 0.35714285714285715 0.4444444444444444 0.37037037037037035 0.27586206896551724 0.6363636363636364 0.625 0.42105263157894735 0.47619047619047616 0.35294117647058826 0.5555555555555556 0.5 0.4827586206896552 0.45454545454545453 

