rand-def
0.0 0.0 0.0 0.0 0.0 0.0 0.0 0.0 0.0 0.0 0.0 0.0 0.0 0.0 0.0 0.0 0.0 0.0 0.0 0.0 0.0 0.0 0.0 0.0 0.0 

rand-def-smote
0.0 0.0 0.0 0.0 0.0 0.0 0.0 0.0 0.0 0.0 0.0 0.0 0.0 0.0 0.0 0.0 0.0 0.0 0.0 0.0 0.0 0.0 0.0 0.0 0.0 

oner-def
0.7941176470588235 0.6551724137931034 0.8378378378378378 0.7428571428571428 0.696969696969697 0.7352941176470588 0.7096774193548386 0.7999999999999999 0.7407407407407407 0.696969696969697 0.7352941176470588 0.7419354838709675 0.7714285714285714 0.7096774193548386 0.7419354838709677 0.6562500000000001 0.7567567567567567 0.7999999999999999 0.7714285714285715 0.696969696969697 0.6944444444444445 0.7096774193548386 0.6666666666666667 0.7096774193548386 0.7575757575757576 

oner-def-smote
0.2941176470588235 0.06896551724137923 0.35135135135135126 0.31428571428571433 0.1515151515151516 0.3823529411764705 0.09677419354838718 0.4285714285714285 0.03703703703703715 0.303030303030303 0.1764705882352942 0.19354838709677424 0.3428571428571428 0.25806451612903225 0.09677419354838719 0.18749999999999992 0.24324324324324328 0.28571428571428575 0.1714285714285714 0.4242424242424242 0.3333333333333333 0.032258064516129094 0.1851851851851853 0.19354838709677416 0.2121212121212122 

oner-cfs
0.6764705882352943 0.6551724137931034 0.7297297297297296 0.7428571428571428 0.696969696969697 0.7352941176470588 0.7096774193548386 0.7999999999999999 0.7407407407407407 0.696969696969697 0.7352941176470588 0.7419354838709675 0.7714285714285714 0.7096774193548386 0.7419354838709677 0.6562500000000001 0.7567567567567567 0.7142857142857143 0.7714285714285715 0.696969696969697 0.8055555555555556 0.7096774193548386 0.6666666666666667 0.6774193548387097 0.7575757575757576 

oner-cfs-smote
-0.14705882352941174 0.06896551724137923 -0.02702702702702699 0.31428571428571433 0.1515151515151516 0.3823529411764705 -0.09677419354838707 0.3428571428571428 0.03703703703703715 0.303030303030303 0.1764705882352942 0.19354838709677424 0.3428571428571428 0.25806451612903225 0.09677419354838719 0.18749999999999992 0.24324324324324328 -0.11428571428571434 0.1714285714285714 0.4242424242424242 0.41666666666666663 0.032258064516129094 0.1851851851851853 -0.12903225806451613 0.2121212121212122 

oner-dtf
0.7941176470588235 0.6551724137931034 0.8378378378378378 0.7428571428571428 0.696969696969697 0.7352941176470588 0.7096774193548386 0.7999999999999999 0.7407407407407407 0.696969696969697 0.7352941176470588 0.7419354838709675 0.7714285714285714 0.7096774193548386 0.7419354838709677 0.6562500000000001 0.7567567567567567 0.7999999999999999 0.7714285714285715 0.696969696969697 0.6944444444444445 0.7096774193548386 0.6666666666666667 0.7096774193548386 0.7575757575757576 

oner-dtf-smote
0.2941176470588235 0.06896551724137923 0.35135135135135126 0.31428571428571433 0.1515151515151516 0.3823529411764705 -0.09677419354838707 0.3428571428571428 0.03703703703703715 0.303030303030303 0.1764705882352942 0.19354838709677424 0.3428571428571428 0.25806451612903225 0.09677419354838719 0.18749999999999992 0.24324324324324328 0.28571428571428575 0.25714285714285723 0.4242424242424242 0.3333333333333333 0.032258064516129094 0.1851851851851853 0.19354838709677416 0.2121212121212122 

oner-svmf
0.7941176470588235 0.6551724137931034 0.8378378378378378 0.7428571428571428 0.696969696969697 0.7352941176470588 0.7096774193548386 0.7999999999999999 0.7407407407407407 0.696969696969697 0.7352941176470588 0.7419354838709675 0.7714285714285714 0.7096774193548386 0.7419354838709677 0.6562500000000001 0.7567567567567567 0.7999999999999999 0.7714285714285715 0.696969696969697 0.8055555555555556 0.7096774193548386 0.6666666666666667 0.7096774193548386 0.7575757575757576 

oner-svmf-smote
0.2941176470588235 0.06896551724137923 0.35135135135135126 0.39999999999999997 0.2727272727272728 0.3823529411764705 -0.09677419354838707 0.28571428571428575 0.03703703703703715 0.696969696969697 0.1764705882352942 0.19354838709677424 0.3428571428571428 0.25806451612903225 0.09677419354838719 0.18749999999999992 0.24324324324324328 0.31428571428571417 0.1714285714285714 0.2121212121212122 0.41666666666666663 0.7096774193548386 0.6666666666666667 0.19354838709677416 0.2121212121212122 

cart-def
0.7058823529411765 0.48275862068965525 0.7837837837837837 0.6857142857142856 0.696969696969697 0.47058823529411775 0.48387096774193544 0.6857142857142856 0.5925925925925926 0.696969696969697 0.588235294117647 0.5161290322580645 0.7714285714285714 0.6451612903225806 0.5483870967741936 0.4999999999999999 0.5945945945945946 0.6 0.7428571428571428 0.6666666666666666 0.6666666666666667 0.5483870967741934 0.48148148148148145 0.5161290322580645 0.4848484848484848 

cart-def-smote
0.7941176470588235 0.3793103448275863 0.6486486486486486 0.5142857142857142 0.606060606060606 0.588235294117647 0.48387096774193544 0.5714285714285715 0.5185185185185185 0.5454545454545454 0.6764705882352943 0.4516129032258064 0.6285714285714286 0.5806451612903225 0.5483870967741936 0.43750000000000006 0.5135135135135135 0.6857142857142856 0.5428571428571429 0.5757575757575758 0.5000000000000001 0.3548387096774193 0.48148148148148145 0.5161290322580645 0.6363636363636364 

cart-cfs
0.7058823529411765 0.5862068965517242 0.7567567567567567 0.6571428571428571 0.606060606060606 0.6176470588235294 0.6129032258064516 0.6857142857142856 0.5555555555555556 0.5757575757575758 0.6764705882352943 0.6451612903225805 0.7428571428571429 0.7741935483870966 0.6129032258064516 0.6562500000000001 0.5945945945945946 0.6571428571428571 0.6571428571428571 0.7272727272727272 0.7222222222222223 0.48387096774193544 0.5925925925925926 0.7096774193548386 0.5454545454545454 

cart-cfs-smote
0.6764705882352943 0.6206896551724137 0.7297297297297296 0.6285714285714286 0.7272727272727272 0.588235294117647 0.7096774193548386 0.5428571428571428 0.48148148148148157 0.4848484848484848 0.7352941176470588 0.6129032258064516 0.7714285714285714 0.7419354838709677 0.5161290322580645 0.5937500000000001 0.5675675675675675 0.6571428571428571 0.6857142857142856 0.606060606060606 0.75 0.4516129032258064 0.6296296296296297 0.6129032258064516 0.5454545454545454 

cart-dtf
0.7941176470588235 0.4137931034482758 0.8378378378378378 0.7142857142857143 0.696969696969697 0.6470588235294118 0.6774193548387096 0.6857142857142856 0.7407407407407407 0.696969696969697 0.6176470588235294 0.7419354838709675 0.7714285714285714 0.7096774193548386 0.7419354838709677 0.6875 0.7567567567567567 0.7999999999999999 0.6857142857142856 0.696969696969697 0.6944444444444445 0.7096774193548386 0.6666666666666667 0.7096774193548386 0.7575757575757576 

cart-dtf-smote
0.6764705882352943 0.27586206896551735 0.7297297297297296 0.6285714285714286 0.5757575757575758 0.5294117647058822 -0.03225806451612899 0.6857142857142856 0.7407407407407407 0.5454545454545454 0.411764705882353 0.5161290322580645 0.6285714285714286 0.4516129032258064 0.4193548387096775 0.375 0.5945945945945946 0.4285714285714285 0.7142857142857143 0.5151515151515152 0.7222222222222223 0.48387096774193544 0.5555555555555557 0.4193548387096775 0.5757575757575758 

cart-svmf
0.7647058823529412 0.5172413793103448 0.8108108108108106 0.7999999999999999 0.5757575757575758 0.6176470588235294 0.4193548387096775 0.6857142857142856 0.5185185185185185 0.7878787878787878 0.7352941176470588 0.6774193548387096 0.6571428571428571 0.6774193548387097 0.6774193548387097 0.53125 0.7837837837837837 0.7999999999999999 0.6285714285714286 0.5454545454545454 0.6666666666666667 0.6129032258064516 0.5925925925925926 0.5806451612903225 0.6666666666666666 

cart-svmf-smote
0.8529411764705882 0.5517241379310345 0.7027027027027025 0.6857142857142856 0.5151515151515152 0.5588235294117647 0.2903225806451613 0.5714285714285715 0.5555555555555556 0.696969696969697 0.6470588235294118 0.6451612903225805 0.6 0.8064516129032259 0.4193548387096775 0.46875 0.7297297297297296 0.7428571428571429 0.6571428571428571 0.606060606060606 0.6944444444444445 0.5161290322580645 0.6666666666666667 0.48387096774193555 0.606060606060606 

nb-def
0.2941176470588235 -0.13793103448275867 0.02702702702702699 0.5714285714285714 0.2424242424242424 0.23529411764705876 -0.3225806451612903 0.4285714285714285 0.11111111111111122 0.2121212121212122 -0.05882352941176464 -0.22580645161290314 0.5428571428571428 0.4516129032258064 0.09677419354838719 0.03125000000000002 0.29729729729729726 0.3428571428571428 0.31428571428571433 0.2424242424242424 0.25 0.22580645161290314 -0.14814814814814808 0.19354838709677416 0.393939393939394 

nb-def-smote
0.0 -0.27586206896551724 0.05405405405405407 0.3428571428571428 0.2121212121212122 0.23529411764705876 -0.22580645161290314 0.1714285714285714 -0.14814814814814814 0.1818181818181818 0.02941176470588237 -0.22580645161290314 0.31428571428571417 -0.03225806451612903 0.03225806451612903 -0.12499999999999997 0.16216216216216212 0.05714285714285707 0.3428571428571428 0.0 0.2222222222222223 -0.06451612903225808 -0.14814814814814808 -0.09677419354838708 0.0909090909090909 

nb-cfs
0.0 -0.03448275862068961 0.05405405405405407 0.6857142857142856 0.4545454545454546 0.3823529411764705 0.16129032258064516 0.6 0.25925925925925936 0.0606060606060606 0.5 0.12903225806451607 0.7142857142857143 0.6451612903225806 0.19354838709677416 0.6562500000000001 0.4594594594594594 -0.02857142857142863 0.5142857142857142 0.4242424242424242 0.25 0.2580645161290322 0.1481481481481482 0.12903225806451613 0.5151515151515152 

nb-cfs-smote
-0.029411764705882273 -0.31034482758620685 0.02702702702702699 0.22857142857142856 0.0606060606060606 0.11764705882352948 -0.22580645161290314 0.0 -0.14814814814814814 0.0606060606060606 -0.08823529411764701 -0.19354838709677413 0.37142857142857144 0.06451612903225806 -0.12903225806451613 -0.12499999999999997 0.2162162162162162 -0.02857142857142863 0.20000000000000007 0.0909090909090909 0.1944444444444444 -0.06451612903225808 -0.11111111111111097 -0.09677419354838708 0.0 

nb-dtf
0.6764705882352943 0.6551724137931034 0.7297297297297296 0.6857142857142856 0.696969696969697 0.588235294117647 0.7096774193548386 0.7714285714285714 0.6296296296296297 0.606060606060606 0.6176470588235294 0.7419354838709675 0.7714285714285714 0.7096774193548386 0.6451612903225806 0.75 0.5945945945945946 0.7999999999999999 0.6571428571428571 0.6363636363636364 0.7222222222222223 0.5806451612903225 0.6666666666666667 0.5806451612903225 0.6666666666666666 

nb-dtf-smote
0.5 0.5172413793103448 0.7027027027027025 0.45714285714285713 0.5757575757575758 0.47058823529411775 0.5161290322580645 0.6285714285714286 0.37037037037037035 0.5454545454545454 0.5588235294117647 0.4516129032258064 0.6285714285714286 0.48387096774193555 0.5161290322580645 0.625 0.5675675675675675 0.6571428571428571 0.20000000000000007 0.3636363636363636 0.611111111111111 0.3870967741935484 0.6296296296296297 0.4193548387096775 0.5757575757575758 

nb-svmf
0.6764705882352943 0.6206896551724137 0.7567567567567567 0.6285714285714286 0.5757575757575758 0.6764705882352943 0.7096774193548386 0.6857142857142856 -0.7037037037037036 0.696969696969697 0.7941176470588235 0.7096774193548386 0.6857142857142856 0.6451612903225806 0.6451612903225806 0.75 0.5945945945945946 0.6857142857142856 0.7142857142857143 0.5454545454545454 0.75 0.7096774193548386 0.4444444444444446 0.7096774193548386 0.6666666666666666 

nb-svmf-smote
0.7058823529411765 0.5172413793103448 0.6756756756756757 0.14285714285714285 0.0909090909090909 0.3823529411764705 0.5161290322580645 0.1714285714285714 -0.4074074074074074 0.0 0.7058823529411765 0.4193548387096775 0.3428571428571428 0.3225806451612903 0.5161290322580645 0.5624999999999999 0.5945945945945946 -0.05714285714285717 0.6285714285714286 0.4545454545454546 0.25 -0.16129032258064516 -0.14814814814814808 0.3870967741935483 0.6363636363636364 

rf-def
0.6176470588235294 0.4137931034482758 0.7027027027027025 0.6571428571428571 0.4848484848484848 0.5294117647058822 0.4193548387096775 0.7714285714285714 0.48148148148148157 0.5454545454545454 0.588235294117647 0.5806451612903225 0.6571428571428571 0.6129032258064516 0.5483870967741936 0.5937500000000001 0.5675675675675675 0.6285714285714286 0.6000000000000001 0.5757575757575758 0.638888888888889 0.4516129032258064 0.48148148148148145 0.5483870967741936 0.5757575757575758 

rf-def-smote
0.588235294117647 0.3448275862068966 0.7297297297297296 0.6285714285714286 0.4545454545454546 0.5 0.3548387096774193 0.6285714285714286 0.48148148148148157 0.5454545454545454 0.5588235294117647 0.5161290322580645 0.6571428571428571 0.5161290322580645 0.6129032258064516 0.5937500000000001 0.5135135135135135 0.5714285714285715 0.6000000000000001 0.5757575757575758 0.5833333333333334 0.4516129032258064 0.4444444444444446 0.5483870967741936 0.5151515151515152 

rf-cfs
0.6764705882352943 0.4482758620689655 0.7297297297297296 0.6571428571428571 0.606060606060606 0.5294117647058822 0.5483870967741934 0.6857142857142856 0.4444444444444444 0.5454545454545454 0.7352941176470588 0.6774193548387096 0.6857142857142856 0.6774193548387097 0.6451612903225806 0.6562500000000001 0.6216216216216215 0.7428571428571429 0.6857142857142856 0.6363636363636364 0.75 0.5806451612903225 0.5555555555555557 0.5806451612903225 0.606060606060606 

rf-cfs-smote
0.6764705882352943 0.48275862068965525 0.6756756756756757 0.6000000000000001 0.6363636363636364 0.5 0.5483870967741934 0.6 0.5185185185185185 0.5151515151515152 0.6176470588235294 0.5483870967741934 0.7428571428571429 0.7096774193548386 0.5483870967741936 0.5624999999999999 0.48648648648648646 0.6285714285714286 0.6000000000000001 0.606060606060606 0.75 0.5806451612903225 0.5925925925925926 0.6129032258064516 0.5454545454545454 

rf-dtf
0.7941176470588235 0.4482758620689655 0.8378378378378378 0.7142857142857143 0.696969696969697 0.6470588235294118 0.6774193548387096 0.7142857142857143 0.7407407407407407 0.696969696969697 0.6176470588235294 0.7419354838709675 0.7714285714285714 0.7096774193548386 0.7419354838709677 0.6875 0.7567567567567567 0.7999999999999999 0.7428571428571428 0.696969696969697 0.7222222222222223 0.7096774193548386 0.6666666666666667 0.7096774193548386 0.7575757575757576 

rf-dtf-smote
0.6764705882352943 0.27586206896551735 0.7297297297297296 0.6285714285714286 0.5757575757575758 0.5 -0.03225806451612899 0.6571428571428571 0.7407407407407407 0.5454545454545454 0.411764705882353 0.4516129032258064 0.6285714285714286 0.4516129032258064 0.4193548387096775 0.375 0.5945945945945946 0.4285714285714285 0.7142857142857143 0.5151515151515152 0.75 0.3870967741935484 0.5555555555555557 0.4193548387096775 0.5757575757575758 

rf-svmf
0.823529411764706 0.6206896551724137 0.8108108108108106 0.7428571428571428 0.6363636363636364 0.6176470588235294 0.3548387096774193 0.6857142857142856 0.7407407407407407 0.7272727272727272 0.7058823529411765 0.6774193548387096 0.6571428571428571 0.7096774193548386 0.6774193548387097 0.5937500000000001 0.7297297297297296 0.7428571428571429 0.6571428571428571 0.5757575757575758 0.6666666666666667 0.6774193548387096 0.6666666666666667 0.5161290322580645 0.7575757575757576 

rf-svmf-smote
0.8529411764705882 0.5517241379310345 0.6756756756756757 0.7428571428571428 0.5757575757575758 0.5588235294117647 0.22580645161290314 0.6285714285714286 0.7037037037037037 0.7575757575757576 0.6764705882352943 0.6451612903225805 0.6 0.8064516129032259 0.4516129032258064 0.43750000000000006 0.7297297297297296 0.7142857142857143 0.6571428571428571 0.5454545454545454 0.6666666666666667 0.7096774193548386 0.7407407407407407 0.5483870967741936 0.6666666666666666 

svm-def
0.6764705882352943 0.5862068965517242 0.6756756756756757 0.7142857142857143 0.696969696969697 0.6470588235294118 0.6451612903225805 0.7142857142857143 0.5925925925925926 0.696969696969697 0.588235294117647 0.6451612903225805 0.7142857142857143 0.6774193548387097 0.6774193548387097 0.6562500000000001 0.7027027027027025 0.7142857142857143 0.6857142857142856 0.6666666666666666 0.6944444444444445 0.6451612903225805 0.6296296296296297 0.6774193548387097 0.6666666666666666 

svm-def-smote
0.02941176470588237 0.0 0.08108108108108106 -0.14285714285714285 -0.0909090909090909 0.0 -0.4516129032258064 0.3428571428571428 -0.37037037037037035 0.5757575757575758 0.14705882352941174 -0.09677419354838707 0.05714285714285707 -0.12903225806451613 -0.3225806451612903 0.0 0.6216216216216215 0.6571428571428571 -0.14285714285714285 -0.0303030303030303 0.0 -0.12903225806451607 -0.25925925925925913 0.03225806451612903 0.1212121212121212 

svm-cfs
0.6764705882352943 0.5862068965517242 0.8378378378378378 0.6000000000000001 0.6666666666666666 0.6470588235294118 0.6774193548387096 0.7142857142857143 0.5925925925925926 0.5151515151515152 0.6176470588235294 0.6451612903225805 0.7142857142857143 0.6774193548387097 0.6774193548387097 0.6562500000000001 0.7027027027027025 0.7142857142857143 0.6857142857142856 0.7272727272727272 0.6944444444444445 0.6451612903225805 0.5925925925925926 0.6774193548387097 0.4848484848484848 

svm-cfs-smote
-0.23529411764705876 -0.10344827586206895 0.1891891891891892 0.31428571428571433 0.1515151515151516 -0.32352941176470584 -0.4193548387096773 0.0 0.5925925925925926 0.2727272727272728 0.6176470588235294 0.032258064516129094 -0.20000000000000004 -0.4193548387096774 0.16129032258064524 -0.375 0.0 0.7142857142857143 -0.3428571428571428 0.0303030303030303 -0.027777777777777797 -0.3548387096774193 -0.07407407407407397 0.6774193548387097 0.303030303030303 

svm-dtf
0.7941176470588235 0.6206896551724137 0.8378378378378378 0.7142857142857143 0.696969696969697 0.7352941176470588 0.6774193548387096 0.7142857142857143 0.7407407407407407 0.696969696969697 0.7352941176470588 0.7419354838709675 0.7714285714285714 0.7096774193548386 0.7419354838709677 0.75 0.7567567567567567 0.7999999999999999 0.7999999999999999 0.696969696969697 0.6944444444444445 0.7096774193548386 0.6666666666666667 0.7096774193548386 0.7575757575757576 

svm-dtf-smote
0.6764705882352943 0.3448275862068966 0.7297297297297296 0.6285714285714286 0.5757575757575758 0.5294117647058822 -0.03225806451612899 0.6571428571428571 0.7407407407407407 0.5454545454545454 0.4411764705882353 0.4516129032258064 0.6285714285714286 0.4516129032258064 0.4193548387096775 0.3437499999999999 0.5945945945945946 0.4285714285714285 0.7999999999999999 0.5151515151515152 0.41666666666666663 0.3870967741935484 0.5185185185185186 0.4193548387096775 0.5757575757575758 

svm-svmf
0.7352941176470588 0.5862068965517242 0.8378378378378378 0.7714285714285715 0.6666666666666666 0.6764705882352943 0.7096774193548386 0.7428571428571429 0.7037037037037037 0.696969696969697 0.7058823529411765 0.6774193548387096 0.7142857142857143 0.6774193548387097 0.7419354838709677 0.75 0.7837837837837837 0.7714285714285714 0.7142857142857143 0.7575757575757576 0.6666666666666667 0.6451612903225805 0.6296296296296297 0.7096774193548386 0.7878787878787878 

svm-svmf-smote
0.8823529411764706 0.6896551724137931 0.7027027027027025 0.8285714285714286 0.6363636363636364 0.47058823529411775 -0.06451612903225808 0.6571428571428571 0.5925925925925926 0.7272727272727272 0.7058823529411765 0.7096774193548386 0.48571428571428577 0.6774193548387097 0.4516129032258064 0.3437499999999999 0.7837837837837837 0.8285714285714286 0.6857142857142856 0.6666666666666666 0.6944444444444445 0.7419354838709675 0.7037037037037036 0.5161290322580645 0.6363636363636364 

