rand-def
0.423728813559322 0.5 0.3620689655172414 0.38596491228070173 0.42105263157894735 0.423728813559322 0.46551724137931033 0.39655172413793105 0.5263157894736842 0.42105263157894735 0.423728813559322 0.46551724137931033 0.39655172413793105 0.45614035087719296 0.45614035087719296 0.4576271186440678 0.3620689655172414 0.39655172413793105 0.38596491228070173 0.42105263157894735 0.3898305084745763 0.46551724137931033 0.5344827586206896 0.45614035087719296 0.42105263157894735 

rand-def-smote
0.423728813559322 0.5 0.3620689655172414 0.38596491228070173 0.42105263157894735 0.423728813559322 0.46551724137931033 0.39655172413793105 0.5263157894736842 0.42105263157894735 0.423728813559322 0.46551724137931033 0.39655172413793105 0.45614035087719296 0.45614035087719296 0.4576271186440678 0.3620689655172414 0.39655172413793105 0.38596491228070173 0.42105263157894735 0.3898305084745763 0.46551724137931033 0.5344827586206896 0.45614035087719296 0.42105263157894735 

oner-def
0.8813559322033898 0.8275862068965517 0.896551724137931 0.8421052631578947 0.8245614035087719 0.847457627118644 0.8448275862068966 0.8793103448275862 0.8771929824561403 0.8245614035087719 0.847457627118644 0.8620689655172413 0.8620689655172413 0.8421052631578947 0.8596491228070176 0.8135593220338984 0.8448275862068966 0.8793103448275862 0.8596491228070176 0.8245614035087719 0.8135593220338984 0.8448275862068966 0.8448275862068966 0.8421052631578947 0.8596491228070176 

oner-def-smote
0.5932203389830508 0.5344827586206896 0.5862068965517241 0.5789473684210527 0.5087719298245614 0.6440677966101694 0.5172413793103449 0.6551724137931034 0.543859649122807 0.5964912280701754 0.5254237288135594 0.5689655172413793 0.603448275862069 0.5964912280701754 0.5087719298245614 0.559322033898305 0.5172413793103449 0.5689655172413793 0.49122807017543857 0.6666666666666666 0.5932203389830508 0.4827586206896552 0.6206896551724138 0.5614035087719298 0.543859649122807 

oner-cfs
0.8135593220338984 0.8275862068965517 0.8275862068965517 0.8421052631578947 0.8245614035087719 0.847457627118644 0.8448275862068966 0.8793103448275862 0.8771929824561403 0.8245614035087719 0.847457627118644 0.8620689655172413 0.8620689655172413 0.8421052631578947 0.8596491228070176 0.8135593220338984 0.8448275862068966 0.8275862068965517 0.8596491228070176 0.8245614035087719 0.8813559322033898 0.8448275862068966 0.8448275862068966 0.8245614035087719 0.8596491228070176 

oner-cfs-smote
0.3389830508474576 0.5344827586206896 0.3448275862068966 0.5789473684210527 0.5087719298245614 0.6440677966101694 0.41379310344827586 0.603448275862069 0.543859649122807 0.5964912280701754 0.5254237288135594 0.5689655172413793 0.603448275862069 0.5964912280701754 0.5087719298245614 0.559322033898305 0.5172413793103449 0.3275862068965517 0.49122807017543857 0.6666666666666666 0.6440677966101694 0.4827586206896552 0.6206896551724138 0.38596491228070173 0.543859649122807 

oner-dtf
0.8813559322033898 0.8275862068965517 0.896551724137931 0.8421052631578947 0.8245614035087719 0.847457627118644 0.8448275862068966 0.8793103448275862 0.8771929824561403 0.8245614035087719 0.847457627118644 0.8620689655172413 0.8620689655172413 0.8421052631578947 0.8596491228070176 0.8135593220338984 0.8448275862068966 0.8793103448275862 0.8596491228070176 0.8245614035087719 0.8135593220338984 0.8448275862068966 0.8448275862068966 0.8421052631578947 0.8596491228070176 

oner-dtf-smote
0.5932203389830508 0.5344827586206896 0.5862068965517241 0.5789473684210527 0.5087719298245614 0.6440677966101694 0.41379310344827586 0.603448275862069 0.543859649122807 0.5964912280701754 0.5254237288135594 0.5689655172413793 0.603448275862069 0.5964912280701754 0.5087719298245614 0.559322033898305 0.5172413793103449 0.5689655172413793 0.543859649122807 0.6666666666666666 0.5932203389830508 0.4827586206896552 0.6206896551724138 0.5614035087719298 0.543859649122807 

oner-svmf
0.8813559322033898 0.8275862068965517 0.896551724137931 0.8421052631578947 0.8245614035087719 0.847457627118644 0.8448275862068966 0.8793103448275862 0.8771929824561403 0.8245614035087719 0.847457627118644 0.8620689655172413 0.8620689655172413 0.8421052631578947 0.8596491228070176 0.8135593220338984 0.8448275862068966 0.8793103448275862 0.8596491228070176 0.8245614035087719 0.8813559322033898 0.8448275862068966 0.8448275862068966 0.8421052631578947 0.8596491228070176 

oner-svmf-smote
0.5932203389830508 0.5344827586206896 0.5862068965517241 0.631578947368421 0.5789473684210527 0.6440677966101694 0.41379310344827586 0.5689655172413793 0.543859649122807 0.8245614035087719 0.5254237288135594 0.5689655172413793 0.603448275862069 0.5964912280701754 0.5087719298245614 0.559322033898305 0.5172413793103449 0.5862068965517241 0.49122807017543857 0.543859649122807 0.6440677966101694 0.8448275862068966 0.8448275862068966 0.5614035087719298 0.543859649122807 

cart-def
0.8305084745762712 0.7413793103448276 0.8620689655172413 0.8070175438596491 0.8245614035087719 0.6949152542372882 0.7241379310344828 0.8103448275862069 0.8070175438596491 0.8245614035087719 0.7627118644067796 0.7413793103448276 0.8620689655172413 0.8070175438596491 0.7543859649122807 0.7288135593220338 0.7413793103448276 0.7586206896551724 0.8421052631578947 0.8070175438596491 0.7966101694915254 0.7586206896551724 0.7586206896551724 0.7368421052631579 0.7017543859649122 

cart-def-smote
0.8813559322033898 0.6896551724137931 0.7758620689655172 0.7017543859649122 0.7719298245614035 0.7627118644067796 0.7241379310344828 0.7413793103448276 0.7719298245614035 0.7368421052631579 0.8135593220338984 0.7068965517241379 0.7758620689655172 0.7719298245614035 0.7543859649122807 0.6949152542372882 0.6896551724137931 0.8103448275862069 0.7192982456140351 0.7543859649122807 0.6949152542372882 0.6551724137931034 0.7586206896551724 0.7368421052631579 0.7894736842105263 

cart-cfs
0.8305084745762712 0.7931034482758621 0.8448275862068966 0.7894736842105263 0.7719298245614035 0.7796610169491526 0.7931034482758621 0.8103448275862069 0.7894736842105263 0.7543859649122807 0.8135593220338984 0.8103448275862069 0.8448275862068966 0.8771929824561403 0.7894736842105263 0.8135593220338984 0.7413793103448276 0.7931034482758621 0.7894736842105263 0.8421052631578947 0.8305084745762712 0.7241379310344828 0.8103448275862069 0.8421052631578947 0.7368421052631579 

cart-cfs-smote
0.8135593220338984 0.8103448275862069 0.8275862068965517 0.7719298245614035 0.8421052631578947 0.7627118644067796 0.8448275862068966 0.7241379310344828 0.7543859649122807 0.7017543859649122 0.847457627118644 0.7931034482758621 0.8620689655172413 0.8596491228070176 0.7368421052631579 0.7796610169491526 0.7241379310344828 0.7931034482758621 0.8070175438596491 0.7719298245614035 0.847457627118644 0.7068965517241379 0.8275862068965517 0.7894736842105263 0.7368421052631579 

cart-dtf
0.8813559322033898 0.7068965517241379 0.896551724137931 0.8245614035087719 0.8245614035087719 0.7966101694915254 0.8275862068965517 0.8103448275862069 0.8771929824561403 0.8245614035087719 0.7796610169491526 0.8620689655172413 0.8620689655172413 0.8421052631578947 0.8596491228070176 0.8305084745762712 0.8448275862068966 0.8793103448275862 0.8070175438596491 0.8245614035087719 0.8135593220338984 0.8448275862068966 0.8448275862068966 0.8421052631578947 0.8596491228070176 

cart-dtf-smote
0.8135593220338984 0.6379310344827587 0.8275862068965517 0.7719298245614035 0.7543859649122807 0.7288135593220338 0.4482758620689655 0.8103448275862069 0.8771929824561403 0.7368421052631579 0.6610169491525424 0.7413793103448276 0.7758620689655172 0.7017543859649122 0.6842105263157895 0.6610169491525424 0.7413793103448276 0.6551724137931034 0.8245614035087719 0.7192982456140351 0.8305084745762712 0.7241379310344828 0.7931034482758621 0.6842105263157895 0.7543859649122807 

cart-svmf
0.864406779661017 0.7586206896551724 0.8793103448275862 0.8771929824561403 0.7543859649122807 0.7796610169491526 0.6896551724137931 0.8103448275862069 0.7719298245614035 0.8771929824561403 0.847457627118644 0.8275862068965517 0.7931034482758621 0.8245614035087719 0.8245614035087719 0.7457627118644068 0.8620689655172413 0.8793103448275862 0.7719298245614035 0.7368421052631579 0.7966101694915254 0.7931034482758621 0.8103448275862069 0.7719298245614035 0.8070175438596491 

cart-svmf-smote
0.9152542372881356 0.7758620689655172 0.8103448275862069 0.8070175438596491 0.7192982456140351 0.7457627118644068 0.6206896551724138 0.7413793103448276 0.7894736842105263 0.8245614035087719 0.7966101694915254 0.8103448275862069 0.7586206896551724 0.8947368421052632 0.6842105263157895 0.711864406779661 0.8275862068965517 0.8448275862068966 0.7894736842105263 0.7719298245614035 0.8135593220338984 0.7413793103448276 0.8448275862068966 0.7192982456140351 0.7719298245614035 

nb-def
0.5932203389830508 0.43103448275862066 0.3793103448275862 0.7368421052631579 0.5614035087719298 0.559322033898305 0.29310344827586204 0.6551724137931034 0.5789473684210527 0.543859649122807 0.3898305084745763 0.3448275862068966 0.7241379310344828 0.7017543859649122 0.5087719298245614 0.4745762711864407 0.5517241379310345 0.603448275862069 0.5789473684210527 0.5614035087719298 0.5423728813559322 0.5862068965517241 0.46551724137931033 0.5614035087719298 0.6491228070175439 

nb-def-smote
0.423728813559322 0.3620689655172414 0.39655172413793105 0.5964912280701754 0.543859649122807 0.559322033898305 0.3448275862068966 0.5 0.45614035087719296 0.5263157894736842 0.4406779661016949 0.3448275862068966 0.5862068965517241 0.43859649122807015 0.47368421052631576 0.3898305084745763 0.46551724137931033 0.43103448275862066 0.5964912280701754 0.42105263157894735 0.5254237288135594 0.43103448275862066 0.46551724137931033 0.40350877192982454 0.47368421052631576 

nb-cfs
0.423728813559322 0.4827586206896552 0.39655172413793105 0.8070175438596491 0.6842105263157895 0.6440677966101694 0.5517241379310345 0.7586206896551724 0.6491228070175439 0.45614035087719296 0.711864406779661 0.5344827586206896 0.8275862068965517 0.8070175438596491 0.5614035087719298 0.8135593220338984 0.6551724137931034 0.3793103448275862 0.7017543859649122 0.6666666666666666 0.5423728813559322 0.603448275862069 0.603448275862069 0.5263157894736842 0.7192982456140351 

nb-cfs-smote
0.4067796610169492 0.3448275862068966 0.3793103448275862 0.5263157894736842 0.45614035087719296 0.4915254237288136 0.3448275862068966 0.39655172413793105 0.45614035087719296 0.45614035087719296 0.3728813559322034 0.3620689655172414 0.6206896551724138 0.49122807017543857 0.38596491228070173 0.3898305084745763 0.5 0.3793103448275862 0.5087719298245614 0.47368421052631576 0.5084745762711864 0.43103448275862066 0.4827586206896552 0.40350877192982454 0.42105263157894735 

nb-dtf
0.8135593220338984 0.8275862068965517 0.8275862068965517 0.8070175438596491 0.8245614035087719 0.7627118644067796 0.8448275862068966 0.8620689655172413 0.8245614035087719 0.7719298245614035 0.7796610169491526 0.8620689655172413 0.8620689655172413 0.8421052631578947 0.8070175438596491 0.864406779661017 0.7413793103448276 0.8793103448275862 0.7894736842105263 0.7894736842105263 0.8305084745762712 0.7758620689655172 0.8448275862068966 0.7719298245614035 0.8070175438596491 

nb-dtf-smote
0.711864406779661 0.7586206896551724 0.8103448275862069 0.6666666666666666 0.7543859649122807 0.6949152542372882 0.7413793103448276 0.7758620689655172 0.7017543859649122 0.7368421052631579 0.7457627118644068 0.7068965517241379 0.7758620689655172 0.7192982456140351 0.7368421052631579 0.7966101694915254 0.7241379310344828 0.7931034482758621 0.5087719298245614 0.631578947368421 0.7627118644067796 0.6724137931034483 0.8275862068965517 0.6842105263157895 0.7543859649122807 

nb-svmf
0.8135593220338984 0.8103448275862069 0.8448275862068966 0.7719298245614035 0.7543859649122807 0.8135593220338984 0.8448275862068966 0.8103448275862069 0.19298245614035087 0.8245614035087719 0.8813559322033898 0.8448275862068966 0.8103448275862069 0.8070175438596491 0.8070175438596491 0.864406779661017 0.7413793103448276 0.8103448275862069 0.8245614035087719 0.7368421052631579 0.847457627118644 0.8448275862068966 0.7413793103448276 0.8421052631578947 0.8070175438596491 

nb-svmf-smote
0.8305084745762712 0.7586206896551724 0.7931034482758621 0.47368421052631576 0.47368421052631576 0.6440677966101694 0.7413793103448276 0.5 0.3333333333333333 0.42105263157894735 0.8305084745762712 0.6896551724137931 0.603448275862069 0.631578947368421 0.7368421052631579 0.7627118644067796 0.7413793103448276 0.3620689655172414 0.7719298245614035 0.6842105263157895 0.5423728813559322 0.3793103448275862 0.46551724137931033 0.6666666666666666 0.7894736842105263 

rf-def
0.7796610169491526 0.7068965517241379 0.8103448275862069 0.7894736842105263 0.7017543859649122 0.7288135593220338 0.6896551724137931 0.8620689655172413 0.7543859649122807 0.7368421052631579 0.7627118644067796 0.7758620689655172 0.7931034482758621 0.7894736842105263 0.7543859649122807 0.7796610169491526 0.7241379310344828 0.7758620689655172 0.7543859649122807 0.7543859649122807 0.7796610169491526 0.7068965517241379 0.7586206896551724 0.7543859649122807 0.7543859649122807 

rf-def-smote
0.7627118644067796 0.6724137931034483 0.8275862068965517 0.7719298245614035 0.6842105263157895 0.711864406779661 0.6551724137931034 0.7758620689655172 0.7543859649122807 0.7368421052631579 0.7457627118644068 0.7413793103448276 0.7931034482758621 0.7368421052631579 0.7894736842105263 0.7796610169491526 0.6896551724137931 0.7413793103448276 0.7543859649122807 0.7543859649122807 0.7457627118644068 0.7068965517241379 0.7413793103448276 0.7543859649122807 0.7192982456140351 

rf-cfs
0.8135593220338984 0.7241379310344828 0.8275862068965517 0.7894736842105263 0.7719298245614035 0.7288135593220338 0.7586206896551724 0.8103448275862069 0.7368421052631579 0.7368421052631579 0.847457627118644 0.8275862068965517 0.8103448275862069 0.8245614035087719 0.8070175438596491 0.8135593220338984 0.7586206896551724 0.8448275862068966 0.8070175438596491 0.7894736842105263 0.847457627118644 0.7758620689655172 0.7931034482758621 0.7719298245614035 0.7719298245614035 

rf-cfs-smote
0.8135593220338984 0.7413793103448276 0.7931034482758621 0.7543859649122807 0.7894736842105263 0.711864406779661 0.7586206896551724 0.7586206896551724 0.7719298245614035 0.7192982456140351 0.7796610169491526 0.7586206896551724 0.8448275862068966 0.8421052631578947 0.7543859649122807 0.7627118644067796 0.6724137931034483 0.7758620689655172 0.7543859649122807 0.7719298245614035 0.847457627118644 0.7758620689655172 0.8103448275862069 0.7894736842105263 0.7368421052631579 

rf-dtf
0.8813559322033898 0.7241379310344828 0.896551724137931 0.8245614035087719 0.8245614035087719 0.7966101694915254 0.8275862068965517 0.8275862068965517 0.8771929824561403 0.8245614035087719 0.7796610169491526 0.8620689655172413 0.8620689655172413 0.8421052631578947 0.8596491228070176 0.8305084745762712 0.8448275862068966 0.8793103448275862 0.8421052631578947 0.8245614035087719 0.8305084745762712 0.8448275862068966 0.8448275862068966 0.8421052631578947 0.8596491228070176 

rf-dtf-smote
0.8135593220338984 0.6379310344827587 0.8275862068965517 0.7719298245614035 0.7543859649122807 0.711864406779661 0.4482758620689655 0.7931034482758621 0.8771929824561403 0.7368421052631579 0.6610169491525424 0.7068965517241379 0.7758620689655172 0.7017543859649122 0.6842105263157895 0.6610169491525424 0.7413793103448276 0.6551724137931034 0.8245614035087719 0.7192982456140351 0.847457627118644 0.6724137931034483 0.7931034482758621 0.6842105263157895 0.7543859649122807 

rf-svmf
0.8983050847457628 0.8103448275862069 0.8793103448275862 0.8421052631578947 0.7894736842105263 0.7796610169491526 0.6551724137931034 0.8103448275862069 0.8771929824561403 0.8421052631578947 0.8305084745762712 0.8275862068965517 0.7931034482758621 0.8421052631578947 0.8245614035087719 0.7796610169491526 0.8275862068965517 0.8448275862068966 0.7894736842105263 0.7543859649122807 0.7966101694915254 0.8275862068965517 0.8448275862068966 0.7368421052631579 0.8596491228070176 

rf-svmf-smote
0.9152542372881356 0.7758620689655172 0.7931034482758621 0.8421052631578947 0.7543859649122807 0.7457627118644068 0.5862068965517241 0.7758620689655172 0.8596491228070176 0.8596491228070176 0.8135593220338984 0.8103448275862069 0.7586206896551724 0.8947368421052632 0.7017543859649122 0.6949152542372882 0.8275862068965517 0.8275862068965517 0.7894736842105263 0.7368421052631579 0.7966101694915254 0.8448275862068966 0.8793103448275862 0.7543859649122807 0.8070175438596491 

svm-def
0.8135593220338984 0.7931034482758621 0.7931034482758621 0.8245614035087719 0.8245614035087719 0.7966101694915254 0.8103448275862069 0.8275862068965517 0.8070175438596491 0.8245614035087719 0.7627118644067796 0.8103448275862069 0.8275862068965517 0.8245614035087719 0.8245614035087719 0.8135593220338984 0.8103448275862069 0.8275862068965517 0.8070175438596491 0.8070175438596491 0.8135593220338984 0.8103448275862069 0.8275862068965517 0.8245614035087719 0.8070175438596491 

svm-def-smote
0.4406779661016949 0.5 0.41379310344827586 0.2982456140350877 0.3684210526315789 0.423728813559322 0.22413793103448276 0.603448275862069 0.3508771929824561 0.7543859649122807 0.5084745762711864 0.41379310344827586 0.43103448275862066 0.38596491228070173 0.2807017543859649 0.4576271186440678 0.7586206896551724 0.7931034482758621 0.2982456140350877 0.40350877192982454 0.3898305084745763 0.39655172413793105 0.41379310344827586 0.47368421052631576 0.49122807017543857 

svm-cfs
0.8135593220338984 0.7931034482758621 0.896551724137931 0.7543859649122807 0.8070175438596491 0.7966101694915254 0.8275862068965517 0.8275862068965517 0.8070175438596491 0.7192982456140351 0.7796610169491526 0.8103448275862069 0.8275862068965517 0.8245614035087719 0.8245614035087719 0.8135593220338984 0.8103448275862069 0.8275862068965517 0.8070175438596491 0.8421052631578947 0.8135593220338984 0.8103448275862069 0.8103448275862069 0.8245614035087719 0.7017543859649122 

svm-cfs-smote
0.288135593220339 0.4482758620689655 0.4827586206896552 0.5789473684210527 0.5087719298245614 0.23728813559322035 0.2413793103448276 0.39655172413793105 0.8070175438596491 0.5789473684210527 0.7796610169491526 0.4827586206896552 0.27586206896551724 0.22807017543859648 0.543859649122807 0.2542372881355932 0.3620689655172414 0.8275862068965517 0.17543859649122806 0.43859649122807015 0.3728813559322034 0.27586206896551724 0.5 0.8245614035087719 0.5964912280701754 

svm-dtf
0.8813559322033898 0.8103448275862069 0.896551724137931 0.8245614035087719 0.8245614035087719 0.847457627118644 0.8275862068965517 0.8275862068965517 0.8771929824561403 0.8245614035087719 0.847457627118644 0.8620689655172413 0.8620689655172413 0.8421052631578947 0.8596491228070176 0.864406779661017 0.8448275862068966 0.8793103448275862 0.8771929824561403 0.8245614035087719 0.8135593220338984 0.8448275862068966 0.8448275862068966 0.8421052631578947 0.8596491228070176 

svm-dtf-smote
0.8135593220338984 0.6724137931034483 0.8275862068965517 0.7719298245614035 0.7543859649122807 0.7288135593220338 0.4482758620689655 0.7931034482758621 0.8771929824561403 0.7368421052631579 0.6779661016949152 0.7068965517241379 0.7758620689655172 0.7017543859649122 0.6842105263157895 0.6440677966101694 0.7413793103448276 0.6551724137931034 0.8771929824561403 0.7192982456140351 0.6440677966101694 0.6724137931034483 0.7758620689655172 0.6842105263157895 0.7543859649122807 

svm-svmf
0.847457627118644 0.7931034482758621 0.896551724137931 0.8596491228070176 0.8070175438596491 0.8135593220338984 0.8448275862068966 0.8448275862068966 0.8596491228070176 0.8245614035087719 0.8305084745762712 0.8275862068965517 0.8275862068965517 0.8245614035087719 0.8596491228070176 0.864406779661017 0.8620689655172413 0.8620689655172413 0.8245614035087719 0.8596491228070176 0.7966101694915254 0.8103448275862069 0.8275862068965517 0.8421052631578947 0.8771929824561403 

svm-svmf-smote
0.9322033898305084 0.8448275862068966 0.8103448275862069 0.8947368421052632 0.7894736842105263 0.6949152542372882 0.43103448275862066 0.7931034482758621 0.8070175438596491 0.8421052631578947 0.8305084745762712 0.8448275862068966 0.6896551724137931 0.8245614035087719 0.7017543859649122 0.6440677966101694 0.8620689655172413 0.896551724137931 0.8070175438596491 0.8070175438596491 0.8135593220338984 0.8620689655172413 0.8620689655172413 0.7368421052631579 0.7894736842105263 

