rand-def
-0.058712121212121327 0.23750000000000004 -0.24583333333333335 -0.13829787234042556 -0.017021276595744705 -0.058712121212121327 0.1166666666666667 -0.125 0.3468085106382979 -0.017021276595744705 -0.058712121212121327 0.1166666666666667 -0.125 0.10425531914893615 0.10425531914893615 0.05303030303030298 -0.24583333333333335 -0.125 -0.13829787234042556 -0.017021276595744705 -0.17045454545454541 0.1166666666666667 0.3583333333333334 0.10425531914893615 -0.017021276595744705 

rand-def-smote
-0.058712121212121327 0.23750000000000004 -0.24583333333333335 -0.13829787234042556 -0.017021276595744705 -0.058712121212121327 0.1166666666666667 -0.125 0.3468085106382979 -0.017021276595744705 -0.058712121212121327 0.1166666666666667 -0.125 0.10425531914893615 0.10425531914893615 0.05303030303030298 -0.24583333333333335 -0.125 -0.13829787234042556 -0.017021276595744705 -0.17045454545454541 0.1166666666666667 0.3583333333333334 0.10425531914893615 -0.017021276595744705 

oner-def
0.36363636363636376 0.07916666666666661 0.3999999999999999 0.10000000000000009 0.0787234042553191 0.321969696969697 0.10000000000000009 0.30000000000000004 0.30000000000000004 0.0 0.18181818181818188 0.27916666666666656 0.27916666666666656 0.10000000000000009 0.19999999999999996 0.2803030303030303 0.1791666666666667 0.30000000000000004 0.19999999999999996 0.0787234042553191 0.0 0.10000000000000009 0.10000000000000009 0.17872340425531918 0.27872340425531905 

oner-def-smote
0.5 0.19999999999999996 0.4208333333333334 0.4893617021276595 0.4042553191489362 0.5625 0.1333333333333333 0.5208333333333335 0.36808510638297864 0.4319148936170212 0.41666666666666674 0.3999999999999999 0.5208333333333335 0.4319148936170212 0.246808510638298 0.10795454545454541 0.41666666666666674 0.47916666666666674 0.225531914893617 0.5957446808510638 0.35984848484848486 0.2958333333333334 0.5416666666666665 0.38936170212765964 0.44680851063829774 

oner-cfs
0.0 0.07916666666666661 0.0 0.10000000000000009 0.0787234042553191 0.321969696969697 0.10000000000000009 0.30000000000000004 0.30000000000000004 0.0 0.18181818181818188 0.27916666666666656 0.27916666666666656 0.10000000000000009 0.19999999999999996 0.2803030303030303 0.1791666666666667 0.0 0.19999999999999996 0.0787234042553191 0.36363636363636376 0.10000000000000009 0.10000000000000009 0.0 0.27872340425531905 

oner-cfs-smote
0.1875 0.19999999999999996 0.12916666666666665 0.4893617021276595 0.4042553191489362 0.5625 0.1333333333333333 0.5208333333333335 0.36808510638297864 0.4319148936170212 0.41666666666666674 0.3999999999999999 0.5208333333333335 0.4319148936170212 0.246808510638298 0.10795454545454541 0.41666666666666674 0.1875 0.225531914893617 0.5957446808510638 0.42234848484848486 0.2958333333333334 0.5416666666666665 0.25531914893617014 0.44680851063829774 

oner-dtf
0.36363636363636376 0.07916666666666661 0.3999999999999999 0.10000000000000009 0.0787234042553191 0.321969696969697 0.10000000000000009 0.30000000000000004 0.30000000000000004 0.0 0.18181818181818188 0.27916666666666656 0.27916666666666656 0.10000000000000009 0.19999999999999996 0.2803030303030303 0.1791666666666667 0.30000000000000004 0.19999999999999996 0.0787234042553191 0.0 0.10000000000000009 0.10000000000000009 0.17872340425531918 0.27872340425531905 

oner-dtf-smote
0.35416666666666674 0.19999999999999996 0.4208333333333334 0.4893617021276595 0.4042553191489362 0.5625 0.1333333333333333 0.5208333333333335 0.36808510638297864 0.4319148936170212 0.41666666666666674 0.3999999999999999 0.5208333333333335 0.1957446808510639 0.246808510638298 0.10795454545454541 0.41666666666666674 0.47916666666666674 0.19999999999999996 0.48085106382978715 0.35984848484848486 0.2958333333333334 0.05833333333333335 0.38936170212765964 0.44680851063829774 

oner-svmf
0.36363636363636376 0.07916666666666661 0.3999999999999999 0.10000000000000009 0.0787234042553191 0.321969696969697 0.10000000000000009 0.30000000000000004 0.30000000000000004 0.0 0.18181818181818188 0.27916666666666656 0.27916666666666656 0.10000000000000009 0.19999999999999996 0.2803030303030303 0.1791666666666667 0.30000000000000004 0.19999999999999996 0.0787234042553191 0.36363636363636376 0.10000000000000009 0.10000000000000009 0.17872340425531918 0.27872340425531905 

oner-svmf-smote
0.35416666666666674 0.19999999999999996 0.4208333333333334 0.10000000000000009 0.0787234042553191 0.5625 0.1333333333333333 -0.07499999999999996 0.13191489361702136 0.0 0.41666666666666674 0.3999999999999999 0.5208333333333335 0.274468085106383 0.246808510638298 0.31818181818181834 0.41666666666666674 0.30000000000000004 0.225531914893617 0.4382978723404256 0.42234848484848486 0.10000000000000009 0.10000000000000009 0.38936170212765964 0.44680851063829774 

cart-def
0.5113636363636362 0.054166666666666696 0.5958333333333332 0.13617021276595742 0.3148936170212766 0.20454545454545459 0.03333333333333344 0.21666666666666656 0.29361702127659584 0.2361702127659575 0.1477272727272727 0.1333333333333333 0.5166666666666666 0.29361702127659584 0.3872340425531915 0.2462121212121211 0.1333333333333333 0.2333333333333334 0.3361702127659574 0.21489361702127652 0.39962121212121193 0.2333333333333334 -0.004166666666666652 0.2085106382978723 0.24468085106382986 

cart-def-smote
0.6723484848484849 -0.08750000000000002 0.5125 0.25106382978723407 0.15106382978723398 0.4204545454545454 -0.029166666666666563 0.1333333333333333 0.32978723404255317 0.2085106382978723 0.39962121212121193 0.25416666666666665 0.4166666666666665 0.37234042553191493 0.10851063829787222 0.2462121212121211 0.4125000000000001 0.2958333333333334 0.29361702127659584 0.029787234042553123 0.17613636363636376 0.44999999999999996 0.016666666666666607 0.25106382978723407 0.472340425531915 

cart-cfs
0.4412878787878789 0.2749999999999999 0.575 0.11489361702127665 0.25106382978723407 0.3787878787878789 0.1166666666666667 0.2958333333333334 0.42978723404255303 0.07234042553191489 0.2803030303030303 0.2958333333333334 0.575 0.45744680851063846 0.19361702127659575 0.4204545454545454 0.37083333333333335 0.1958333333333333 0.19361702127659575 0.49361702127659557 0.3712121212121211 0.11250000000000004 0.21666666666666656 0.49361702127659557 0.2085106382978723 

cart-cfs-smote
0.28787878787878785 0.1333333333333333 0.5916666666666668 0.09361702127659566 0.32978723404255317 0.22537878787878785 0.19166666666666665 0.25 0.451063829787234 0.07234042553191489 0.553030303030303 0.3125 0.5375000000000001 0.2361702127659575 0.2872340425531914 0.4204545454545454 0.30833333333333335 0.3333333333333335 0.2361702127659575 0.49361702127659557 0.3712121212121211 0.3125 0.21666666666666656 0.472340425531915 0.16595744680851077 

cart-dtf
0.36363636363636376 -0.06666666666666665 0.3999999999999999 0.0787234042553191 0.0787234042553191 0.259469696969697 0.07916666666666661 0.2958333333333334 0.30000000000000004 0.0 0.0984848484848484 0.27916666666666656 0.27916666666666656 0.10000000000000009 0.19999999999999996 0.30113636363636376 0.1791666666666667 0.30000000000000004 0.29361702127659584 0.0787234042553191 0.35037878787878785 0.10000000000000009 0.10000000000000009 0.17872340425531918 0.27872340425531905 

cart-dtf-smote
0.4204545454545454 -0.0708333333333333 0.4750000000000001 0.18085106382978733 0.38085106382978706 0.49810606060606055 0.1625000000000001 0.3125 0.42978723404255303 -0.02765957446808509 0.07196969696969702 0.38749999999999996 0.25416666666666665 0.18723404255319154 0.30212765957446797 0.09280303030303028 0.3500000000000001 0.2708333333333335 0.37234042553191493 0.34468085106382973 0.41287878787878785 0.12916666666666665 0.1958333333333333 0.23191489361702122 0.2872340425531914 

cart-svmf
0.4829545454545454 0.15416666666666656 0.4583333333333335 0.37872340425531914 0.2297872340425533 0.23863636363636376 -0.08750000000000002 0.21666666666666656 0.40851063829787226 0.45744680851063846 0.3920454545454546 0.31666666666666665 0.2749999999999999 0.3936170212765957 0.15744680851063841 0.19696969696969702 0.5166666666666666 0.5375000000000001 0.17234042553191498 0.051063829787234116 0.259469696969697 0.5125 0.13749999999999996 0.014893617021276562 0.37234042553191493 

cart-svmf-smote
0.7140151515151516 0.1333333333333333 0.375 0.472340425531915 0.32978723404255317 0.44886363636363624 -0.012499999999999956 0.1499999999999999 0.4659574468085106 0.451063829787234 0.259469696969697 0.375 0.2333333333333334 0.42978723404255303 0.40212765957446805 0.09280303030303028 0.2958333333333334 0.4750000000000001 0.17234042553191498 0.35106382978723394 0.35037878787878785 0.37083333333333335 0.23750000000000004 -0.04893617021276597 0.27234042553191484 

nb-def
0.35984848484848486 0.07499999999999996 0.012499999999999956 0.2872340425531914 0.15319148936170213 0.17803030303030298 -0.1708333333333334 0.2666666666666666 0.1744680851063829 0.13191489361702136 -0.17045454545454541 -0.029166666666666785 0.4291666666666667 0.5595744680851062 0.1680851063829787 0.2140151515151516 0.1416666666666666 0.44166666666666665 0.1744680851063829 0.15319148936170213 0.2272727272727273 0.26249999999999996 0.03750000000000009 0.07446808510638303 0.4170212765957446 

nb-def-smote
0.22159090909090917 0.033333333333333215 -0.008333333333333304 0.274468085106383 0.13191489361702136 0.19886363636363624 -0.10833333333333339 0.17500000000000004 0.06808510638297882 0.03191489361702127 -0.051136363636363646 -0.029166666666666785 0.2833333333333332 0.24042553191489358 0.1680851063829787 0.0890151515151516 -0.04166666666666674 0.19166666666666665 0.11063829787234036 -0.017021276595744705 0.20643939393939403 0.21666666666666679 -0.02083333333333326 -0.017021276595744705 0.3319148936170213 

nb-cfs
0.1515151515151516 0.05833333333333335 0.11250000000000004 0.29361702127659584 0.30212765957446797 0.07196969696969702 0.1416666666666666 0.15416666666666656 0.4170212765957446 -0.05319148936170215 0.22537878787878785 0.04166666666666652 0.31666666666666665 0.057446808510638325 0.31063829787234054 0.2803030303030303 0.2666666666666666 0.25 0.16595744680851077 0.123404255319149 0.29734848484848486 0.2041666666666666 0.04583333333333339 0.2680851063829788 0.26595744680851063 

nb-cfs-smote
0.17992424242424243 -0.029166666666666785 0.09166666666666679 0.38936170212765964 0.10425531914893615 0.11553030303030298 0.029166666666666785 0.09166666666666679 0.18297872340425547 -0.21702127659574466 0.06818181818181834 0.050000000000000044 0.10416666666666652 0.3468085106382979 0.2191489361702128 0.08143939393939403 0.17500000000000004 0.25 -0.03191489361702127 0.08936170212765959 0.25568181818181834 0.17500000000000004 0.02083333333333348 0.27659574468085113 0.1404255319148937 

nb-dtf
0.2803030303030303 0.07916666666666661 0.31666666666666665 0.21489361702127652 0.0787234042553191 0.21780303030303028 0.10000000000000009 0.27916666666666656 0.2361702127659575 0.09361702127659566 0.0984848484848484 0.27916666666666656 0.27916666666666656 0.10000000000000009 0.13617021276595742 0.2727272727272727 0.054166666666666696 0.30000000000000004 0.11489361702127665 0.036170212765957555 0.30113636363636376 0.016666666666666607 0.10000000000000009 0.09361702127659566 0.21489361702127652 

nb-dtf-smote
0.22537878787878785 0.07499999999999996 0.31666666666666665 0.123404255319149 0.10851063829787222 0.27462121212121193 0.054166666666666696 0.17500000000000004 0.16595744680851077 0.2085106382978723 0.19696969696969702 0.09166666666666656 0.4916666666666667 0.029787234042553123 0.1297872340425532 0.18939393939393945 0.11250000000000004 0.43333333333333335 0.04680851063829783 -0.07659574468085095 0.4696969696969697 -0.029166666666666563 0.07916666666666661 -0.012765957446808418 0.15106382978723398 

nb-svmf
0.2803030303030303 0.13749999999999996 0.3374999999999999 0.09361702127659566 0.07234042553191489 0.2803030303030303 0.10000000000000009 0.21666666666666656 -0.057446808510638325 0.15744680851063841 0.4337121212121211 0.2583333333333333 0.5333333333333332 0.13617021276595742 0.13617021276595742 0.2727272727272727 0.054166666666666696 0.21666666666666656 0.3148936170212766 -0.02765957446808509 0.321969696969697 0.1791666666666667 -0.025000000000000022 0.17872340425531918 0.21489361702127652 

nb-svmf-smote
0.5113636363636362 -0.025000000000000022 0.2958333333333334 0.28936170212765955 0.18297872340425547 0.07196969696969702 0.09583333333333344 -0.004166666666666652 0.1127659574468085 0.06170212765957439 0.321969696969697 0.008333333333333304 0.1416666666666666 0.4957446808510637 0.15106382978723398 0.21780303030303028 0.1333333333333333 -0.10833333333333339 0.17234042553191498 0.31702127659574453 0.15719696969696972 0.17500000000000004 0.05833333333333335 -0.03404255319148941 0.27234042553191484 

rf-def
0.21780303030303028 -0.04583333333333339 0.13749999999999996 0.11489361702127665 0.17234042553191498 0.2670454545454546 -0.025000000000000022 0.23750000000000004 0.15106382978723398 -0.1063829787234043 0.18939393939393945 0.1958333333333333 0.3541666666666665 -0.06382978723404253 0.17234042553191498 0.35037878787878785 0.012499999999999956 0.09583333333333344 0.21489361702127652 -0.00638297872340432 0.259469696969697 0.13749999999999996 0.016666666666666607 0.07234042553191489 0.051063829787234116 

rf-def-smote
0.39962121212121193 0.012499999999999956 0.2333333333333334 0.036170212765957555 -0.03404255319148941 0.28787878787878785 -0.09166666666666656 0.054166666666666696 0.2297872340425533 0.051063829787234116 0.05681818181818188 0.15416666666666656 0.5333333333333332 -0.14893617021276595 0.15106382978723398 0.21780303030303028 0.1499999999999999 0.054166666666666696 0.09361702127659566 0.051063829787234116 0.259469696969697 0.012499999999999956 0.07499999999999996 0.029787234042553123 0.15106382978723398 

rf-cfs
0.39962121212121193 0.03750000000000009 0.3958333333333335 0.13617021276595742 0.11489361702127665 0.21780303030303028 0.05833333333333335 0.17500000000000004 0.35106382978723394 -0.02765957446808509 0.23106060606060597 0.4166666666666665 0.31666666666666665 -0.04255319148936165 0.2361702127659575 0.2803030303030303 0.1958333333333333 0.21666666666666656 0.15744680851063841 0.07234042553191489 0.3712121212121211 0.4583333333333335 0.05833333333333335 0.036170212765957555 0.25106382978723407 

rf-cfs-smote
0.39962121212121193 0.012499999999999956 0.4541666666666666 -0.00638297872340432 0.17234042553191498 0.33712121212121193 0.15416666666666656 0.07499999999999996 0.35106382978723394 0.10851063829787222 0.30113636363636376 0.2333333333333334 0.6166666666666667 0.15744680851063841 0.40851063829787226 0.2670454545454546 0.3125 0.3541666666666665 0.3361702127659574 0.07234042553191489 0.46212121212121193 0.4125000000000001 0.13749999999999996 0.25106382978723407 0.2085106382978723 

rf-dtf
0.36363636363636376 -0.025000000000000022 0.3999999999999999 0.0787234042553191 0.0787234042553191 0.259469696969697 0.07916666666666661 0.5375000000000001 0.30000000000000004 0.0 0.16856060606060597 0.27916666666666656 0.27916666666666656 0.10000000000000009 0.19999999999999996 0.30113636363636376 0.1791666666666667 0.30000000000000004 0.17872340425531918 0.0787234042553191 0.321969696969697 0.10000000000000009 0.10000000000000009 0.17872340425531918 0.27872340425531905 

rf-dtf-smote
0.3446969696969697 0.008333333333333304 0.4750000000000001 0.18085106382978733 0.3872340425531915 0.45643939393939403 -0.016666666666666607 0.6166666666666667 0.38085106382978706 -0.02765957446808509 0.21212121212121193 0.38749999999999996 0.25416666666666665 0.22340425531914887 0.30212765957446797 0.09280303030303028 0.3041666666666667 0.2708333333333335 0.3361702127659574 0.30212765957446797 0.321969696969697 0.125 0.1958333333333333 0.23191489361702122 0.2872340425531914 

rf-svmf
0.615530303030303 0.17500000000000004 0.4583333333333335 0.2574468085106383 0.21489361702127652 0.3295454545454546 -0.06666666666666665 0.21666666666666656 0.43617021276595747 0.2361702127659575 0.321969696969697 0.31666666666666665 0.2958333333333334 0.13617021276595742 0.2361702127659575 0.19696969696969702 0.4375 0.2583333333333333 0.09361702127659566 0.051063829787234116 0.3920454545454546 0.3374999999999999 -0.04166666666666663 0.07234042553191489 0.27872340425531905 

rf-svmf-smote
0.7140151515151516 0.25416666666666665 0.375 0.2574468085106383 0.2085106382978723 0.44886363636363624 -0.2583333333333333 0.375 0.7510638297872341 0.2361702127659575 0.259469696969697 0.4750000000000001 0.2124999999999999 0.5787234042553191 0.38085106382978706 0.1837121212121211 0.375 0.375 0.17234042553191498 0.2085106382978723 0.35037878787878785 0.5333333333333332 0.1791666666666667 0.26595744680851063 0.35744680851063837 

svm-def
0.0 -0.04166666666666663 -0.04166666666666663 0.0 0.0 -0.02083333333333337 -0.02083333333333337 0.0 -0.021276595744680882 0.0 -0.0625 -0.02083333333333337 0.0 0.0 0.0 0.0 -0.02083333333333337 0.0 -0.021276595744680882 -0.021276595744680882 0.0 -0.02083333333333337 0.0 0.0 -0.021276595744680882 

svm-def-smote
0.24242424242424243 -0.08333333333333337 0.2124999999999999 -0.24468085106382986 -0.021276595744680882 0.011363636363636243 -0.33333333333333337 0.5208333333333335 -0.10212765957446812 -0.08510638297872342 0.39583333333333326 0.054166666666666696 -0.10416666666666663 -0.13829787234042556 -0.029787234042553123 0.19318181818181834 -0.08333333333333337 -0.008333333333333304 -0.08723404255319156 0.04042553191489362 0.10984848484848486 -0.012499999999999956 -0.08333333333333337 -0.11063829787234036 0.3042553191489361 

svm-cfs
0.0 -0.04166666666666663 0.4791666666666665 -0.08510638297872342 -0.021276595744680882 -0.02083333333333337 0.0 0.0 -0.021276595744680882 -0.12765957446808507 -0.04166666666666663 -0.02083333333333337 0.0 0.0 0.0787234042553191 0.0 0.05833333333333335 0.0 -0.021276595744680882 0.17872340425531918 0.14015151515151514 -0.02083333333333337 -0.02083333333333337 0.0 -0.14893617021276595 

svm-cfs-smote
0.125 0.1958333333333333 0.31666666666666665 -0.1404255319148937 0.4042553191489362 -0.007575757575757569 -0.02083333333333337 0.27083333333333326 0.1063829787234043 0.017021276595744705 0.10416666666666674 0.21666666666666679 -0.033333333333333326 0.0 0.28936170212765955 0.08333333333333326 0.22916666666666674 0.0 -0.0787234042553191 0.31914893617021267 0.0890151515151516 0.125 0.23750000000000004 0.0 0.1170212765957448 

svm-dtf
0.36363636363636376 0.05833333333333335 0.3999999999999999 0.0787234042553191 0.0787234042553191 0.321969696969697 0.07916666666666661 0.23750000000000004 0.30000000000000004 0.0 0.18181818181818188 0.27916666666666656 0.27916666666666656 0.10000000000000009 0.19999999999999996 0.2727272727272727 0.1791666666666667 0.30000000000000004 0.30000000000000004 0.0787234042553191 0.14015151515151514 0.10000000000000009 0.10000000000000009 0.17872340425531918 0.27872340425531905 

svm-dtf-smote
0.3446969696969697 0.050000000000000044 0.5333333333333332 0.15957446808510634 0.38085106382978706 0.45643939393939403 0.19999999999999996 0.3541666666666665 0.42978723404255303 -0.02765957446808509 0.17045454545454541 0.38749999999999996 0.25416666666666665 0.2021276595744681 0.30212765957446797 0.07196969696969702 0.3041666666666667 0.2708333333333335 0.35744680851063837 0.30212765957446797 0.2821969696969697 0.125 0.09583333333333344 0.23191489361702122 0.3659574468085105 

svm-svmf
0.321969696969697 0.03750000000000009 0.3999999999999999 0.19999999999999996 0.057446808510638325 0.2803030303030303 0.10000000000000009 0.2583333333333333 0.27872340425531905 0.0 0.1609848484848484 0.07916666666666661 0.31666666666666665 0.15744680851063841 0.19999999999999996 0.2727272727272727 0.3583333333333334 0.19999999999999996 0.15744680851063841 0.27872340425531905 0.11931818181818188 0.13749999999999996 0.0 0.17872340425531918 0.37872340425531914 

svm-svmf-smote
0.643939393939394 0.4166666666666665 0.43333333333333335 0.5787234042553191 0.29361702127659584 0.518939393939394 -0.26249999999999996 0.15416666666666656 0.3659574468085105 -0.02765957446808509 0.41287878787878785 0.4166666666666665 0.20833333333333348 0.4148936170212765 0.38085106382978706 0.07196969696969702 0.575 0.4791666666666665 0.29361702127659584 0.37234042553191493 0.2102272727272727 0.3958333333333335 0.2583333333333333 0.4659574468085106 0.5723404255319149 

