rand-def
0.42424242424242425 0.42424242424242425 0.5454545454545454 0.48484848484848486 0.5161290322580645 0.48484848484848486 0.6060606060606061 0.6060606060606061 0.42424242424242425 0.5806451612903226 0.6060606060606061 0.42424242424242425 0.48484848484848486 0.6060606060606061 0.3870967741935484 0.6060606060606061 0.6060606060606061 0.5454545454545454 0.5454545454545454 0.45161290322580644 0.5454545454545454 0.42424242424242425 0.5454545454545454 0.6666666666666666 0.5161290322580645 

oner-def
1.0 0.9032258064516129 1.0 0.9655172413793104 1.0 1.0 1.0 1.0 0.9285714285714286 1.0 0.9285714285714286 1.0 1.0 1.0 1.0 1.0 1.0 0.9655172413793104 1.0 0.9629629629629629 0.9655172413793104 1.0 1.0 0.9655172413793104 1.0 

oner-cfs
1.0 0.9655172413793104 0.9655172413793104 0.9285714285714286 0.9629629629629629 1.0 0.9655172413793104 1.0 0.9655172413793104 0.9629629629629629 0.9285714285714286 0.9655172413793104 1.0 1.0 0.9230769230769231 0.9655172413793104 1.0 0.9655172413793104 0.9655172413793104 1.0 0.9285714285714286 1.0 1.0 0.9285714285714286 0.9629629629629629 

oner-dtf
0.9655172413793104 0.9333333333333333 1.0 0.9655172413793104 1.0 0.967741935483871 1.0 1.0 0.9285714285714286 1.0 0.9285714285714286 1.0 1.0 0.967741935483871 1.0 1.0 1.0 0.9032258064516129 0.9655172413793104 0.9629629629629629 0.9655172413793104 0.9090909090909091 1.0 0.9655172413793104 1.0 

oner-svmf
0.9655172413793104 0.9333333333333333 0.9655172413793104 0.9285714285714286 0.9629629629629629 1.0 0.9655172413793104 1.0 0.8461538461538461 0.9629629629629629 0.9285714285714286 0.9655172413793104 1.0 0.9655172413793104 1.0 0.9655172413793104 0.9285714285714286 0.9032258064516129 0.9655172413793104 1.0 0.9285714285714286 0.9333333333333333 1.0 0.9285714285714286 0.9655172413793104 

cart-def
0.967741935483871 0.9032258064516129 1.0 0.9655172413793104 1.0 1.0 1.0 1.0 0.9285714285714286 1.0 0.9285714285714286 1.0 0.967741935483871 1.0 1.0 0.967741935483871 1.0 0.9655172413793104 1.0 0.9629629629629629 0.9655172413793104 1.0 1.0 0.9655172413793104 1.0 

cart-cfs
1.0 0.9655172413793104 1.0 0.967741935483871 0.9655172413793104 1.0 1.0 1.0 0.9655172413793104 0.9285714285714286 0.9655172413793104 1.0 0.967741935483871 1.0 0.9230769230769231 0.9333333333333333 1.0 0.9333333333333333 0.967741935483871 1.0 1.0 0.967741935483871 1.0 0.9655172413793104 0.9655172413793104 

cart-dtf
1.0 0.9333333333333333 1.0 0.9655172413793104 1.0 0.967741935483871 1.0 1.0 0.9285714285714286 1.0 0.9285714285714286 0.967741935483871 0.967741935483871 0.967741935483871 1.0 1.0 1.0 0.9032258064516129 0.9655172413793104 1.0 0.9655172413793104 0.9375 1.0 0.9655172413793104 0.9655172413793104 

cart-svmf
1.0 0.9333333333333333 0.9655172413793104 0.9333333333333333 0.9629629629629629 0.967741935483871 0.9655172413793104 1.0 0.9285714285714286 0.9655172413793104 0.9285714285714286 0.9655172413793104 0.967741935483871 0.9655172413793104 1.0 1.0 0.9655172413793104 0.9032258064516129 0.967741935483871 1.0 1.0 0.9333333333333333 1.0 0.9285714285714286 0.9655172413793104 

nb-def
0.967741935483871 0.9032258064516129 0.967741935483871 1.0 1.0 0.967741935483871 0.967741935483871 0.9375 0.9655172413793104 1.0 0.9655172413793104 1.0 0.9375 0.967741935483871 0.9655172413793104 1.0 0.9375 0.9333333333333333 1.0 0.9655172413793104 0.9375 0.967741935483871 1.0 0.9655172413793104 0.9655172413793104 

nb-cfs
1.0 0.9333333333333333 1.0 0.9032258064516129 1.0 0.967741935483871 1.0 1.0 0.9655172413793104 0.9655172413793104 0.875 1.0 0.967741935483871 0.967741935483871 0.9333333333333333 0.967741935483871 1.0 0.9375 0.9090909090909091 0.9285714285714286 0.9655172413793104 0.9090909090909091 0.967741935483871 0.9655172413793104 0.9655172413793104 

nb-dtf
1.0 0.9032258064516129 1.0 1.0 1.0 0.967741935483871 0.967741935483871 1.0 0.9655172413793104 1.0 0.9655172413793104 1.0 1.0 0.967741935483871 1.0 1.0 0.967741935483871 0.9090909090909091 0.967741935483871 0.9655172413793104 1.0 0.9375 1.0 0.9655172413793104 0.9655172413793104 

nb-svmf
1.0 0.967741935483871 0.9655172413793104 0.875 0.9032258064516129 1.0 0.9375 0.9090909090909091 0.9285714285714286 0.9629629629629629 0.7777777777777778 1.0 1.0 1.0 1.0 0.9655172413793104 0.9655172413793104 0.9375 0.9375 0.9629629629629629 0.875 0.9032258064516129 1.0 0.9285714285714286 0.9655172413793104 

rf-def
1.0 0.9333333333333333 1.0 0.9655172413793104 1.0 0.967741935483871 1.0 1.0 0.9655172413793104 1.0 0.9655172413793104 1.0 0.967741935483871 1.0 1.0 1.0 1.0 0.9655172413793104 1.0 1.0 1.0 1.0 1.0 0.9655172413793104 1.0 

rf-cfs
0.9655172413793104 0.9333333333333333 0.9285714285714286 0.9655172413793104 0.9655172413793104 0.967741935483871 0.9655172413793104 1.0 0.8888888888888888 1.0 0.9285714285714286 0.9285714285714286 0.967741935483871 0.9655172413793104 1.0 0.9655172413793104 0.9655172413793104 1.0 1.0 1.0 1.0 1.0 1.0 0.9285714285714286 0.9655172413793104 

rf-dtf
1.0 0.9655172413793104 1.0 0.9655172413793104 1.0 1.0 0.967741935483871 1.0 0.9285714285714286 1.0 0.9285714285714286 1.0 1.0 0.9655172413793104 1.0 1.0 1.0 0.9655172413793104 0.9333333333333333 0.9629629629629629 0.9655172413793104 0.967741935483871 1.0 0.9655172413793104 0.9655172413793104 

rf-svmf
0.9655172413793104 0.9333333333333333 0.9655172413793104 0.967741935483871 1.0 1.0 1.0 1.0 0.8888888888888888 0.9285714285714286 0.8888888888888888 0.9285714285714286 1.0 1.0 0.9230769230769231 0.9655172413793104 0.9285714285714286 0.9655172413793104 0.967741935483871 1.0 0.9655172413793104 0.9333333333333333 1.0 0.9285714285714286 0.9655172413793104 

svm-def
0.23529411764705882 0.6976744186046512 0.75 0.23529411764705882 0.6 0.3333333333333333 0.5714285714285714 0.5714285714285714 0.42105263157894735 0.13333333333333333 0.42105263157894735 0.5714285714285714 0.3333333333333333 0.6976744186046512 0.4444444444444444 0.3333333333333333 0.5 0.5 0.5 0.25 0.42105263157894735 0.42105263157894735 0.5 0.3333333333333333 0.25 

svm-cfs
0.9375 0.8571428571428571 0.967741935483871 0.9090909090909091 0.875 0.8571428571428571 0.967741935483871 0.9375 0.8108108108108109 0.9333333333333333 0.8571428571428571 0.9375 0.9375 0.8823529411764706 0.8484848484848485 0.8823529411764706 1.0 0.9375 0.8823529411764706 1.0 0.9375 0.8823529411764706 0.9090909090909091 0.967741935483871 0.8235294117647058 

svm-dtf
0.8823529411764706 0.7894736842105263 0.7894736842105263 0.23529411764705882 0.8484848484848485 0.3333333333333333 0.5714285714285714 0.8333333333333334 0.42105263157894735 0.9333333333333333 0.42105263157894735 0.9090909090909091 0.3333333333333333 0.8108108108108109 0.4444444444444444 0.8823529411764706 0.9090909090909091 0.8333333333333334 0.9090909090909091 0.25 0.75 0.7317073170731707 0.8571428571428571 0.8823529411764706 0.25 

svm-svmf
1.0 0.9375 0.9655172413793104 0.967741935483871 0.9333333333333333 0.967741935483871 0.967741935483871 0.9090909090909091 0.9655172413793104 0.9655172413793104 0.896551724137931 1.0 1.0 1.0 1.0 1.0 0.9655172413793104 0.8823529411764706 0.9375 1.0 1.0 0.8484848484848485 0.9090909090909091 0.9285714285714286 0.9655172413793104 

