rand-def
0.40625 0.3870967741935484 0.5161290322580645 0.45161290322580644 0.5 0.46875 0.5806451612903226 0.5806451612903226 0.3870967741935484 0.5666666666666667 0.59375 0.3870967741935484 0.45161290322580644 0.5806451612903226 0.36666666666666664 0.59375 0.5806451612903226 0.5161290322580645 0.5161290322580645 0.43333333333333335 0.53125 0.3870967741935484 0.5161290322580645 0.6451612903225806 0.5 

oner-def
1.0 0.9032258064516129 1.0 0.967741935483871 1.0 1.0 1.0 1.0 0.9354838709677419 1.0 0.9375 1.0 1.0 1.0 1.0 1.0 1.0 0.967741935483871 1.0 0.9666666666666667 0.96875 1.0 1.0 0.967741935483871 1.0 

oner-cfs
1.0 0.967741935483871 0.967741935483871 0.9354838709677419 0.9666666666666667 1.0 0.967741935483871 1.0 0.967741935483871 0.9666666666666667 0.9375 0.967741935483871 1.0 1.0 0.9333333333333333 0.96875 1.0 0.967741935483871 0.967741935483871 1.0 0.9375 1.0 1.0 0.9354838709677419 0.9666666666666667 

oner-dtf
0.96875 0.9354838709677419 1.0 0.967741935483871 1.0 0.96875 1.0 1.0 0.9354838709677419 1.0 0.9375 1.0 1.0 0.967741935483871 1.0 1.0 1.0 0.9032258064516129 0.967741935483871 0.9666666666666667 0.96875 0.9032258064516129 1.0 0.967741935483871 1.0 

oner-svmf
0.96875 0.9354838709677419 0.967741935483871 0.9354838709677419 0.9666666666666667 1.0 0.967741935483871 1.0 0.8709677419354839 0.9666666666666667 0.9375 0.967741935483871 1.0 0.967741935483871 1.0 0.96875 0.9354838709677419 0.9032258064516129 0.967741935483871 1.0 0.9375 0.9354838709677419 1.0 0.9354838709677419 0.9666666666666667 

cart-def
0.96875 0.9032258064516129 1.0 0.967741935483871 1.0 1.0 1.0 1.0 0.9354838709677419 1.0 0.9375 1.0 0.967741935483871 1.0 1.0 0.96875 1.0 0.967741935483871 1.0 0.9666666666666667 0.96875 1.0 1.0 0.967741935483871 1.0 

cart-cfs
1.0 0.967741935483871 1.0 0.967741935483871 0.9666666666666667 1.0 1.0 1.0 0.967741935483871 0.9333333333333333 0.96875 1.0 0.967741935483871 1.0 0.9333333333333333 0.9375 1.0 0.9354838709677419 0.967741935483871 1.0 1.0 0.967741935483871 1.0 0.967741935483871 0.9666666666666667 

cart-dtf
1.0 0.9354838709677419 1.0 0.967741935483871 1.0 0.96875 1.0 1.0 0.9354838709677419 1.0 0.9375 0.967741935483871 0.967741935483871 0.967741935483871 1.0 1.0 1.0 0.9032258064516129 0.967741935483871 1.0 0.96875 0.9354838709677419 1.0 0.967741935483871 0.9666666666666667 

cart-svmf
1.0 0.9354838709677419 0.967741935483871 0.9354838709677419 0.9666666666666667 0.96875 0.967741935483871 1.0 0.9354838709677419 0.9666666666666667 0.9375 0.967741935483871 0.967741935483871 0.967741935483871 1.0 1.0 0.967741935483871 0.9032258064516129 0.967741935483871 1.0 1.0 0.9354838709677419 1.0 0.9354838709677419 0.9666666666666667 

nb-def
0.96875 0.9032258064516129 0.967741935483871 1.0 1.0 0.96875 0.967741935483871 0.9354838709677419 0.967741935483871 1.0 0.96875 1.0 0.9354838709677419 0.967741935483871 0.9666666666666667 1.0 0.9354838709677419 0.9354838709677419 1.0 0.9666666666666667 0.9375 0.967741935483871 1.0 0.967741935483871 0.9666666666666667 

nb-cfs
1.0 0.9354838709677419 1.0 0.9032258064516129 1.0 0.96875 1.0 1.0 0.967741935483871 0.9666666666666667 0.875 1.0 0.967741935483871 0.967741935483871 0.9333333333333333 0.96875 1.0 0.9354838709677419 0.9032258064516129 0.9333333333333333 0.96875 0.9032258064516129 0.967741935483871 0.967741935483871 0.9666666666666667 

nb-dtf
1.0 0.9032258064516129 1.0 1.0 1.0 0.96875 0.967741935483871 1.0 0.967741935483871 1.0 0.96875 1.0 1.0 0.967741935483871 1.0 1.0 0.967741935483871 0.9032258064516129 0.967741935483871 0.9666666666666667 1.0 0.9354838709677419 1.0 0.967741935483871 0.9666666666666667 

nb-svmf
1.0 0.967741935483871 0.967741935483871 0.8709677419354839 0.9 1.0 0.9354838709677419 0.9032258064516129 0.9354838709677419 0.9666666666666667 0.75 1.0 1.0 1.0 1.0 0.96875 0.967741935483871 0.9354838709677419 0.9354838709677419 0.9666666666666667 0.875 0.9032258064516129 1.0 0.9354838709677419 0.9666666666666667 

rf-def
1.0 0.9354838709677419 1.0 0.967741935483871 1.0 0.96875 1.0 1.0 0.967741935483871 1.0 0.96875 1.0 0.967741935483871 1.0 1.0 1.0 1.0 0.967741935483871 1.0 1.0 1.0 1.0 1.0 0.967741935483871 1.0 

rf-cfs
0.96875 0.9354838709677419 0.9354838709677419 0.967741935483871 0.9666666666666667 0.96875 0.967741935483871 1.0 0.9032258064516129 1.0 0.9375 0.9354838709677419 0.967741935483871 0.967741935483871 1.0 0.96875 0.967741935483871 1.0 1.0 1.0 1.0 1.0 1.0 0.9354838709677419 0.9666666666666667 

rf-dtf
1.0 0.967741935483871 1.0 0.967741935483871 1.0 1.0 0.967741935483871 1.0 0.9354838709677419 1.0 0.9375 1.0 1.0 0.967741935483871 1.0 1.0 1.0 0.967741935483871 0.9354838709677419 0.9666666666666667 0.96875 0.967741935483871 1.0 0.967741935483871 0.9666666666666667 

rf-svmf
0.96875 0.9354838709677419 0.967741935483871 0.967741935483871 1.0 1.0 1.0 1.0 0.9032258064516129 0.9333333333333333 0.90625 0.9354838709677419 1.0 1.0 0.9333333333333333 0.96875 0.9354838709677419 0.967741935483871 0.967741935483871 1.0 0.96875 0.9354838709677419 1.0 0.9354838709677419 0.9666666666666667 

svm-def
0.59375 0.5806451612903226 0.6774193548387096 0.5806451612903226 0.7333333333333333 0.625 0.7096774193548387 0.7096774193548387 0.6451612903225806 0.5666666666666667 0.65625 0.7096774193548387 0.6129032258064516 0.5806451612903226 0.6666666666666666 0.625 0.6774193548387096 0.6774193548387096 0.6774193548387096 0.6 0.65625 0.6451612903225806 0.6774193548387096 0.6129032258064516 0.6 

svm-cfs
0.9375 0.8387096774193549 0.967741935483871 0.9032258064516129 0.8666666666666667 0.84375 0.967741935483871 0.9354838709677419 0.7741935483870968 0.9333333333333333 0.84375 0.9354838709677419 0.9354838709677419 0.8709677419354839 0.8333333333333334 0.875 1.0 0.9354838709677419 0.8709677419354839 1.0 0.9375 0.8709677419354839 0.9032258064516129 0.967741935483871 0.8 

svm-dtf
0.875 0.7419354838709677 0.7419354838709677 0.5806451612903226 0.8333333333333334 0.625 0.7096774193548387 0.8064516129032258 0.6451612903225806 0.9333333333333333 0.65625 0.9032258064516129 0.6129032258064516 0.7741935483870968 0.6666666666666666 0.875 0.9032258064516129 0.8064516129032258 0.9032258064516129 0.6 0.6875 0.6451612903225806 0.8387096774193549 0.8709677419354839 0.6 

svm-svmf
1.0 0.9354838709677419 0.967741935483871 0.967741935483871 0.9333333333333333 0.96875 0.967741935483871 0.9032258064516129 0.967741935483871 0.9666666666666667 0.90625 1.0 1.0 1.0 1.0 1.0 0.967741935483871 0.8709677419354839 0.9354838709677419 1.0 1.0 0.8387096774193549 0.9032258064516129 0.9354838709677419 0.9666666666666667 

