rand-def
0.27586206896551724 0.2413793103448276 0.25925925925925924 0.2962962962962963 0.2222222222222222 0.20689655172413793 0.3103448275862069 0.14814814814814814 0.18518518518518517 0.14814814814814814 0.2413793103448276 0.20689655172413793 0.25925925925925924 0.25925925925925924 0.2962962962962963 0.2413793103448276 0.3103448275862069 0.2962962962962963 0.2222222222222222 0.2962962962962963 0.2413793103448276 0.20689655172413793 0.18518518518518517 0.25925925925925924 0.2222222222222222 

oner-def
0.46153846153846156 0 0.5789473684210527 0.47619047619047616 0.5 0.48 0.5238095238095238 0.6470588235294118 0.4230769230769231 0.6111111111111112 0.48 0.6111111111111112 0.6111111111111112 0.55 0.4782608695652174 0.5217391304347826 0.631578947368421 0.43478260869565216 0.6875 0.4782608695652174 0.4074074074074074 0.631578947368421 0.6111111111111112 0.5789473684210527 0.5238095238095238 

cart-def
0.15384615384615385 0.375 0.2 0.16666666666666666 0.1 0.09090909090909091 0.2222222222222222 0.16666666666666666 0.15384615384615385 0.0 0.15384615384615385 0.14285714285714285 0.125 0.1 0.1875 0.2 0.0 0.08333333333333333 0.4444444444444444 0.09090909090909091 0.1875 0.4 0.2 0.1111111111111111 0.1 

cart-cfs
0.14285714285714285 0.0 0.1 0.0 0.16666666666666666 0.1875 0.1111111111111111 0.0 0.14285714285714285 0.14285714285714285 0.08333333333333333 0.0 0.125 0.1 0.13333333333333333 0.0 0.0 0.08333333333333333 0.2857142857142857 0.0 0.13333333333333333 0.14285714285714285 0.0 0.0 0.16666666666666666 

cart-dtf
0.16666666666666666 0.0 0.3333333333333333 0.0 0.2 0.0 0.0 0.3333333333333333 0.16666666666666666 0.3333333333333333 0.25 0.16666666666666666 0.0 0.2222222222222222 0.25 0.0 0.5 0.0 0.4 0.0 0.08333333333333333 0.5 0.0 0.0 0.2 

cart-svmf
0.08333333333333333 0.0 0.0 0.1 0.1 0.14285714285714285 0.0 0.0 0.14285714285714285 0.14285714285714285 0.08333333333333333 0.0 0.0 0.1 0.13333333333333333 0.0 0.0 0.08333333333333333 0.16666666666666666 0.0 0.13333333333333333 0.14285714285714285 0.0 0.0 0.1 

nb-def
0.4375 0.625 0.5555555555555556 0.375 0.45454545454545453 0.3 0.5384615384615384 0.5 0.42857142857142855 0.625 0.45454545454545453 0.5 0.6363636363636364 0.42857142857142855 0.45454545454545453 0.4375 0.5555555555555556 0.3076923076923077 0.8571428571428571 0.5555555555555556 0.4117647058823529 0.4444444444444444 0.25 0.6 0.5454545454545454 

nb-cfs
0.38461538461538464 0.75 0.625 0.3076923076923077 0.45454545454545453 0.2857142857142857 0.5454545454545454 0.5454545454545454 0.625 0.5 0.46153846153846156 0.6363636363636364 0.5714285714285714 0.3333333333333333 0.4666666666666667 0.5882352941176471 0.6428571428571429 0.3125 0.5 0.4 0.3333333333333333 0.46153846153846156 0.42857142857142855 0.5454545454545454 0.4 

nb-dtf
0.3333333333333333 0.6666666666666666 0.375 0.0 0.2222222222222222 0.2222222222222222 0.5 0.23255813953488372 0.25 0.0 0.3333333333333333 0.5 0.0 0.25 0.3333333333333333 0.3333333333333333 0.3333333333333333 0.2 0.0 0.5 0.16666666666666666 0.0 0.0 0.3333333333333333 0.20454545454545456 

nb-svmf
0.5 0.5 0.5 0.25 0.38095238095238093 0.5 1.0 0.3225806451612903 0.5454545454545454 0.375 0.42857142857142855 0.4 0 0.3333333333333333 0.3 0.3333333333333333 0.5454545454545454 0.18181818181818182 0.5 0.0 0.4166666666666667 0.3333333333333333 0.5 0.5 0.3076923076923077 

rf-def
0.23529411764705882 0.3333333333333333 0.1111111111111111 0.0 0.21428571428571427 0.08333333333333333 0.35714285714285715 0.16666666666666666 0.2 0.25 0.08333333333333333 0.14285714285714285 0.0 0.1 0.1875 0.08333333333333333 0.0 0.08333333333333333 0.4444444444444444 0.15384615384615385 0.25 0.4 0.2857142857142857 0.125 0.21428571428571427 

rf-cfs
0.2631578947368421 0.0 0.2 0.23076923076923078 0.16666666666666666 0.1875 0.4117647058823529 0.3333333333333333 0.14285714285714285 0.3 0.14285714285714285 0.0 0.125 0.18181818181818182 0.1875 0.15384615384615385 0.125 0.14285714285714285 0.2857142857142857 0.25 0.23529411764705882 0.4166666666666667 0.2857142857142857 0.2 0.21428571428571427 

rf-dtf
0.16666666666666666 0.0 0.3333333333333333 0.16666666666666666 0.2 0.1 0.5 0.3333333333333333 0.16666666666666666 0.375 0.25 0.16666666666666666 0.0 0.2222222222222222 0.25 0.0 0.5 0.0 0.5 0.0 0.21428571428571427 0.5714285714285714 0.3333333333333333 0.0 0.2 

rf-svmf
0.2 0.0 0.125 0.18181818181818182 0.1 0.08333333333333333 0.4117647058823529 0.16666666666666666 0.14285714285714285 0.3 0.08333333333333333 0.0 0.2222222222222222 0.18181818181818182 0.1875 0.0 0.0 0.08333333333333333 0.16666666666666666 0.15384615384615385 0.2857142857142857 0.45454545454545453 0.2 0.0 0.1 

svm-def
0.0 0.0 0.0 0.0 0.0 0.0 0.0 0.0 0.0 0.0 0.0 0.0 0.0 0.0 0.0 0.0 0.0 0.0 0.0 0.0 0.0 0.0 0.0 0.0 0.0 

svm-cfs
0.08333333333333333 0.0 0.0 0.0 0.1 0.0 0.1111111111111111 0.0 0.14285714285714285 0.16666666666666666 0.14285714285714285 0.0 0.0 0.14285714285714285 0.1875 0.0 0.0 0.08333333333333333 0.0 0.09090909090909091 0.13333333333333333 0.14285714285714285 0.0 0.2 0.1111111111111111 

svm-dtf
0.25 0 0 0.25 0.2 0.14285714285714285 0.0 0.0 0.0 0.3333333333333333 0.25 0.3333333333333333 0.0 0.0 0.5 0.0 1.0 0.0 0 0.0 0.0 0.0 0.3333333333333333 0.0 0.2 

svm-svmf
0.14285714285714285 0 0.2 0.25 0.375 0.14285714285714285 0 0.5 0.375 0.375 0.0 0.3333333333333333 0.0 0.2222222222222222 0.375 0.25 0.0 0.16666666666666666 1.0 0.2222222222222222 0.35 0 0.0 0.0 0.4 

