rand-def
0.3902439024390244 0.34146341463414637 0.3684210526315789 0.42105263157894735 0.3157894736842105 0.2926829268292683 0.43902439024390244 0.21052631578947367 0.2631578947368421 0.21052631578947367 0.34146341463414637 0.2926829268292683 0.3684210526315789 0.3684210526315789 0.42105263157894735 0.34146341463414637 0.43902439024390244 0.42105263157894735 0.3157894736842105 0.42105263157894735 0.34146341463414637 0.2926829268292683 0.2631578947368421 0.3684210526315789 0.3157894736842105 

oner-def
0.631578947368421 0.0 0.7333333333333333 0.625 0.6666666666666666 0.6486486486486487 0.6666666666666666 0.7857142857142857 0.5945945945945946 0.7586206896551724 0.6486486486486487 0.7333333333333333 0.7586206896551724 0.7096774193548387 0.6470588235294118 0.6857142857142857 0.7741935483870968 0.5882352941176471 0.8148148148148148 0.6470588235294118 0.5641025641025641 0.7741935483870968 0.7586206896551724 0.7333333333333333 0.6875 

cart-def
0.16 0.3 0.19047619047619047 0.17391304347826086 0.09523809523809523 0.08695652173913043 0.19047619047619047 0.11764705882352941 0.16666666666666666 0.0 0.16 0.10526315789473684 0.10526315789473684 0.09523809523809523 0.2222222222222222 0.2222222222222222 0.0 0.08695652173913043 0.4 0.09090909090909091 0.21428571428571427 0.36363636363636365 0.125 0.1 0.09523809523809523 

cart-cfs
0.15384615384615385 0.0 0.09523809523809523 0.0 0.17391304347826086 0.21428571428571427 0.09523809523809523 0.0 0.16 0.1111111111111111 0.08333333333333333 0.0 0.10526315789473684 0.09523809523809523 0.15384615384615385 0.0 0.0 0.08695652173913043 0.2222222222222222 0.0 0.14814814814814814 0.10526315789473684 0.0 0.0 0.17391304347826086 

cart-dtf
0.1111111111111111 0.0 0.23529411764705882 0.0 0.125 0.0 0.0 0.23529411764705882 0.11764705882352941 0.23529411764705882 0.125 0.1111111111111111 0.0 0.2 0.13333333333333333 0.0 0.25 0.0 0.25 0.0 0.08333333333333333 0.3333333333333333 0.0 0.0 0.125 

cart-svmf
0.08333333333333333 0.0 0.0 0.09523809523809523 0.09523809523809523 0.15384615384615385 0.0 0.0 0.16 0.1111111111111111 0.08333333333333333 0.0 0.0 0.09523809523809523 0.15384615384615385 0.0 0.0 0.08695652173913043 0.11764705882352941 0.0 0.14814814814814814 0.10526315789473684 0.0 0.0 0.09523809523809523 

nb-def
0.5 0.5 0.5 0.3157894736842105 0.45454545454545453 0.2727272727272727 0.56 0.47619047619047616 0.48 0.5263157894736842 0.43478260869565216 0.4 0.6363636363636364 0.48 0.45454545454545453 0.5 0.47619047619047616 0.3333333333333333 0.6666666666666666 0.5 0.4827586206896552 0.38095238095238093 0.13333333333333333 0.5714285714285714 0.5454545454545454 

nb-cfs
0.4 0.75 0.5263157894736842 0.3333333333333333 0.45454545454545453 0.3076923076923077 0.5217391304347826 0.5454545454545454 0.7407407407407407 0.47619047619047616 0.48 0.6086956521739131 0.4444444444444444 0.34782608695652173 0.5384615384615384 0.6896551724137931 0.6923076923076923 0.37037037037037035 0.26666666666666666 0.38095238095238093 0.37037037037037035 0.48 0.3333333333333333 0.5454545454545454 0.46153846153846156 

nb-dtf
0.13333333333333333 0.5714285714285714 0.3157894736842105 0.0 0.35714285714285715 0.19047619047619047 0.14285714285714285 0.37037037037037035 0.13333333333333333 0.0 0.2222222222222222 0.4 0.0 0.21052631578947367 0.4375 0.13333333333333333 0.2857142857142857 0.125 0.0 0.15384615384615385 0.16666666666666666 0.0 0.0 0.14285714285714285 0.32727272727272727 

nb-svmf
0.5714285714285714 0.14285714285714285 0.35294117647058826 0.21052631578947367 0.5 0.3333333333333333 0.15384615384615385 0.47619047619047616 0.5454545454545454 0.3157894736842105 0.3157894736842105 0.36363636363636365 0.0 0.34782608695652173 0.43902439024390244 0.2222222222222222 0.5217391304347826 0.18181818181818182 0.47619047619047616 0.0 0.4166666666666667 0.13333333333333333 0.15384615384615385 0.15384615384615385 0.43243243243243246 

rf-def
0.27586206896551724 0.2222222222222222 0.1 0.0 0.24 0.08333333333333333 0.38461538461538464 0.11764705882352941 0.23076923076923078 0.21052631578947367 0.08333333333333333 0.10526315789473684 0.0 0.09523809523809523 0.2222222222222222 0.08333333333333333 0.0 0.08695652173913043 0.4 0.16666666666666666 0.3125 0.36363636363636365 0.2222222222222222 0.10526315789473684 0.24 

rf-cfs
0.3225806451612903 0.0 0.19047619047619047 0.25 0.17391304347826086 0.21428571428571427 0.4827586206896552 0.3 0.16 0.2857142857142857 0.15384615384615385 0.0 0.10526315789473684 0.18181818181818182 0.2222222222222222 0.16 0.1 0.16 0.2222222222222222 0.2962962962962963 0.27586206896551724 0.4166666666666667 0.2222222222222222 0.19047619047619047 0.24 

rf-dtf
0.1111111111111111 0.0 0.23529411764705882 0.11764705882352941 0.125 0.09090909090909091 0.25 0.23529411764705882 0.11764705882352941 0.3157894736842105 0.125 0.1111111111111111 0.0 0.2 0.13333333333333333 0.0 0.25 0.0 0.35294117647058826 0.0 0.23076923076923078 0.42105263157894735 0.14285714285714285 0.0 0.125 

rf-svmf
0.2222222222222222 0.0 0.10526315789473684 0.18181818181818182 0.09523809523809523 0.08333333333333333 0.4827586206896552 0.11764705882352941 0.16 0.2857142857142857 0.08333333333333333 0.0 0.2 0.18181818181818182 0.2222222222222222 0.0 0.0 0.08695652173913043 0.11764705882352941 0.16666666666666666 0.36363636363636365 0.43478260869565216 0.125 0.0 0.09523809523809523 

svm-def
0.0 0.0 0.0 0.0 0.0 0.0 0.0 0.0 0.0 0.0 0.0 0.0 0.0 0.0 0.0 0.0 0.0 0.0 0.0 0.0 0.0 0.0 0.0 0.0 0.0 

svm-cfs
0.08333333333333333 0.0 0.0 0.0 0.09523809523809523 0.0 0.09523809523809523 0.0 0.16 0.11764705882352941 0.15384615384615385 0.0 0.0 0.16 0.2222222222222222 0.0 0.0 0.08695652173913043 0.0 0.09090909090909091 0.14814814814814814 0.10526315789473684 0.0 0.19047619047619047 0.1 

svm-dtf
0.2 0.0 0.0 0.13333333333333333 0.125 0.10526315789473684 0.0 0.0 0.0 0.14285714285714285 0.125 0.13333333333333333 0.0 0.0 0.15384615384615385 0.0 0.2857142857142857 0.0 0.0 0.0 0.0 0.0 0.14285714285714285 0.0 0.125 

svm-svmf
0.10526315789473684 0.0 0.125 0.2608695652173913 0.3157894736842105 0.10526315789473684 0.0 0.26666666666666666 0.3157894736842105 0.3157894736842105 0.0 0.13333333333333333 0.0 0.2 0.3157894736842105 0.125 0.0 0.11764705882352941 0.3076923076923077 0.2 0.4375 0.0 0.0 0.0 0.25 

