rand-def
0.4750730937913075 0.5230047328822981 0.47893737440482526 0.42957772453903875 0.5322647697565253 0.5736632341128717 0.43077951164641176 0.6468366920559732 0.5884822435610743 0.6468366920559732 0.5230047328822981 0.5736632341128717 0.47893737440482526 0.47893737440482526 0.42957772453903875 0.5230047328822981 0.43077951164641176 0.42957772453903875 0.5322647697565253 0.42957772453903875 0.5230047328822981 0.5736632341128717 0.5884822435610743 0.47893737440482526 0.5322647697565253 

oner-def
0.27498597046143514 0.7071067811865475 0.16162440712835371 0.2313438706925245 0.22223355980148635 0.25534411542847546 0.20506698694768613 0.12121830534626528 0.3030457633656632 0.1414213562373095 0.25534411542847546 0.14958791130929178 0.1414213562373095 0.1818274580193979 0.24243661069253056 0.2160604053625562 0.13749298523071757 0.27039198072741244 0.10101525445522107 0.24243661069253056 0.3197462342561483 0.13749298523071757 0.1414213562373095 0.16162440712835371 0.20203050891044214 

cart-def
0.6276179737608335 0.5393468844152111 0.6006939260399132 0.6128026357093 0.6680451818445093 0.6772880744575893 0.6050839141886657 0.6507128568950522 0.619756806258466 0.7174216873994125 0.6276179737608335 0.6588078458684123 0.658196885814471 0.6680451818445093 0.5774447174873886 0.5803495115493383 0.7168604389202188 0.6801550526151434 0.46117612739129094 0.6738245075881998 0.5886005583449191 0.485912657903775 0.647884058100495 0.662831494028052 0.6680451818445093 

cart-cfs
0.6346477588219923 0.7114582486036498 0.6680451818445093 0.7253429871306345 0.6128026357093 0.5886005583449191 0.6669559557523871 0.7142857142857143 0.6272848268575724 0.6541536654692749 0.6832429931249356 0.7168604389202188 0.658196885814471 0.6680451818445093 0.6353663003641187 0.7393795363447868 0.7168604389202188 0.6801550526151434 0.5872944963425981 0.7354021529276429 0.6422015567609384 0.6588078458684123 0.711709640404637 0.7211102550927978 0.6128026357093 

cart-dtf
0.6555790956225526 0.7073795321248246 0.5841586736893931 0.7142857142857143 0.647884058100495 0.7243558228002943 0.7081971546656645 0.5841586736893931 0.6507128568950522 0.5841586736893931 0.6508541396588877 0.6555790956225526 0.7082603003566023 0.59557597651488 0.6456753130510898 0.7203501377716632 0.5905636562630361 0.7142857142857143 0.5817080136884896 0.7174216873994125 0.6832429931249356 0.5335936864527373 0.7082603003566023 0.7096995627642412 0.647884058100495 

cart-svmf
0.6832429931249356 0.7114582486036498 0.7211102550927978 0.6680451818445093 0.6680451818445093 0.6346477588219923 0.7288689868556625 0.7142857142857143 0.6272848268575724 0.6541536654692749 0.6832429931249356 0.7168604389202188 0.7211102550927978 0.6680451818445093 0.6353663003641187 0.7393795363447868 0.7168604389202188 0.6801550526151434 0.6507128568950522 0.7301104193817506 0.6422015567609384 0.6588078458684123 0.711709640404637 0.7211102550927978 0.6680451818445093 

nb-def
0.3435921354681384 0.41666666666666663 0.3940697182268771 0.5240867214021058 0.4042947045529199 0.5478634145365561 0.31732387941099616 0.39870341384438307 0.359761357157156 0.3904277141370313 0.4289845892077917 0.47790695928014587 0.2695298030352799 0.359761357157156 0.4042947045529199 0.3435921354681384 0.41989490160641596 0.4853252139882813 0.32204650035246934 0.3940697182268771 0.35409857733283234 0.48152599509332544 0.6456753130510898 0.331415747014026 0.3369122537940999 

nb-cfs
0.44139579394640843 0.18633899812498247 0.3904277141370313 0.4853252139882813 0.4042947045529199 0.5106882308569509 0.3669401337117474 0.3369122537940999 0.13720826854085394 0.39870341384438307 0.37934723010410176 0.3049235888902798 0.4540405358893964 0.47812319314436846 0.3037073450855785 0.18108895570007358 0.2022252747022366 0.4451382770337248 0.5799512021393501 0.4660184721596297 0.456857894538848 0.37934723010410176 0.5205702855160419 0.3369122537940999 0.3692790403120151 

nb-dtf
0.6493705404200533 0.3584302194601094 0.5240867214021058 0.7073953373222827 0.7100226978096958 0.6050839141886657 0.6484787516627083 0.6697925255803665 0.6456753130510898 0.7096995627642412 0.5944704044175749 0.47790695928014587 0.7073953373222827 0.5911045773403157 0.38225083712052066 0.6493705404200533 0.5432668671002207 0.647884058100495 0.7142857142857143 0.6431417446886603 0.6211299937499416 0.7081971546656645 0.7073953373222827 0.6440930007049387 0.7186994682200861 

nb-svmf
0.2832788618662658 0.6484787516627083 0.5178187707153058 0.5911045773403157 0.3258368832427704 0.5335936864527373 0.6481812160876685 0.42910631713476166 0.3369122537940999 0.5240867214021058 0.5361183073782995 0.485912657903775 0.7071067811865475 0.47812319314436846 0.4433158305540585 0.5944704044175749 0.3669401337117474 0.6064420568293799 0.39870341384438307 0.7082603003566023 0.43479099562495915 0.6493705404200533 0.6431417446886603 0.6431417446886603 0.4116248056225617 

rf-def
0.5361183073782995 0.5944704044175749 0.662831494028052 0.7253429871306345 0.5602236740975841 0.6832429931249356 0.44876373392787533 0.6507128568950522 0.5685405175723512 0.5911045773403157 0.6832429931249356 0.6588078458684123 0.7211102550927978 0.6680451818445093 0.5774447174873886 0.6832429931249356 0.7168604389202188 0.6801550526151434 0.46117612739129094 0.619756806258466 0.5068968775248516 0.485912657903775 0.5872944963425981 0.658196885814471 0.5602236740975841 

rf-cfs
0.4957380082659652 0.7114582486036498 0.6006939260399132 0.5525207113294194 0.6128026357093 0.5886005583449191 0.35409857733283234 0.5283528058677986 0.6272848268575724 0.5333505506862773 0.6346477588219923 0.7168604389202188 0.658196885814471 0.6064420568293799 0.5774447174873886 0.6276179737608335 0.6626033578820312 0.6272848268575724 0.5872944963425981 0.5111309509773956 0.5361183073782995 0.43479099562495915 0.5872944963425981 0.6006939260399132 0.5602236740975841 

rf-dtf
0.6555790956225526 0.7073795321248246 0.5841586736893931 0.6507128568950522 0.647884058100495 0.6718548123582124 0.5905636562630361 0.5841586736893931 0.6507128568950522 0.5240867214021058 0.6508541396588877 0.6555790956225526 0.7082603003566023 0.59557597651488 0.6456753130510898 0.7203501377716632 0.5905636562630361 0.7142857142857143 0.5178187707153058 0.7174216873994125 0.572653559113564 0.4750730937913074 0.6440930007049387 0.7096995627642412 0.647884058100495 

rf-svmf
0.5803495115493383 0.7114582486036498 0.658196885814471 0.6064420568293799 0.6680451818445093 0.6832429931249356 0.35409857733283234 0.6507128568950522 0.6272848268575724 0.5333505506862773 0.6832429931249356 0.7168604389202188 0.59557597651488 0.6064420568293799 0.5774447174873886 0.7393795363447868 0.7168604389202188 0.6801550526151434 0.6507128568950522 0.619756806258466 0.46022337571613586 0.4289845892077917 0.647884058100495 0.7211102550927978 0.6680451818445093 

svm-def
0.7393795363447868 0.7114582486036498 0.7211102550927978 0.7253429871306345 0.7253429871306345 0.7288689868556625 0.7203501377716632 0.711709640404637 0.7412069583470199 0.7142857142857143 0.7393795363447868 0.7168604389202188 0.7211102550927978 0.7253429871306345 0.7475128829686359 0.7338802674234948 0.7168604389202188 0.7412069583470199 0.711709640404637 0.7301104193817506 0.7338802674234948 0.7138942931053553 0.711709640404637 0.7211102550927978 0.7253429871306345 

svm-cfs
0.6832429931249356 0.7114582486036498 0.7174216873994125 0.7253429871306345 0.6680451818445093 0.7338802674234948 0.6669559557523871 0.711709640404637 0.6272848268575724 0.6507128568950522 0.6346477588219923 0.7168604389202188 0.7211102550927978 0.6272848268575724 0.5774447174873886 0.7393795363447868 0.7168604389202188 0.6801550526151434 0.7096995627642412 0.6738245075881998 0.6422015567609384 0.6588078458684123 0.711709640404637 0.6006939260399132 0.662831494028052 

svm-dtf
0.6009252125773316 0.7071067811865475 0.7071067811865475 0.6456753130510898 0.647884058100495 0.6588078458684123 0.7073795321248246 0.7082603003566023 0.7082603003566023 0.6440930007049387 0.6508541396588877 0.6493705404200533 0.7073953373222827 0.711709640404637 0.6431417446886603 0.7138942931053553 0.5892556509887896 0.7073953373222827 0.7071067811865475 0.7082603003566023 0.7114582486036498 0.7073795321248246 0.6440930007049387 0.7073953373222827 0.647884058100495 

svm-svmf
0.6588078458684123 0.7071067811865475 0.647884058100495 0.5454576375917302 0.5240867214021058 0.6588078458684123 0.7071067811865475 0.5799512021393501 0.5240867214021058 0.5240867214021058 0.7095577652469333 0.6493705404200533 0.7073953373222827 0.59557597651488 0.5240867214021058 0.6508541396588877 0.7073795321248246 0.6507128568950522 0.5785419118799026 0.59557597651488 0.3898796902116166 0.7071067811865475 0.7082603003566023 0.7082603003566023 0.5817080136884896 

