rand-def
0.5833333333333334 0.6111111111111112 0.5714285714285714 0.5428571428571428 0.6 0.6388888888888888 0.5555555555555556 0.6571428571428571 0.6285714285714286 0.6571428571428571 0.6111111111111112 0.6388888888888888 0.5714285714285714 0.5714285714285714 0.5428571428571428 0.6111111111111112 0.5555555555555556 0.5428571428571428 0.6 0.5428571428571428 0.6111111111111112 0.6388888888888888 0.6285714285714286 0.5714285714285714 0.6 

oner-def
0.3888888888888889 0.0 0.22857142857142856 0.3142857142857143 0.3142857142857143 0.3611111111111111 0.2777777777777778 0.17142857142857143 0.42857142857142855 0.2 0.3611111111111111 0.19444444444444445 0.2 0.2571428571428571 0.34285714285714286 0.3055555555555556 0.19444444444444445 0.37142857142857144 0.14285714285714285 0.34285714285714286 0.4444444444444444 0.19444444444444445 0.2 0.22857142857142856 0.2857142857142857 

cart-def
0.3055555555555556 0.1388888888888889 0.22857142857142856 0.2857142857142857 0.2571428571428571 0.2777777777777778 0.19444444444444445 0.14285714285714285 0.3142857142857143 0.17142857142857143 0.3055555555555556 0.16666666666666666 0.2 0.2571428571428571 0.37142857142857144 0.3333333333333333 0.16666666666666666 0.3142857142857143 0.14285714285714285 0.2857142857142857 0.3611111111111111 0.16666666666666666 0.11428571428571428 0.22857142857142856 0.2571428571428571 

cart-cfs
0.3333333333333333 0.1111111111111111 0.2571428571428571 0.22857142857142856 0.2857142857142857 0.3611111111111111 0.2222222222222222 0.14285714285714285 0.34285714285714286 0.17142857142857143 0.3055555555555556 0.16666666666666666 0.2 0.2571428571428571 0.37142857142857144 0.3055555555555556 0.16666666666666666 0.3142857142857143 0.14285714285714285 0.2857142857142857 0.3611111111111111 0.16666666666666666 0.11428571428571428 0.2 0.2857142857142857 

cart-dtf
0.1388888888888889 0.027777777777777776 0.11428571428571428 0.14285714285714285 0.11428571428571428 0.2222222222222222 0.05555555555555555 0.11428571428571428 0.14285714285714285 0.11428571428571428 0.08333333333333333 0.1388888888888889 0.05714285714285714 0.2 0.08571428571428572 0.19444444444444445 0.05555555555555555 0.14285714285714285 0.08571428571428572 0.17142857142857143 0.3055555555555556 0.08333333333333333 0.05714285714285714 0.08571428571428572 0.11428571428571428 

cart-svmf
0.3055555555555556 0.1111111111111111 0.2 0.2571428571428571 0.2571428571428571 0.3333333333333333 0.25 0.14285714285714285 0.34285714285714286 0.17142857142857143 0.3055555555555556 0.16666666666666666 0.2 0.2571428571428571 0.37142857142857144 0.3055555555555556 0.16666666666666666 0.3142857142857143 0.14285714285714285 0.2571428571428571 0.3611111111111111 0.16666666666666666 0.11428571428571428 0.2 0.2571428571428571 

nb-def
0.25 0.08333333333333333 0.11428571428571428 0.14285714285714285 0.17142857142857143 0.19444444444444445 0.16666666666666666 0.14285714285714285 0.22857142857142856 0.08571428571428572 0.16666666666666666 0.1111111111111111 0.11428571428571428 0.22857142857142856 0.17142857142857143 0.25 0.1111111111111111 0.2571428571428571 0.02857142857142857 0.11428571428571428 0.2777777777777778 0.1388888888888889 0.08571428571428572 0.11428571428571428 0.14285714285714285 

nb-cfs
0.2222222222222222 0.08333333333333333 0.08571428571428572 0.2571428571428571 0.17142857142857143 0.2777777777777778 0.1388888888888889 0.14285714285714285 0.17142857142857143 0.14285714285714285 0.19444444444444445 0.1111111111111111 0.08571428571428572 0.22857142857142856 0.22857142857142856 0.19444444444444445 0.1388888888888889 0.3142857142857143 0.05714285714285714 0.17142857142857143 0.2777777777777778 0.19444444444444445 0.11428571428571428 0.14285714285714285 0.2571428571428571 

nb-dtf
0.05555555555555555 0.08333333333333333 0.14285714285714285 0.02857142857142857 1.0 0.19444444444444445 0.027777777777777776 0.9428571428571428 0.08571428571428572 0.08571428571428572 0.1111111111111111 0.1111111111111111 0.02857142857142857 0.17142857142857143 0.4 0.05555555555555555 0.16666666666666666 0.11428571428571428 0.14285714285714285 0.02857142857142857 0.2777777777777778 0.05555555555555555 0.02857142857142857 0.05714285714285714 1.0 

nb-svmf
0.2222222222222222 0.027777777777777776 0.08571428571428572 0.17142857142857143 0.37142857142857144 0.08333333333333333 0.0 0.6 0.14285714285714285 0.14285714285714285 0.1111111111111111 0.16666666666666666 0.0 0.22857142857142856 0.6 0.1111111111111111 0.1388888888888889 0.2571428571428571 0.14285714285714285 0.05714285714285714 0.19444444444444445 0.05555555555555555 0.02857142857142857 0.02857142857142857 0.5142857142857142 

rf-def
0.3611111111111111 0.1111111111111111 0.22857142857142856 0.22857142857142856 0.3142857142857143 0.3055555555555556 0.25 0.14285714285714285 0.34285714285714286 0.17142857142857143 0.3055555555555556 0.16666666666666666 0.2 0.2571428571428571 0.37142857142857144 0.3055555555555556 0.16666666666666666 0.3142857142857143 0.14285714285714285 0.3142857142857143 0.4166666666666667 0.16666666666666666 0.14285714285714285 0.2 0.3142857142857143 

rf-cfs
0.3888888888888889 0.1111111111111111 0.22857142857142856 0.2857142857142857 0.2857142857142857 0.3611111111111111 0.2777777777777778 0.17142857142857143 0.34285714285714286 0.2 0.3333333333333333 0.16666666666666666 0.2 0.2571428571428571 0.37142857142857144 0.3055555555555556 0.19444444444444445 0.34285714285714286 0.14285714285714285 0.34285714285714286 0.3611111111111111 0.19444444444444445 0.14285714285714285 0.22857142857142856 0.3142857142857143 

rf-dtf
0.1388888888888889 0.027777777777777776 0.11428571428571428 0.14285714285714285 0.11428571428571428 0.25 0.05555555555555555 0.11428571428571428 0.14285714285714285 0.14285714285714285 0.08333333333333333 0.1388888888888889 0.05714285714285714 0.2 0.08571428571428572 0.19444444444444445 0.05555555555555555 0.14285714285714285 0.08571428571428572 0.17142857142857143 0.3055555555555556 0.08333333333333333 0.05714285714285714 0.08571428571428572 0.11428571428571428 

rf-svmf
0.3333333333333333 0.1111111111111111 0.2 0.2571428571428571 0.2571428571428571 0.3055555555555556 0.2777777777777778 0.14285714285714285 0.34285714285714286 0.2 0.3055555555555556 0.16666666666666666 0.2 0.2571428571428571 0.37142857142857144 0.3055555555555556 0.16666666666666666 0.3142857142857143 0.14285714285714285 0.3142857142857143 0.4166666666666667 0.16666666666666666 0.11428571428571428 0.2 0.2571428571428571 

svm-def
0.3055555555555556 0.1111111111111111 0.2 0.22857142857142856 0.22857142857142856 0.25 0.19444444444444445 0.11428571428571428 0.3142857142857143 0.14285714285714285 0.3055555555555556 0.16666666666666666 0.2 0.22857142857142856 0.34285714285714286 0.2777777777777778 0.16666666666666666 0.3142857142857143 0.11428571428571428 0.2571428571428571 0.2777777777777778 0.1388888888888889 0.11428571428571428 0.2 0.22857142857142856 

svm-cfs
0.3055555555555556 0.1111111111111111 0.17142857142857143 0.22857142857142856 0.2571428571428571 0.2777777777777778 0.2222222222222222 0.11428571428571428 0.34285714285714286 0.14285714285714285 0.3333333333333333 0.16666666666666666 0.2 0.34285714285714286 0.37142857142857144 0.3055555555555556 0.16666666666666666 0.3142857142857143 0.08571428571428572 0.2857142857142857 0.3611111111111111 0.16666666666666666 0.11428571428571428 0.22857142857142856 0.22857142857142856 

svm-dtf
0.16666666666666666 0.0 0.0 0.08571428571428572 0.11428571428571428 0.16666666666666666 0.027777777777777776 0.05714285714285714 0.05714285714285714 0.05714285714285714 0.08333333333333333 0.05555555555555555 0.02857142857142857 0.11428571428571428 0.02857142857142857 0.1388888888888889 0.0 0.02857142857142857 0.0 0.05714285714285714 0.1111111111111111 0.027777777777777776 0.05714285714285714 0.02857142857142857 0.11428571428571428 

svm-svmf
0.16666666666666666 0.0 0.11428571428571428 0.2571428571428571 0.14285714285714285 0.16666666666666666 0.0 0.05714285714285714 0.14285714285714285 0.14285714285714285 0.08333333333333333 0.05555555555555555 0.02857142857142857 0.2 0.14285714285714285 0.08333333333333333 0.027777777777777776 0.14285714285714285 0.0 0.2 0.3611111111111111 0.0 0.05714285714285714 0.05714285714285714 0.08571428571428572 

