rand-def
0.08333333333333326 -0.02777777777777768 0.06493506493506485 0.18441558441558437 -0.054545454545454564 -0.13888888888888884 0.19444444444444442 -0.2935064935064935 -0.17402597402597397 -0.2935064935064935 -0.02777777777777768 -0.13888888888888884 0.06493506493506485 0.06493506493506485 0.18441558441558437 -0.02777777777777768 0.19444444444444442 0.18441558441558437 -0.054545454545454564 0.18441558441558437 -0.02777777777777768 -0.13888888888888884 -0.17402597402597397 0.06493506493506485 -0.054545454545454564 

oner-def
0.6111111111111112 0.0 0.7714285714285714 0.5948051948051947 0.6857142857142857 0.6388888888888888 0.6388888888888888 0.8285714285714287 0.5714285714285714 0.8 0.6388888888888888 0.7222222222222223 0.8 0.7428571428571429 0.657142857142857 0.6944444444444444 0.8055555555555556 0.5376623376623377 0.8571428571428572 0.657142857142857 0.4722222222222223 0.8055555555555556 0.8 0.7714285714285714 0.7142857142857144 

oner-cfs
0.6111111111111112 0.0 0.7714285714285714 0.5948051948051947 0.6857142857142857 0.6388888888888888 0.6388888888888888 0.8285714285714287 0.5714285714285714 0.8 0.6388888888888888 0.7222222222222223 0.8 0.7428571428571429 0.657142857142857 0.6944444444444444 0.8055555555555556 0.5376623376623377 0.8571428571428572 0.657142857142857 0.4722222222222223 0.8055555555555556 0.8 0.7714285714285714 0.7142857142857144 

oner-dtf
0.0 0.0 0.15844155844155838 -0.051948051948051965 -0.023376623376623384 -0.05555555555555547 0.0 0.0 -0.02857142857142858 0.10129870129870122 -0.02777777777777779 -0.02777777777777779 -0.05714285714285716 0.06753246753246755 0.0 0.0 0.0 -0.11428571428571432 0.0 -0.02857142857142858 0.08333333333333348 0.0 0.0051948051948051965 -0.02857142857142858 0.0051948051948051965 

oner-svmf
0.0 0.0 0.0 0.0 0.0 0.0 0.0 0.0 0.0 0.0 0.0 0.0 0.0 0.0 0.0 0.0 0.0 -0.11428571428571432 0.0 0.0 0.4722222222222223 0.0 0.0 0.0 0.0 

cart-def
-0.13888888888888895 0.11111111111111116 -0.04675324675324677 -0.10389610389610393 -0.16623376623376618 -0.19444444444444442 -0.02777777777777779 -0.051948051948051965 -0.1324675324675324 -0.17142857142857137 -0.13888888888888895 -0.08333333333333326 -0.10909090909090902 -0.16623376623376618 -0.09870129870129873 -0.08333333333333337 -0.16666666666666663 -0.22337662337662334 0.22077922077922074 -0.19480519480519476 -0.11111111111111116 0.16666666666666674 -0.023376623376623384 -0.1376623376623376 -0.16623376623376618 

cart-cfs
-0.16666666666666674 -0.11111111111111116 -0.16623376623376618 -0.22857142857142854 -0.10389610389610393 -0.11111111111111116 -0.13888888888888884 -0.1428571428571429 -0.1610389610389611 -0.08051948051948044 -0.2222222222222222 -0.16666666666666663 -0.10909090909090902 -0.16623376623376618 -0.18961038961038956 -0.3055555555555556 -0.16666666666666663 -0.22337662337662334 0.03896103896103886 -0.2857142857142857 -0.19444444444444453 -0.08333333333333326 -0.11428571428571432 -0.19999999999999996 -0.10389610389610393 

cart-dtf
-0.05555555555555547 -0.02777777777777779 0.06753246753246755 -0.1428571428571429 -0.023376623376623384 -0.2222222222222222 -0.05555555555555558 0.06753246753246755 -0.051948051948051965 0.06753246753246755 0.0 -0.05555555555555547 -0.05714285714285716 -0.018181818181818077 0.0051948051948051965 -0.19444444444444442 0.11111111111111116 -0.1428571428571429 0.09610389610389602 -0.17142857142857137 -0.2222222222222222 0.16666666666666652 -0.05714285714285716 -0.08571428571428574 -0.023376623376623384 

cart-svmf
-0.2222222222222222 -0.11111111111111116 -0.19999999999999996 -0.16623376623376618 -0.16623376623376618 -0.16666666666666674 -0.25 -0.1428571428571429 -0.1610389610389611 -0.08051948051948044 -0.2222222222222222 -0.16666666666666663 -0.19999999999999996 -0.16623376623376618 -0.18961038961038956 -0.3055555555555556 -0.16666666666666663 -0.22337662337662334 -0.051948051948051965 -0.2571428571428571 -0.19444444444444453 -0.08333333333333326 -0.11428571428571432 -0.19999999999999996 -0.16623376623376618 

nb-def
0.3333333333333335 0.33333333333333326 0.34025974025974026 0.1298701298701297 0.2831168831168831 0.05555555555555558 0.41666666666666674 0.31168831168831157 0.31688311688311677 0.36883116883116873 0.25 0.2222222222222221 0.5220779220779219 0.31688311688311677 0.2831168831168831 0.3333333333333335 0.3055555555555556 0.10649350649350664 0.5168831168831169 0.34025974025974026 0.3055555555555556 0.19444444444444442 0.0051948051948051965 0.4311688311688311 0.4025974025974026 

nb-cfs
0.19444444444444442 0.6666666666666665 0.36883116883116873 0.10649350649350664 0.2831168831168831 0.05555555555555558 0.36111111111111116 0.4025974025974026 0.7376623376623377 0.31168831168831157 0.3055555555555556 0.4722222222222223 0.2779220779220779 0.1350649350649351 0.4077922077922078 0.6388888888888888 0.6111111111111112 0.1402597402597403 0.12467532467532472 0.19220779220779227 0.13888888888888884 0.3055555555555556 0.15844155844155838 0.4025974025974026 0.2883116883116883 

nb-dtf
0.02777777777777768 0.4166666666666665 0.1298701298701297 -0.02857142857142858 -0.09090909090909094 -0.02777777777777779 0.05555555555555558 -0.03376623376623378 0.0051948051948051965 -0.08571428571428574 0.05555555555555558 0.2222222222222221 -0.02857142857142858 0.010389610389610393 0.23636363636363633 0.02777777777777768 0.08333333333333348 -0.023376623376623384 -0.1428571428571429 0.06233766233766236 -0.11111111111111116 -0.05555555555555558 -0.02857142857142858 0.033766233766233666 -0.18181818181818177 

nb-svmf
0.4444444444444444 0.05555555555555558 0.18701298701298708 0.010389610389610393 0.35584415584415585 0.16666666666666652 0.08333333333333326 0.3090909090909091 0.4025974025974026 0.1298701298701297 0.13888888888888884 0.16666666666666674 0.0 0.1350649350649351 0.21818181818181825 0.05555555555555558 0.36111111111111116 -0.07532467532467524 0.31168831168831157 -0.05714285714285716 0.22222222222222232 0.02777777777777768 0.06233766233766236 0.06233766233766236 0.21298701298701306 

rf-def
-0.0277777777777779 0.05555555555555558 -0.1376623376623376 -0.22857142857142854 -0.04155844155844157 -0.2222222222222222 0.16666666666666674 -0.051948051948051965 -0.07012987012987015 0.010389610389610393 -0.2222222222222222 -0.08333333333333326 -0.19999999999999996 -0.16623376623376618 -0.09870129870129873 -0.2222222222222222 -0.16666666666666663 -0.22337662337662334 0.22077922077922074 -0.1324675324675324 0.0 0.16666666666666674 0.03896103896103886 -0.10909090909090902 -0.04155844155844157 

rf-cfs
0.0277777777777779 -0.11111111111111116 -0.04675324675324677 -0.012987012987012991 -0.10389610389610393 -0.11111111111111116 0.3055555555555556 0.10129870129870122 -0.1610389610389611 0.07272727272727275 -0.16666666666666674 -0.16666666666666663 -0.10909090909090902 -0.07532467532467524 -0.09870129870129873 -0.13888888888888895 -0.11111111111111105 -0.1610389610389611 0.03896103896103886 0.020779220779220786 -0.0277777777777779 0.22222222222222232 0.03896103896103886 -0.04675324675324677 -0.04155844155844157 

rf-dtf
-0.05555555555555547 -0.02777777777777779 0.06753246753246755 -0.051948051948051965 -0.023376623376623384 -0.16666666666666663 0.11111111111111116 0.06753246753246755 -0.051948051948051965 0.1298701298701297 0.0 -0.05555555555555547 -0.05714285714285716 -0.018181818181818077 0.0051948051948051965 -0.19444444444444442 0.11111111111111116 -0.1428571428571429 0.18701298701298708 -0.17142857142857137 -0.05555555555555558 0.25 0.033766233766233666 -0.08571428571428574 -0.023376623376623384 

rf-svmf
-0.08333333333333337 -0.11111111111111116 -0.10909090909090902 -0.07532467532467524 -0.16623376623376618 -0.2222222222222222 0.3055555555555556 -0.051948051948051965 -0.1610389610389611 0.07272727272727275 -0.2222222222222222 -0.16666666666666663 -0.018181818181818077 -0.07532467532467524 -0.09870129870129873 -0.3055555555555556 -0.16666666666666663 -0.22337662337662334 -0.051948051948051965 -0.1324675324675324 0.08333333333333348 0.25 -0.023376623376623384 -0.19999999999999996 -0.16623376623376618 

svm-def
-0.3055555555555556 -0.11111111111111116 -0.19999999999999996 -0.22857142857142854 -0.22857142857142854 -0.25 -0.19444444444444442 -0.11428571428571432 -0.3142857142857143 -0.1428571428571429 -0.3055555555555556 -0.16666666666666663 -0.19999999999999996 -0.22857142857142854 -0.34285714285714286 -0.2777777777777778 -0.16666666666666663 -0.3142857142857143 -0.11428571428571432 -0.2571428571428571 -0.2777777777777778 -0.13888888888888884 -0.11428571428571432 -0.19999999999999996 -0.22857142857142854 

svm-cfs
-0.2222222222222222 -0.11111111111111116 -0.17142857142857137 -0.22857142857142854 -0.16623376623376618 -0.2777777777777778 -0.13888888888888884 -0.11428571428571432 -0.1610389610389611 -0.051948051948051965 -0.16666666666666674 -0.16666666666666663 -0.19999999999999996 -0.1610389610389611 -0.09870129870129873 -0.3055555555555556 -0.16666666666666663 -0.22337662337662334 -0.08571428571428574 -0.19480519480519476 -0.19444444444444453 -0.08333333333333326 -0.11428571428571432 -0.04675324675324677 -0.1376623376623376 

svm-dtf
0.0 0.0 0.0 0.0051948051948051965 -0.023376623376623384 -0.08333333333333326 -0.02777777777777779 -0.05714285714285716 -0.05714285714285716 0.033766233766233666 0.0 0.02777777777777768 -0.02857142857142858 -0.11428571428571432 0.06233766233766236 -0.13888888888888884 0.16666666666666674 -0.02857142857142858 0.0 -0.05714285714285716 -0.11111111111111116 -0.02777777777777779 0.033766233766233666 -0.02857142857142858 -0.023376623376623384 

svm-svmf
-0.08333333333333326 0.0 -0.023376623376623384 0.01558441558441559 0.1298701298701297 -0.08333333333333326 0.0 0.12467532467532472 0.1298701298701297 0.1298701298701297 -0.08333333333333337 0.02777777777777768 -0.02857142857142858 -0.018181818181818077 0.1298701298701297 0.0 -0.02777777777777779 -0.051948051948051965 0.18181818181818188 -0.018181818181818077 0.22222222222222232 0.0 -0.05714285714285716 -0.05714285714285716 0.09610389610389602 

