oner-def
-0.11111111111111133 0.4666666666666667 0.14285714285714304 0.46153846153846145 0.4166666666666667 0.11111111111111105 0.5333333333333333 0.2727272727272727 -0.22222222222222232 -0.10000000000000012 0.5333333333333333 0.5384615384615383 0.09090909090909083 0.18181818181818188 0.2 0.18181818181818193 0.0 0.30769230769230776 0.30769230769230776 0.0 0.09090909090909084 -0.09090909090909084 0.46153846153846145 0.36363636363636354 0.2 

oner-cfs
-0.3333333333333334 0.4000000000000001 -0.1428571428571427 0.46153846153846145 0.25 0.0 0.5333333333333333 0.0 -0.22222222222222232 0.2 0.4000000000000001 0.3846153846153846 0.0 0.18181818181818188 0.09999999999999988 0.09090909090909084 0.27272727272727276 0.2307692307692307 0.46153846153846145 0.12499999999999985 0.27272727272727276 -0.09090909090909084 0.0 0.2727272727272727 0.2 

oner-dtf
-0.3333333333333334 0.4000000000000001 0.14285714285714304 0.30769230769230776 0.25 -0.22222222222222238 0.4000000000000001 0.36363636363636354 -0.22222222222222232 0.09999999999999988 0.4666666666666667 0.5384615384615383 0.18181818181818188 0.0 0.2 0.18181818181818193 0.18181818181818193 0.2307692307692307 0.30769230769230776 -0.12500000000000014 0.09090909090909084 -0.09090909090909084 0.0 0.2727272727272727 0.0 

oner-svmf
-0.3333333333333334 0.26666666666666666 0.0 0.46153846153846145 0.4166666666666667 0.11111111111111105 0.26666666666666666 0.2727272727272727 -0.22222222222222232 0.4 0.4666666666666667 -0.15384615384615383 0.18181818181818188 0.36363636363636354 0.2999999999999999 0.18181818181818193 0.18181818181818193 0.2307692307692307 0.30769230769230776 -0.12500000000000014 0.09090909090909084 0.18181818181818193 0.30769230769230776 0.4545454545454546 0.2999999999999999 

