oner-def
0.375 0.42857142857142855 0.625 0.46153846153846156 0.46153846153846156 0.5555555555555556 0.5333333333333333 0.42857142857142855 0.26666666666666666 0.47619047619047616 0.5333333333333333 0.6666666666666666 0.5 0.3076923076923077 0.3333333333333333 0.4 0.15384615384615385 0.47058823529411764 0.3076923076923077 0.42857142857142855 0.5 0.45454545454545453 0.5882352941176471 0.46153846153846156 0.3333333333333333 

oner-cfs
0.0 0.47058823529411764 0.2 0.46153846153846156 0.0 0.5714285714285714 0.5333333333333333 0.42105263157894735 0.26666666666666666 0.2 0.18181818181818182 0.5555555555555556 0.5217391304347826 0.47058823529411764 0.18181818181818182 0.16666666666666666 0.42857142857142855 0.4444444444444444 0.36363636363636365 0.5333333333333333 0.5 0.45454545454545453 0.23529411764705882 0.2 0.2 

oner-dtf
0.0 0.18181818181818182 0.625 0.4 0.0 0.35294117647058826 0.6086956521739131 0.5333333333333333 0.26666666666666666 0.0 0.42857142857142855 0.6666666666666666 0.0 0.42105263157894735 0.2 0.4 0.18181818181818182 0.4444444444444444 0.0 0.18181818181818182 0.0 0.45454545454545453 0.23529411764705882 0.2 0.0 

oner-svmf
0.45454545454545453 0.47619047619047616 0.631578947368421 0.46153846153846156 0.5882352941176471 0.5555555555555556 0.47619047619047616 0.42857142857142855 0.26666666666666666 0.7 0.42857142857142855 0.4444444444444444 0.0 0.5333333333333333 0.36363636363636365 0.47058823529411764 0.18181818181818182 0.4444444444444444 0.47058823529411764 0.0 0.0 0.18181818181818182 0.3076923076923077 0.5 0.46153846153846156 

