rf-def
0.038461538461538325 0.4461538461538461 0.09401709401709413 0.5897435897435899 0.22222222222222232 0.1923076923076923 0.523076923076923 0.1367521367521367 0.2136752136752138 0.4166666666666665 0.24615384615384617 0.39230769230769225 0.29059829059829045 0.5897435897435899 0.2777777777777777 0.4461538461538461 0.22307692307692317 0.05982905982905984 0.24786324786324787 0.3055555555555556 0.29230769230769216 0.09230769230769242 0.17948717948717952 0.5470085470085471 0.33333333333333326 

rf-cfs
-0.06153846153846154 0.24615384615384617 0.4358974358974359 0.36752136752136755 -0.02777777777777779 0.46923076923076934 0.523076923076923 0.24786324786324787 0.33333333333333326 0.19444444444444442 0.14615384615384608 0.29230769230769216 -0.042735042735042805 0.32478632478632496 -0.02777777777777779 0.09230769230769242 0.0692307692307692 0.3931623931623931 0.5128205128205128 0.08333333333333326 0.523076923076923 0.1692307692307693 -0.05128205128205132 0.4786324786324787 0.3055555555555556 

rf-dtf
0.3153846153846154 0.2384615384615385 0.017094017094017033 0.2136752136752138 0.05555555555555558 0.1384615384615384 0.1692307692307693 0.09401709401709413 -0.09401709401709402 -0.22222222222222232 -0.11538461538461542 0.41538461538461546 0.17948717948717952 0.10256410256410264 0.2777777777777777 0.1615384615384614 0.023076923076923217 -0.008547008547008517 0.4017094017094016 0.08333333333333326 0.32307692307692326 0.2153846153846155 -0.11965811965811968 0.811965811965812 0.08333333333333326 

rf-svmf
0.36923076923076925 0.1692307692307693 0.05982905982905984 0.4017094017094016 0.3055555555555556 0.49230769230769234 0.29230769230769216 0.28205128205128194 0.32478632478632496 0.2777777777777777 0.01538461538461533 0.1615384615384614 0.17948717948717952 0.29059829059829045 0.33333333333333326 0.26923076923076916 0.14615384615384608 0.24786324786324787 0.2136752136752138 0.4444444444444444 0.36923076923076925 0.01538461538461533 -0.16239316239316237 0.4786324786324787 -0.2777777777777778 

