cart-def
0.23839949565094976 0.38939339867916506 0.6059642204152037 0.31894201977855197 0.41013397389537226 0.22877342089173924 0.2880253111822932 0.4119001969238116 0.5733507634614845 0.43077951164641176 0.38939339867916506 0.38924141061768464 0.4253800730984377 0.22653603898630034 0.4581228472908512 0.32653823502755575 0.4545626677752048 0.3207691282870975 0.3822338423076564 0.43077951164641176 0.3923830998417492 0.5682944482235041 0.6135418753792518 0.26838151227534324 0.5034602488997738 

cart-cfs
0.48115369243064626 0.4379889490919003 0.4948784375799688 0.16628270477216853 0.485912657903775 0.3449123034068517 0.17842174622681853 0.3207691282870975 0.40762152443283495 0.3868996743662255 0.4151352527869789 0.5352652386804555 0.4988481143165056 0.35410824762165116 0.6538112386633232 0.42426406871192845 0.4379889490919003 0.4777923028845704 0.3822338423076564 0.2832788618662658 0.25949427374512307 0.5682944482235041 0.4490637658070732 0.4025722684130149 0.43077951164641176 

cart-dtf
0.5606684514274327 0.43186673377286766 0.4936961072359684 0.4253800730984377 0.5776842873079283 0.3923830998417492 0.2880253111822932 0.510715051074438 0.6135418753792518 0.485912657903775 0.4151352527869789 0.32653823502755575 0.4988481143165056 0.4530720779726007 0.3605765273818658 0.4460543655670462 0.6387163532286119 0.5606277332857306 0.35410824762165116 0.5034602488997738 0.4277365776756259 0.38939339867916506 0.6493758136318083 0.24189695210401546 0.3605765273818658 

cart-svmf
0.3449123034068517 0.5700617634968893 0.4777923028845704 0.35410824762165116 0.3356401659331825 0.4151352527869789 0.4743104618297845 0.3598889448107231 0.4253800730984377 0.2946278254943948 0.4379889490919003 0.6244761117938646 0.573669203232473 0.4777923028845704 0.3605765273818658 0.564769419357511 0.3449123034068517 0.5191911982388868 0.3822338423076564 0.3333333333333333 0.30387049561697965 0.4460543655670462 0.2595955991194434 0.28667538173074225 0.4750730937913075 

