cart-def
0.782608695652174 0.6521739130434783 0.4090909090909091 0.7727272727272727 0.6666666666666666 0.782608695652174 0.782608695652174 0.5909090909090909 0.45454545454545453 0.5714285714285714 0.6521739130434783 0.6086956521739131 0.6363636363636364 0.7727272727272727 0.5714285714285714 0.6956521739130435 0.6086956521739131 0.6818181818181818 0.6363636363636364 0.5714285714285714 0.6086956521739131 0.6086956521739131 0.45454545454545453 0.7272727272727273 0.5714285714285714 

cart-cfs
0.5217391304347826 0.6521739130434783 0.5 0.8636363636363636 0.6190476190476191 0.6521739130434783 0.8260869565217391 0.6818181818181818 0.6818181818181818 0.6190476190476191 0.6086956521739131 0.4782608695652174 0.5909090909090909 0.6818181818181818 0.38095238095238093 0.7391304347826086 0.6521739130434783 0.5454545454545454 0.6363636363636364 0.7142857142857143 0.7391304347826086 0.6086956521739131 0.5909090909090909 0.5909090909090909 0.5714285714285714 

cart-dtf
0.43478260869565216 0.5652173913043478 0.5 0.6363636363636364 0.5238095238095238 0.6086956521739131 0.782608695652174 0.5 0.45454545454545453 0.6190476190476191 0.6086956521739131 0.6956521739130435 0.5909090909090909 0.5454545454545454 0.6666666666666666 0.5652173913043478 0.5652173913043478 0.5909090909090909 0.6818181818181818 0.5714285714285714 0.6956521739130435 0.6521739130434783 0.5 0.8181818181818182 0.6666666666666666 

cart-svmf
0.6521739130434783 0.43478260869565216 0.5454545454545454 0.6818181818181818 0.7142857142857143 0.6086956521739131 0.5217391304347826 0.6363636363636364 0.6363636363636364 0.7142857142857143 0.6521739130434783 0.391304347826087 0.5454545454545454 0.5454545454545454 0.6666666666666666 0.4782608695652174 0.6521739130434783 0.5454545454545454 0.6363636363636364 0.6666666666666666 0.6956521739130435 0.5652173913043478 0.7727272727272727 0.7272727272727273 0.5238095238095238 

