rand-def
0.5833333333333334 0.6111111111111112 0.5714285714285714 0.5428571428571428 0.6 0.6388888888888888 0.5555555555555556 0.6571428571428571 0.6285714285714286 0.6571428571428571 0.6111111111111112 0.6388888888888888 0.5714285714285714 0.5714285714285714 0.5428571428571428 0.6111111111111112 0.5555555555555556 0.5428571428571428 0.6 0.5428571428571428 0.6111111111111112 0.6388888888888888 0.6285714285714286 0.5714285714285714 0.6 

oner-def
0.3888888888888889 0.1111111111111111 0.22857142857142856 0.3142857142857143 0.3142857142857143 0.3611111111111111 0.2777777777777778 0.17142857142857143 0.42857142857142855 0.2 0.3888888888888889 0.19444444444444445 0.22857142857142856 0.2571428571428571 0.4 0.3055555555555556 0.19444444444444445 0.34285714285714286 0.17142857142857143 0.34285714285714286 0.4444444444444444 0.2222222222222222 0.2571428571428571 0.22857142857142856 0.2857142857142857 

cart-def
0.3611111111111111 0.1388888888888889 0.2571428571428571 0.2571428571428571 0.3142857142857143 0.3055555555555556 0.2222222222222222 0.17142857142857143 0.4 0.14285714285714285 0.3055555555555556 0.16666666666666666 0.2 0.2571428571428571 0.34285714285714286 0.3333333333333333 0.16666666666666666 0.34285714285714286 0.11428571428571428 0.34285714285714286 0.3611111111111111 0.16666666666666666 0.17142857142857143 0.2 0.2857142857142857 

cart-cfs
0.3611111111111111 0.1111111111111111 0.2571428571428571 0.3142857142857143 0.3142857142857143 0.2777777777777778 0.2777777777777778 0.14285714285714285 0.34285714285714286 0.2 0.3333333333333333 0.16666666666666666 0.2 0.2571428571428571 0.37142857142857144 0.3055555555555556 0.19444444444444445 0.3142857142857143 0.11428571428571428 0.3142857142857143 0.3611111111111111 0.16666666666666666 0.17142857142857143 0.22857142857142856 0.2857142857142857 

cart-dtf
0.4444444444444444 0.2777777777777778 0.17142857142857143 0.22857142857142856 0.37142857142857144 0.5 0.4722222222222222 0.14285714285714285 0.34285714285714286 0.14285714285714285 0.6111111111111112 0.19444444444444445 0.2571428571428571 0.22857142857142856 0.3142857142857143 0.3055555555555556 0.2222222222222222 0.2857142857142857 0.22857142857142856 0.5714285714285714 0.3333333333333333 0.4722222222222222 0.14285714285714285 0.5714285714285714 0.4 

cart-svmf
0.3611111111111111 0.1111111111111111 0.2 0.2571428571428571 0.2857142857142857 0.3055555555555556 0.3055555555555556 0.17142857142857143 0.4 0.17142857142857143 0.3333333333333333 0.16666666666666666 0.2 0.34285714285714286 0.37142857142857144 0.3055555555555556 0.25 0.3142857142857143 0.14285714285714285 0.2857142857142857 0.4166666666666667 0.16666666666666666 0.14285714285714285 0.2 0.2857142857142857 

nb-def
0.25 0.05555555555555555 0.11428571428571428 0.17142857142857143 0.17142857142857143 0.16666666666666666 0.16666666666666666 0.14285714285714285 0.22857142857142856 0.08571428571428572 0.2222222222222222 0.1388888888888889 0.14285714285714285 0.22857142857142856 0.22857142857142856 0.2777777777777778 0.1111111111111111 0.3142857142857143 0.08571428571428572 0.11428571428571428 0.3611111111111111 0.16666666666666666 0.08571428571428572 0.17142857142857143 0.14285714285714285 

nb-cfs
0.2222222222222222 0.1111111111111111 0.17142857142857143 0.2571428571428571 0.2571428571428571 0.2777777777777778 0.25 0.14285714285714285 0.2 0.17142857142857143 0.25 0.19444444444444445 0.11428571428571428 0.34285714285714286 0.37142857142857144 0.25 0.1388888888888889 0.34285714285714286 0.05714285714285714 0.22857142857142856 0.3055555555555556 0.1388888888888889 0.14285714285714285 0.17142857142857143 0.37142857142857144 

nb-dtf
0.05555555555555555 0.3333333333333333 0.17142857142857143 0.5714285714285714 0.9428571428571428 0.16666666666666666 0.8611111111111112 0.9142857142857143 0.11428571428571428 0.17142857142857143 0.1111111111111111 0.1388888888888889 0.4 0.14285714285714285 0.4857142857142857 0.7777777777777778 0.3888888888888889 0.5142857142857142 0.8 0.14285714285714285 0.25 0.9166666666666666 0.11428571428571428 0.02857142857142857 1.0 

nb-svmf
0.25 0.3333333333333333 0.17142857142857143 0.2857142857142857 0.45714285714285713 0.1111111111111111 0.3055555555555556 0.5714285714285714 0.2571428571428571 0.14285714285714285 0.3611111111111111 0.25 0.4 0.22857142857142856 0.6 0.25 0.2222222222222222 0.4857142857142857 0.2571428571428571 0.05714285714285714 0.3611111111111111 0.3333333333333333 0.22857142857142856 0.08571428571428572 0.5142857142857142 

rf-def
0.3888888888888889 0.1111111111111111 0.22857142857142856 0.22857142857142856 0.3142857142857143 0.3611111111111111 0.2777777777777778 0.2 0.34285714285714286 0.2 0.3333333333333333 0.16666666666666666 0.2 0.2571428571428571 0.37142857142857144 0.3055555555555556 0.19444444444444445 0.34285714285714286 0.14285714285714285 0.37142857142857144 0.4166666666666667 0.19444444444444445 0.17142857142857143 0.2 0.3142857142857143 

rf-cfs
0.3888888888888889 0.1111111111111111 0.2571428571428571 0.3142857142857143 0.3142857142857143 0.3611111111111111 0.2777777777777778 0.2 0.34285714285714286 0.2 0.3611111111111111 0.19444444444444445 0.2 0.2571428571428571 0.37142857142857144 0.3055555555555556 0.19444444444444445 0.34285714285714286 0.14285714285714285 0.37142857142857144 0.4166666666666667 0.19444444444444445 0.2 0.22857142857142856 0.2857142857142857 

rf-dtf
0.4444444444444444 0.2777777777777778 0.17142857142857143 0.22857142857142856 0.37142857142857144 0.5 0.4722222222222222 0.14285714285714285 0.2857142857142857 0.14285714285714285 0.6111111111111112 0.19444444444444445 0.2571428571428571 0.22857142857142856 0.3142857142857143 0.3055555555555556 0.16666666666666666 0.34285714285714286 0.22857142857142856 0.6 0.3333333333333333 0.4722222222222222 0.14285714285714285 0.5714285714285714 0.4 

rf-svmf
0.3611111111111111 0.1111111111111111 0.2 0.2571428571428571 0.2857142857142857 0.3055555555555556 0.2777777777777778 0.2 0.34285714285714286 0.2 0.3055555555555556 0.16666666666666666 0.2 0.34285714285714286 0.37142857142857144 0.3055555555555556 0.25 0.3142857142857143 0.14285714285714285 0.3142857142857143 0.4166666666666667 0.16666666666666666 0.14285714285714285 0.2 0.3142857142857143 

svm-def
0.5 0.3611111111111111 0.4 0.37142857142857144 0.5142857142857142 0.4166666666666667 0.4444444444444444 0.3142857142857143 0.45714285714285713 0.2857142857142857 0.4166666666666667 0.2777777777777778 0.3142857142857143 0.45714285714285713 0.4 0.5 0.3333333333333333 0.42857142857142855 0.3142857142857143 0.4 0.6388888888888888 0.3888888888888889 0.3142857142857143 0.34285714285714286 0.42857142857142855 

svm-cfs
0.5 0.16666666666666666 0.2571428571428571 0.3142857142857143 0.42857142857142855 0.3611111111111111 0.2777777777777778 0.2 0.45714285714285713 0.2 0.3611111111111111 0.19444444444444445 0.22857142857142856 0.34285714285714286 0.37142857142857144 0.3055555555555556 0.25 0.37142857142857144 0.17142857142857143 0.37142857142857144 0.4444444444444444 0.19444444444444445 0.2 0.22857142857142856 0.3142857142857143 

svm-dtf
0.16666666666666666 0.25 0.14285714285714285 0.2 0.3142857142857143 0.19444444444444445 0.6944444444444444 0.14285714285714285 0.2571428571428571 0.17142857142857143 0.08333333333333333 0.1388888888888889 0.22857142857142856 0.22857142857142856 0.2857142857142857 0.2777777777777778 0.16666666666666666 0.8 0.05714285714285714 0.6 0.8333333333333334 0.4722222222222222 0.08571428571428572 0.6 0.2571428571428571 

svm-svmf
0.3611111111111111 0.25 0.2857142857142857 0.34285714285714286 0.4 0.2777777777777778 0.1388888888888889 0.2857142857142857 0.45714285714285713 0.2 0.3055555555555556 0.2777777777777778 0.22857142857142856 0.2571428571428571 0.37142857142857144 0.3888888888888889 0.2222222222222222 0.45714285714285713 0.2 0.45714285714285713 0.4444444444444444 0.3055555555555556 0.2571428571428571 0.5428571428571428 0.4 

