rand-def
0.4750730937913075 0.5230047328822981 0.47893737440482526 0.42957772453903875 0.5322647697565253 0.5736632341128717 0.43077951164641176 0.6468366920559732 0.5884822435610743 0.6468366920559732 0.5230047328822981 0.5736632341128717 0.47893737440482526 0.47893737440482526 0.42957772453903875 0.5230047328822981 0.43077951164641176 0.42957772453903875 0.5322647697565253 0.42957772453903875 0.5230047328822981 0.5736632341128717 0.5884822435610743 0.47893737440482526 0.5322647697565253 

oner-def
0.27498597046143514 0.07856742013183861 0.16162440712835371 0.2313438706925245 0.22223355980148635 0.25534411542847546 0.20506698694768613 0.12121830534626528 0.3030457633656632 0.1414213562373095 0.27498597046143514 0.14958791130929178 0.16162440712835371 0.1818274580193979 0.282842712474619 0.2160604053625562 0.13749298523071757 0.35339950860664826 0.12121830534626528 0.24243661069253056 0.3197462342561483 0.15713484026367722 0.1818274580193979 0.16162440712835371 0.20203050891044214 

oner-cfs
0.31426968052735443 0.09820927516479827 0.16162440712835371 0.2313438706925245 0.22223355980148635 0.25534411542847546 0.20506698694768613 0.12121830534626528 0.3030457633656632 0.1414213562373095 0.25534411542847546 0.14958791130929178 0.16162440712835371 0.1818274580193979 0.282842712474619 0.3197462342561483 0.13749298523071757 0.35339950860664826 0.1414213562373095 0.26263966158357477 0.3197462342561483 0.15713484026367722 0.1818274580193979 0.16162440712835371 0.20203050891044214 

oner-dtf
0.6508541396588877 0.6201975989379475 0.5205702855160419 0.5585925498079627 0.647884058100495 0.589582924355309 0.5335936864527373 0.5788945560868223 0.7073953373222827 0.5283528058677986 0.6484787516627083 0.652925515196842 0.5872944963425981 0.5841586736893931 0.4703881044387031 0.4479032082388083 0.4750730937913075 0.711709640404637 0.49050694722133126 0.6094909106627175 0.5432668671002207 0.652925515196842 0.6456753130510898 0.6860413427042695 0.5841586736893931 

oner-svmf
0.5335936864527373 0.27498597046143514 0.5454576375917302 0.22223355980148635 0.46467017049401693 0.4321208107251124 0.41013397389537226 0.4444671196029727 0.4848732213850611 0.32957856016938664 0.5892556509887896 0.44139579394640843 0.4848732213850611 0.6262945776223706 0.38385796692984003 0.4289845892077917 0.31426968052735443 0.565685424949238 0.4091424416109965 0.4240214991510261 0.3197462342561483 0.3004626062886658 0.4444671196029727 0.5252793231671495 0.42426406871192845 

cart-def
0.5361183073782995 0.7138942931053553 0.6064420568293799 0.6680451818445093 0.5602236740975841 0.6832429931249356 0.5531196597705521 0.6541536654692749 0.586909541511599 0.7142857142857143 0.6276179737608335 0.7168604389202188 0.658196885814471 0.6680451818445093 0.6272848268575724 0.7453559924999299 0.7168604389202188 0.6272848268575724 0.5205702855160419 0.5685405175723512 0.5886005583449191 0.5432668671002207 0.5911045773403157 0.658196885814471 0.6128026357093 

cart-cfs
0.5361183073782995 0.7114582486036498 0.6680451818445093 0.5602236740975841 0.5602236740975841 0.7338802674234948 0.5106882308569509 0.7142857142857143 0.6272848268575724 0.59557597651488 0.6346477588219923 0.7168604389202188 0.658196885814471 0.6680451818445093 0.5774447174873886 0.7393795363447868 0.6626033578820312 0.6801550526151434 0.647884058100495 0.6801550526151434 0.6422015567609384 0.6588078458684123 0.5911045773403157 0.662831494028052 0.6128026357093 

cart-dtf
0.6164539172547818 0.30681558381075724 0.5283528058677986 0.6006939260399132 0.6353663003641187 0.7383352144445562 0.5776842873079283 0.39870341384438307 0.5111309509773956 0.5240867214021058 0.558326423395605 0.6050839141886657 0.26504963145498617 0.5390596060705598 0.5018636208622976 0.572653559113564 0.3868996743662255 0.6128026357093 0.47812319314436846 0.5163052306982914 0.5803495115493383 0.5776842873079283 0.6507128568950522 0.6540092629617751 0.5314878538997624 

cart-svmf
0.5886005583449191 0.7114582486036498 0.7211102550927978 0.6680451818445093 0.6128026357093 0.6832429931249356 0.6276179737608335 0.6541536654692749 0.6439803908518122 0.6541536654692749 0.6346477588219923 0.7168604389202188 0.7211102550927978 0.6870215795009276 0.6353663003641187 0.7393795363447868 0.6718548123582124 0.6801550526151434 0.6507128568950522 0.6738245075881998 0.5559026693385972 0.6588078458684123 0.6507128568950522 0.7211102550927978 0.6128026357093 

nb-def
0.3435921354681384 0.29723520220878746 0.331415747014026 0.4660184721596297 0.4042947045529199 0.485912657903775 0.31732387941099616 0.39870341384438307 0.359761357157156 0.3904277141370313 0.3868996743662255 0.48152599509332544 0.2762603556647097 0.3037073450855785 0.359761357157156 0.35409857733283234 0.36217791140014716 0.5018636208622976 0.2641764029338993 0.3940697182268771 0.3898796902116166 0.31732387941099616 0.6456753130510898 0.4042947045529199 0.39870341384438307 

nb-cfs
0.3868996743662255 0.07856742013183861 0.3435107897504638 0.4853252139882813 0.314923684357234 0.35409857733283234 0.21245914639969934 0.21770200797714553 0.15534552264213694 0.3435107897504638 0.3952847075210474 0.2728733708942847 0.331415747014026 0.3097831384189748 0.29241839452498436 0.25 0.1145307118227128 0.35339950860664826 0.13476490151763995 0.359761357157156 0.3653596232768307 0.25534411542847546 0.3369122537940999 0.22778050881418388 0.46662610558695394 

nb-dtf
0.6493705404200533 0.2946278254943948 0.5283528058677986 0.4091424416109965 0.6697925255803665 0.5432668671002207 0.6529255151968422 0.6496856278835388 0.647884058100495 0.5283528058677986 0.47790695928014587 0.3669401337117474 0.290055566064433 0.5872944963425981 0.42903949253280654 0.5776842873079283 0.4030171702374141 0.5300992629099723 0.580111132128866 0.5872944963425981 0.6152009608430584 0.6481812160876685 0.647884058100495 0.6431417446886603 0.7186994682200861 

nb-svmf
0.25 0.2946278254943948 0.4660184721596297 0.3796341813569731 0.32957856016938664 0.47790695928014587 0.3197462342561483 0.4091424416109965 0.26504963145498617 0.16350231574044377 0.31056499687497074 0.25 0.290055566064433 0.47812319314436846 0.4433158305540585 0.3952847075210474 0.19641855032959654 0.42903949253280654 0.314923684357234 0.6440930007049387 0.31056499687497074 0.2946278254943948 0.20652209227931653 0.5178187707153058 0.4116248056225617 

rf-def
0.4957380082659652 0.5944704044175749 0.6006939260399132 0.7253429871306345 0.5602236740975841 0.5886005583449191 0.4044505494044732 0.5333505506862773 0.5685405175723512 0.5333505506862773 0.5803495115493383 0.6588078458684123 0.658196885814471 0.6680451818445093 0.5774447174873886 0.6832429931249356 0.6626033578820312 0.6272848268575724 0.46117612739129094 0.5210172076618101 0.5068968775248516 0.43479099562495915 0.5283528058677986 0.658196885814471 0.5602236740975841 

rf-cfs
0.4957380082659652 0.5944704044175749 0.5454576375917302 0.5018636208622976 0.4451382770337248 0.5361183073782995 0.35409857733283234 0.47167715531173987 0.5685405175723512 0.47167715531173987 0.5361183073782995 0.6050839141886657 0.658196885814471 0.6064420568293799 0.5774447174873886 0.6276179737608335 0.5478634145365561 0.6272848268575724 0.46117612739129094 0.5210172076618101 0.46022337571613586 0.37934723010410176 0.41080449191618185 0.5390596060705598 0.5525207113294194 

rf-dtf
0.6164539172547818 0.30681558381075724 0.5283528058677986 0.5390596060705598 0.5774447174873886 0.6871842709362768 0.5776842873079283 0.39870341384438307 0.4932501042813751 0.5240867214021058 0.558326423395605 0.6050839141886657 0.26504963145498617 0.5390596060705598 0.5018636208622976 0.4143453858382305 0.37267799624996495 0.6272848268575724 0.47812319314436846 0.5322647697565253 0.4750730937913075 0.4863094833336554 0.6507128568950522 0.6540092629617751 0.5314878538997624 

rf-svmf
0.5361183073782995 0.652925515196842 0.59557597651488 0.6064420568293799 0.5525207113294194 0.6832429931249356 0.35409857733283234 0.47167715531173987 0.5685405175723512 0.5333505506862773 0.6276179737608335 0.6588078458684123 0.47167715531173987 0.6272848268575724 0.5774447174873886 0.6832429931249356 0.6152009608430584 0.6801550526151434 0.5240867214021058 0.5602236740975841 0.46022337571613586 0.5432668671002207 0.5872944963425981 0.658196885814471 0.5018636208622976 

svm-def
0.5432668671002208 0.5361183073782995 0.586909541511599 0.5210172076618101 0.629847368714468 0.5559026693385972 0.43077951164641176 0.5018636208622976 0.607414690171157 0.5525207113294194 0.5068968775248516 0.565535363097287 0.6801550526151434 0.719522714314312 0.586909541511599 0.6373774391990981 0.6897060565519519 0.49050694722133126 0.5018636208622976 0.5314878538997624 0.5393468844152111 0.4957380082659652 0.5018636208622976 0.5111309509773956 0.5969083217808517 

svm-cfs
0.5432668671002208 0.37267799624996495 0.22268845975853938 0.4451382770337248 0.4417493857583103 0.43611995744743276 0.26425413320056174 0.23914448069028918 0.607414690171157 0.2934547707557995 0.5361183073782995 0.43479099562495915 0.662831494028052 0.35339950860664826 0.5774447174873886 0.5185598528498463 0.5034602488997738 0.46662610558695394 0.4042947045529199 0.3258368832427704 0.3928371006591931 0.3251305530755451 0.3511492348332357 0.3037073450855785 0.39076020808931883 

svm-dtf
0.485912657903775 0.2946278254943948 0.46117612739129094 0.5333505506862773 0.5602236740975841 0.5478634145365561 0.6050839141886656 0.39870341384438307 0.5454576375917302 0.5283528058677986 0.5921946001479956 0.5393468844152111 0.25161981564300523 0.359761357157156 0.4932501042813751 0.4044505494044732 0.37267799624996495 0.5693261204309519 0.515844417415348 0.4961004963506273 0.6009252125773316 0.4453116539411499 0.6456753130510898 0.573376255680781 0.5454576375917302 

svm-svmf
0.5361183073782995 0.2946278254943948 0.43540401595429107 0.2744165370817079 0.3106910452842739 0.30681558381075724 0.42400937562427077 0.21201074957551305 0.32957856016938664 0.47167715531173987 0.465640405951117 0.35409857733283234 0.25161981564300523 0.5454576375917302 0.3258368832427704 0.4479032082388083 0.44139579394640843 0.41304418455863307 0.3511492348332357 0.32957856016938664 0.3197462342561483 0.3197462342561483 0.5454576375917302 0.5441573939165234 0.4281422487024224 

