rand-def
0.4791666666666667 0.4375 0.4782608695652174 0.5217391304347826 0.43478260869565216 0.3958333333333333 0.5208333333333334 0.34782608695652173 0.391304347826087 0.34782608695652173 0.4375 0.3958333333333333 0.4782608695652174 0.4782608695652174 0.5217391304347826 0.4375 0.5208333333333334 0.5217391304347826 0.43478260869565216 0.5217391304347826 0.4375 0.3958333333333333 0.391304347826087 0.4782608695652174 0.43478260869565216 

oner-def
0.7083333333333334 0.9166666666666666 0.8260869565217391 0.7391304347826086 0.7608695652173914 0.7291666666666666 0.7708333333333334 0.8695652173913043 0.6739130434782609 0.8478260869565217 0.7083333333333334 0.8333333333333334 0.8260869565217391 0.8043478260869565 0.6956521739130435 0.7708333333333334 0.8541666666666666 0.6521739130434783 0.8695652173913043 0.7391304347826086 0.6458333333333334 0.8333333333333334 0.8043478260869565 0.8260869565217391 0.782608695652174 

oner-cfs
0.6666666666666666 0.8958333333333334 0.8260869565217391 0.7391304347826086 0.7608695652173914 0.7291666666666666 0.7708333333333334 0.8695652173913043 0.6739130434782609 0.8478260869565217 0.7291666666666666 0.8333333333333334 0.8260869565217391 0.8043478260869565 0.6956521739130435 0.6875 0.8541666666666666 0.6521739130434783 0.8478260869565217 0.717391304347826 0.6458333333333334 0.8333333333333334 0.8043478260869565 0.8260869565217391 0.782608695652174 

oner-dtf
0.7083333333333334 0.3125 0.7391304347826086 0.43478260869565216 0.6956521739130435 0.7708333333333334 0.75 0.782608695652174 0.7391304347826086 0.6956521739130435 0.75 0.6875 0.6956521739130435 0.717391304347826 0.5217391304347826 0.5 0.4791666666666667 0.6739130434782609 0.5434782608695652 0.32608695652173914 0.6875 0.6875 0.717391304347826 0.2391304347826087 0.717391304347826 

oner-svmf
0.4166666666666667 0.7083333333333334 0.6304347826086957 0.7608695652173914 0.5 0.5416666666666666 0.5416666666666666 0.5217391304347826 0.4782608695652174 0.6304347826086957 0.375 0.5208333333333334 0.4782608695652174 0.32608695652173914 0.5869565217391305 0.5208333333333334 0.6666666666666666 0.391304347826087 0.5434782608695652 0.5217391304347826 0.6458333333333334 0.6666666666666666 0.5217391304347826 0.43478260869565216 0.5434782608695652 

cart-def
0.5625 0.6458333333333334 0.6086956521739131 0.5869565217391305 0.5869565217391305 0.5416666666666666 0.6458333333333334 0.6521739130434783 0.5217391304347826 0.6521739130434783 0.5625 0.625 0.6304347826086957 0.5869565217391305 0.5434782608695652 0.5 0.625 0.5434782608695652 0.7391304347826086 0.5652173913043478 0.5416666666666666 0.6875 0.6739130434782609 0.6304347826086957 0.5869565217391305 

cart-cfs
0.5625 0.6666666666666666 0.5869565217391305 0.5869565217391305 0.5869565217391305 0.5416666666666666 0.625 0.6521739130434783 0.5434782608695652 0.6521739130434783 0.5416666666666666 0.625 0.6304347826086957 0.5869565217391305 0.5434782608695652 0.5208333333333334 0.625 0.5434782608695652 0.6956521739130435 0.5434782608695652 0.5208333333333334 0.6458333333333334 0.6739130434782609 0.6086956521739131 0.5869565217391305 

cart-dtf
0.4791666666666667 0.7083333333333334 0.6956521739130435 0.6304347826086957 0.5217391304347826 0.3958333333333333 0.4791666666666667 0.7608695652173914 0.5869565217391305 0.717391304347826 0.4166666666666667 0.6458333333333334 0.7391304347826086 0.6521739130434783 0.6086956521739131 0.5833333333333334 0.7083333333333334 0.5869565217391305 0.6739130434782609 0.45652173913043476 0.5625 0.4791666666666667 0.6739130434782609 0.391304347826087 0.5434782608695652 

cart-svmf
0.5416666666666666 0.6666666666666666 0.6086956521739131 0.5869565217391305 0.5869565217391305 0.5416666666666666 0.5625 0.6521739130434783 0.5 0.6521739130434783 0.5416666666666666 0.625 0.6086956521739131 0.5217391304347826 0.5217391304347826 0.5208333333333334 0.5833333333333334 0.5434782608695652 0.6739130434782609 0.5652173913043478 0.5208333333333334 0.6458333333333334 0.6739130434782609 0.6086956521739131 0.5869565217391305 

nb-def
0.7083333333333334 0.8541666666666666 0.8043478260869565 0.717391304347826 0.7391304347826086 0.7083333333333334 0.7708333333333334 0.7608695652173914 0.717391304347826 0.8043478260869565 0.7083333333333334 0.7291666666666666 0.8043478260869565 0.7391304347826086 0.717391304347826 0.6875 0.7916666666666666 0.6086956521739131 0.8478260869565217 0.782608695652174 0.625 0.7708333333333334 0.717391304347826 0.7391304347826086 0.7608695652173914 

nb-cfs
0.7083333333333334 0.9166666666666666 0.7608695652173914 0.6521739130434783 0.717391304347826 0.6875 0.7708333333333334 0.8260869565217391 0.8260869565217391 0.7608695652173914 0.6875 0.7708333333333334 0.8043478260869565 0.6739130434782609 0.6739130434782609 0.75 0.875 0.6521739130434783 0.9130434782608695 0.717391304347826 0.6666666666666666 0.8125 0.782608695652174 0.8043478260869565 0.5869565217391305 

nb-dtf
0.7291666666666666 0.6875 0.6956521739130435 0.5434782608695652 0.2608695652173913 0.6875 0.2708333333333333 0.2826086956521739 0.6956521739130435 0.6956521739130435 0.75 0.7708333333333334 0.6739130434782609 0.6956521739130435 0.5434782608695652 0.3541666666666667 0.6041666666666666 0.4782608695652174 0.34782608695652173 0.6956521739130435 0.6041666666666666 0.3125 0.6956521739130435 0.7608695652173914 0.1956521739130435 

nb-svmf
0.75 0.6875 0.717391304347826 0.6739130434782609 0.6304347826086957 0.75 0.6875 0.5434782608695652 0.7391304347826086 0.8478260869565217 0.6666666666666666 0.75 0.6739130434782609 0.6739130434782609 0.5 0.6875 0.7916666666666666 0.5434782608695652 0.717391304347826 0.7391304347826086 0.6666666666666666 0.6875 0.782608695652174 0.7608695652173914 0.5434782608695652 

rf-def
0.5625 0.7083333333333334 0.6304347826086957 0.5869565217391305 0.5869565217391305 0.5416666666666666 0.6666666666666666 0.6739130434782609 0.5652173913043478 0.6739130434782609 0.5625 0.6458333333333334 0.6304347826086957 0.5869565217391305 0.5434782608695652 0.5416666666666666 0.625 0.5434782608695652 0.7391304347826086 0.5652173913043478 0.5416666666666666 0.7083333333333334 0.6956521739130435 0.6304347826086957 0.5869565217391305 

rf-cfs
0.5625 0.7083333333333334 0.6304347826086957 0.6086956521739131 0.6304347826086957 0.5625 0.6875 0.6956521739130435 0.5652173913043478 0.6956521739130435 0.5625 0.6458333333333334 0.6304347826086957 0.6086956521739131 0.5434782608695652 0.5625 0.6666666666666666 0.5434782608695652 0.7391304347826086 0.5652173913043478 0.5625 0.7291666666666666 0.717391304347826 0.6521739130434783 0.6086956521739131 

rf-dtf
0.4791666666666667 0.7083333333333334 0.6956521739130435 0.6521739130434783 0.5434782608695652 0.4166666666666667 0.4791666666666667 0.7608695652173914 0.6304347826086957 0.717391304347826 0.4166666666666667 0.6458333333333334 0.7391304347826086 0.6521739130434783 0.6086956521739131 0.6458333333333334 0.75 0.5434782608695652 0.6739130434782609 0.43478260869565216 0.6041666666666666 0.5208333333333334 0.6739130434782609 0.391304347826087 0.5434782608695652 

rf-svmf
0.5625 0.6875 0.6521739130434783 0.6086956521739131 0.6086956521739131 0.5416666666666666 0.6875 0.6956521739130435 0.5652173913043478 0.6739130434782609 0.5625 0.6458333333333334 0.6956521739130435 0.5434782608695652 0.5434782608695652 0.5416666666666666 0.6041666666666666 0.5434782608695652 0.717391304347826 0.5869565217391305 0.5625 0.6875 0.6956521739130435 0.6304347826086957 0.6086956521739131 

svm-def
0.4791666666666667 0.5625 0.5217391304347826 0.5652173913043478 0.43478260869565216 0.5208333333333334 0.5625 0.6086956521739131 0.4782608695652174 0.6086956521739131 0.5416666666666666 0.6041666666666666 0.5434782608695652 0.43478260869565216 0.5217391304347826 0.4375 0.5208333333333334 0.5434782608695652 0.6086956521739131 0.5434782608695652 0.4166666666666667 0.5625 0.6086956521739131 0.5869565217391305 0.5 

svm-cfs
0.4791666666666667 0.75 0.7608695652173914 0.6304347826086957 0.5652173913043478 0.6041666666666666 0.7291666666666666 0.782608695652174 0.4782608695652174 0.7608695652173914 0.5625 0.7083333333333334 0.6086956521739131 0.6521739130434783 0.5434782608695652 0.6041666666666666 0.6458333333333334 0.5869565217391305 0.7391304347826086 0.6521739130434783 0.5833333333333334 0.75 0.7391304347826086 0.7391304347826086 0.6521739130434783 

svm-dtf
0.7083333333333334 0.7291666666666666 0.7391304347826086 0.6739130434782609 0.5869565217391305 0.6666666666666666 0.3541666666666667 0.7608695652173914 0.6304347826086957 0.6956521739130435 0.7291666666666666 0.7083333333333334 0.7608695652173914 0.717391304347826 0.6304347826086957 0.6666666666666666 0.75 0.3695652173913043 0.782608695652174 0.45652173913043476 0.3333333333333333 0.5416666666666666 0.717391304347826 0.41304347826086957 0.6304347826086957 

svm-svmf
0.5625 0.7291666666666666 0.6521739130434783 0.6956521739130435 0.6521739130434783 0.7083333333333334 0.75 0.7608695652173914 0.6304347826086957 0.6956521739130435 0.625 0.6875 0.7608695652173914 0.6304347826086957 0.6521739130434783 0.5833333333333334 0.6875 0.5652173913043478 0.7391304347826086 0.6304347826086957 0.6458333333333334 0.6875 0.6304347826086957 0.45652173913043476 0.5869565217391305 

