rand-def
0.3333333333333333 0.4166666666666667 0.36363636363636365 0.2727272727272727 0.45454545454545453 0.5 0.25 0.6363636363636364 0.5454545454545454 0.6363636363636364 0.4166666666666667 0.5 0.36363636363636365 0.36363636363636365 0.2727272727272727 0.4166666666666667 0.25 0.2727272727272727 0.45454545454545453 0.2727272727272727 0.4166666666666667 0.5 0.5454545454545454 0.36363636363636365 0.45454545454545453 

oner-def
0.0 0.0 0.0 0.09090909090909091 0.0 0.0 0.08333333333333333 0.0 0.0 0.0 0.0 0.08333333333333333 0.0 0.0 0.0 0.0 0.0 0.36363636363636365 0.0 0.0 0.08333333333333333 0.0 0.0 0.0 0.0 

cart-def
0.6666666666666666 1.0 0.8181818181818182 0.9090909090909091 0.7272727272727273 0.9166666666666666 0.75 0.9090909090909091 0.7272727272727273 1.0 0.8333333333333334 1.0 0.9090909090909091 0.9090909090909091 0.8181818181818182 1.0 1.0 0.8181818181818182 0.7272727272727273 0.7272727272727273 0.75 0.75 0.8181818181818182 0.9090909090909091 0.8181818181818182 

cart-cfs
0.6666666666666666 1.0 0.9090909090909091 0.7272727272727273 0.7272727272727273 1.0 0.6666666666666666 1.0 0.8181818181818182 0.8181818181818182 0.8333333333333334 1.0 0.9090909090909091 0.9090909090909091 0.7272727272727273 1.0 0.9166666666666666 0.9090909090909091 0.9090909090909091 0.9090909090909091 0.8333333333333334 0.9166666666666666 0.8181818181818182 0.9090909090909091 0.8181818181818182 

cart-dtf
0.75 0.3333333333333333 0.7272727272727273 0.8181818181818182 0.8181818181818182 0.9166666666666666 0.6666666666666666 0.5454545454545454 0.6363636363636364 0.7272727272727273 0.5 0.8333333333333334 0.2727272727272727 0.7272727272727273 0.6363636363636364 0.75 0.5 0.8181818181818182 0.6363636363636364 0.45454545454545453 0.75 0.6666666666666666 0.9090909090909091 0.7272727272727273 0.6363636363636364 

cart-svmf
0.75 1.0 1.0 0.9090909090909091 0.8181818181818182 0.9166666666666666 0.8333333333333334 0.9090909090909091 0.8181818181818182 0.9090909090909091 0.8333333333333334 1.0 1.0 0.9090909090909091 0.8181818181818182 1.0 0.9166666666666666 0.9090909090909091 0.9090909090909091 0.9090909090909091 0.6666666666666666 0.9166666666666666 0.9090909090909091 1.0 0.8181818181818182 

nb-def
0.4166666666666667 0.4166666666666667 0.45454545454545453 0.6363636363636364 0.5454545454545454 0.6666666666666666 0.4166666666666667 0.5454545454545454 0.45454545454545453 0.5454545454545454 0.5 0.6666666666666666 0.36363636363636365 0.36363636363636365 0.45454545454545453 0.4166666666666667 0.5 0.6363636363636364 0.36363636363636365 0.5454545454545454 0.4166666666666667 0.4166666666666667 0.9090909090909091 0.5454545454545454 0.5454545454545454 

nb-cfs
0.5 0.0 0.45454545454545453 0.6363636363636364 0.36363636363636365 0.4166666666666667 0.16666666666666666 0.2727272727272727 0.09090909090909091 0.45454545454545453 0.5 0.3333333333333333 0.45454545454545453 0.2727272727272727 0.18181818181818182 0.25 0.08333333333333333 0.36363636363636365 0.18181818181818182 0.45454545454545453 0.4166666666666667 0.3333333333333333 0.45454545454545453 0.2727272727272727 0.5454545454545454 

nb-dtf
0.9166666666666666 0.25 0.7272727272727273 0.09090909090909091 0.09090909090909091 0.75 0.3333333333333333 0.09090909090909091 0.9090909090909091 0.7272727272727273 0.6666666666666666 0.5 0.09090909090909091 0.8181818181818182 0.36363636363636365 0.25 0.4166666666666667 0.5454545454545454 0.18181818181818182 0.8181818181818182 0.8333333333333334 0.0 0.9090909090909091 0.9090909090909091 0.18181818181818182 

nb-svmf
0.25 0.25 0.6363636363636364 0.45454545454545453 0.09090909090909091 0.6666666666666666 0.3333333333333333 0.09090909090909091 0.2727272727272727 0.18181818181818182 0.25 0.25 0.09090909090909091 0.6363636363636364 0.18181818181818182 0.5 0.16666666666666666 0.36363636363636365 0.36363636363636365 0.9090909090909091 0.25 0.25 0.18181818181818182 0.7272727272727273 0.2727272727272727 

rf-def
0.5833333333333334 0.8333333333333334 0.8181818181818182 1.0 0.7272727272727273 0.75 0.5 0.7272727272727273 0.7272727272727273 0.7272727272727273 0.75 0.9166666666666666 0.9090909090909091 0.9090909090909091 0.7272727272727273 0.9166666666666666 0.9166666666666666 0.8181818181818182 0.6363636363636364 0.6363636363636364 0.5833333333333334 0.5833333333333334 0.7272727272727273 0.9090909090909091 0.7272727272727273 

rf-cfs
0.5833333333333334 0.8333333333333334 0.7272727272727273 0.6363636363636364 0.5454545454545454 0.6666666666666666 0.4166666666666667 0.6363636363636364 0.7272727272727273 0.6363636363636364 0.6666666666666666 0.8333333333333334 0.9090909090909091 0.8181818181818182 0.7272727272727273 0.8333333333333334 0.75 0.8181818181818182 0.6363636363636364 0.6363636363636364 0.5 0.5 0.5454545454545454 0.7272727272727273 0.7272727272727273 

rf-dtf
0.75 0.3333333333333333 0.7272727272727273 0.7272727272727273 0.7272727272727273 0.8333333333333334 0.6666666666666666 0.5454545454545454 0.6363636363636364 0.7272727272727273 0.5 0.8333333333333334 0.2727272727272727 0.7272727272727273 0.6363636363636364 0.5 0.5 0.8181818181818182 0.6363636363636364 0.45454545454545453 0.5833333333333334 0.5 0.9090909090909091 0.7272727272727273 0.6363636363636364 

rf-svmf
0.6666666666666666 0.9166666666666666 0.8181818181818182 0.8181818181818182 0.7272727272727273 0.9166666666666666 0.4166666666666667 0.6363636363636364 0.7272727272727273 0.7272727272727273 0.8333333333333334 0.9166666666666666 0.6363636363636364 0.8181818181818182 0.7272727272727273 0.9166666666666666 0.8333333333333334 0.9090909090909091 0.7272727272727273 0.7272727272727273 0.5 0.75 0.8181818181818182 0.9090909090909091 0.6363636363636364 

svm-def
0.5833333333333334 0.6666666666666666 0.7272727272727273 0.6363636363636364 0.7272727272727273 0.6666666666666666 0.4166666666666667 0.6363636363636364 0.7272727272727273 0.7272727272727273 0.5833333333333334 0.75 0.9090909090909091 0.9090909090909091 0.7272727272727273 0.75 0.9166666666666666 0.5454545454545454 0.6363636363636364 0.6363636363636364 0.4166666666666667 0.5833333333333334 0.6363636363636364 0.6363636363636364 0.7272727272727273 

svm-cfs
0.5833333333333334 0.5 0.18181818181818182 0.5454545454545454 0.45454545454545453 0.5 0.25 0.2727272727272727 0.7272727272727273 0.36363636363636365 0.6666666666666666 0.5833333333333334 0.9090909090909091 0.36363636363636365 0.7272727272727273 0.6666666666666666 0.6666666666666666 0.5454545454545454 0.5454545454545454 0.2727272727272727 0.3333333333333333 0.4166666666666667 0.45454545454545453 0.36363636363636365 0.45454545454545453 

svm-dtf
0.6666666666666666 0.3333333333333333 0.6363636363636364 0.7272727272727273 0.7272727272727273 0.75 0.5 0.5454545454545454 0.7272727272727273 0.7272727272727273 0.8333333333333334 0.75 0.2727272727272727 0.45454545454545453 0.6363636363636364 0.5 0.5 0.09090909090909091 0.7272727272727273 0.36363636363636365 0.16666666666666666 0.4166666666666667 0.9090909090909091 0.5454545454545454 0.7272727272727273 

svm-svmf
0.6666666666666666 0.3333333333333333 0.5454545454545454 0.18181818181818182 0.18181818181818182 0.3333333333333333 0.5833333333333334 0.09090909090909091 0.09090909090909091 0.6363636363636364 0.5833333333333334 0.4166666666666667 0.2727272727272727 0.7272727272727273 0.2727272727272727 0.5 0.5833333333333334 0.36363636363636365 0.45454545454545453 0.09090909090909091 0.08333333333333333 0.3333333333333333 0.7272727272727273 0.5454545454545454 0.45454545454545453 

