rand-def
0.27586206896551724 0.2413793103448276 0.25925925925925924 0.2962962962962963 0.2222222222222222 0.20689655172413793 0.3103448275862069 0.14814814814814814 0.18518518518518517 0.14814814814814814 0.2413793103448276 0.20689655172413793 0.25925925925925924 0.25925925925925924 0.2962962962962963 0.2413793103448276 0.3103448275862069 0.2962962962962963 0.2222222222222222 0.2962962962962963 0.2413793103448276 0.20689655172413793 0.18518518518518517 0.25925925925925924 0.2222222222222222 

oner-def
0.46153846153846156 0.75 0.5789473684210527 0.47619047619047616 0.5 0.48 0.5238095238095238 0.6470588235294118 0.4230769230769231 0.6111111111111112 0.46153846153846156 0.6111111111111112 0.5789473684210527 0.55 0.44 0.5217391304347826 0.631578947368421 0.3684210526315789 0.6470588235294118 0.4782608695652174 0.4074074074074074 0.6 0.55 0.5789473684210527 0.5238095238095238 

cart-def
0.23529411764705882 0.0 0.18181818181818182 0.1 0.21428571428571427 0.08333333333333333 0.2727272727272727 0.14285714285714285 0.17647058823529413 0.0 0.15384615384615385 0.0 0.125 0.1 0.14285714285714285 0.0 0.0 0.14285714285714285 0.42857142857142855 0.2 0.1875 0.3333333333333333 0.25 0.125 0.16666666666666666 

cart-cfs
0.23529411764705882 0.0 0.1 0.21428571428571427 0.21428571428571427 0.0 0.2857142857142857 0.0 0.14285714285714285 0.2222222222222222 0.14285714285714285 0.0 0.125 0.1 0.1875 0.0 0.125 0.08333333333333333 0.2 0.08333333333333333 0.13333333333333333 0.14285714285714285 0.25 0.1111111111111111 0.16666666666666666 

cart-dtf
0.15789473684210525 0.4444444444444444 0.3333333333333333 0.2 0.13333333333333333 0.05263157894736842 0.19047619047619047 0.5 0.25 0.375 0.21428571428571427 0.2222222222222222 0.47058823529411764 0.2727272727272727 0.26666666666666666 0.21428571428571427 0.42857142857142855 0.16666666666666666 0.3333333333333333 0.23076923076923078 0.2 0.19047619047619047 0.16666666666666666 0.13043478260869565 0.2222222222222222 

cart-svmf
0.1875 0.0 0.0 0.1 0.16666666666666666 0.08333333333333333 0.15384615384615385 0.14285714285714285 0.125 0.14285714285714285 0.14285714285714285 0.0 0.0 0.07692307692307693 0.13333333333333333 0.0 0.1 0.08333333333333333 0.16666666666666666 0.09090909090909091 0.21052631578947367 0.14285714285714285 0.16666666666666666 0.0 0.16666666666666666 

nb-def
0.4375 0.7777777777777778 0.6 0.4 0.45454545454545453 0.4 0.5384615384615384 0.5 0.42857142857142855 0.625 0.42857142857142855 0.4444444444444444 0.5833333333333334 0.4666666666666667 0.42857142857142855 0.4117647058823529 0.6 0.26666666666666666 0.7 0.5555555555555556 0.35 0.5384615384615384 0.25 0.45454545454545453 0.5 

nb-cfs
0.42857142857142855 0.75 0.5 0.3076923076923077 0.4375 0.4117647058823529 0.5263157894736842 0.6153846153846154 0.5882352941176471 0.5 0.4 0.5333333333333333 0.6 0.4 0.4090909090909091 0.5 0.6875 0.3684210526315789 0.8181818181818182 0.42857142857142855 0.3888888888888889 0.6153846153846154 0.5454545454545454 0.5714285714285714 0.2777777777777778 

nb-dtf
0.3333333333333333 0.42857142857142855 0.3333333333333333 0.3333333333333333 0.23255813953488372 0.3333333333333333 0.20512820512820512 0.23809523809523808 0.2 0.3333333333333333 0.5 0.5454545454545454 0.4166666666666667 0.2857142857142857 0.2916666666666667 0.24324324324324326 0.3333333333333333 0.21739130434782608 0.24324324324324326 0.2857142857142857 0.18181818181818182 0.26666666666666666 0.2 0.5 0.20454545454545456 

nb-svmf
0.5 0.42857142857142855 0.4 0.375 0.38461538461538464 0.5 0.42105263157894735 0.3333333333333333 0.47058823529411764 0.6428571428571429 0.4090909090909091 0.5 0.4166666666666667 0.3333333333333333 0.3 0.4 0.5555555555555556 0.2916666666666667 0.4375 0.3333333333333333 0.4090909090909091 0.42857142857142855 0.5294117647058824 0.5 0.3076923076923077 

rf-def
0.2631578947368421 0.3333333333333333 0.2 0.0 0.21428571428571427 0.1875 0.375 0.3 0.2 0.3 0.2 0.14285714285714285 0.125 0.1 0.1875 0.08333333333333333 0.125 0.14285714285714285 0.4444444444444444 0.23529411764705882 0.25 0.4166666666666667 0.3333333333333333 0.125 0.21428571428571427 

rf-cfs
0.2631578947368421 0.3333333333333333 0.25 0.26666666666666666 0.3125 0.23529411764705882 0.4117647058823529 0.36363636363636365 0.2 0.36363636363636365 0.23529411764705882 0.2222222222222222 0.125 0.18181818181818182 0.1875 0.15384615384615385 0.3 0.14285714285714285 0.4444444444444444 0.23529411764705882 0.2857142857142857 0.46153846153846156 0.4166666666666667 0.2727272727272727 0.23076923076923078 

rf-dtf
0.15789473684210525 0.4444444444444444 0.3333333333333333 0.2727272727272727 0.1875 0.1 0.19047619047619047 0.5 0.2857142857142857 0.375 0.21428571428571427 0.2222222222222222 0.47058823529411764 0.2727272727272727 0.26666666666666666 0.35294117647058826 0.5 0.14285714285714285 0.3333333333333333 0.2222222222222222 0.29411764705882354 0.2608695652173913 0.16666666666666666 0.13043478260869565 0.2222222222222222 

rf-svmf
0.23529411764705882 0.2 0.2222222222222222 0.18181818181818182 0.23076923076923078 0.08333333333333333 0.4117647058823529 0.36363636363636365 0.2 0.3 0.15384615384615385 0.14285714285714285 0.36363636363636365 0.14285714285714285 0.1875 0.08333333333333333 0.18181818181818182 0.08333333333333333 0.375 0.21428571428571427 0.2857142857142857 0.3333333333333333 0.2857142857142857 0.125 0.26666666666666666 

svm-def
0.21739130434782608 0.23529411764705882 0.17647058823529413 0.23529411764705882 0.14285714285714285 0.21052631578947367 0.30434782608695654 0.26666666666666666 0.15789473684210525 0.23076923076923078 0.25 0.23076923076923078 0.08333333333333333 0.058823529411764705 0.17647058823529413 0.14285714285714285 0.07692307692307693 0.25 0.26666666666666666 0.2222222222222222 0.23333333333333334 0.2631578947368421 0.26666666666666666 0.25 0.16666666666666666 

svm-cfs
0.21739130434782608 0.5 0.5 0.3125 0.2857142857142857 0.3157894736842105 0.47368421052631576 0.5333333333333333 0.15789473684210525 0.5 0.23529411764705882 0.4166666666666667 0.1111111111111111 0.3684210526315789 0.1875 0.26666666666666666 0.3076923076923077 0.2777777777777778 0.45454545454545453 0.38095238095238093 0.3333333333333333 0.5 0.46153846153846156 0.4666666666666667 0.35294117647058826 

svm-dtf
0.4 0.47058823529411764 0.4444444444444444 0.3 0.21428571428571427 0.3 0.1935483870967742 0.5 0.25 0.3333333333333333 0.4 0.375 0.5 0.42857142857142855 0.2857142857142857 0.375 0.5 0.2631578947368421 0.6 0.25 0.25 0.2916666666666667 0.25 0.19230769230769232 0.25 

svm-svmf
0.23529411764705882 0.47058823529411764 0.3333333333333333 0.42857142857142855 0.391304347826087 0.4444444444444444 0.5 0.5 0.38461538461538464 0.36363636363636365 0.3125 0.4117647058823529 0.5 0.25 0.38095238095238093 0.3 0.38461538461538464 0.30434782608695654 0.46153846153846156 0.38461538461538464 0.4074074074074074 0.42105263157894735 0.25 0.20833333333333334 0.3 

