rand-def
0.4166666666666667 0.3888888888888889 0.42857142857142855 0.45714285714285713 0.4 0.3611111111111111 0.4444444444444444 0.34285714285714286 0.37142857142857144 0.34285714285714286 0.3888888888888889 0.3611111111111111 0.42857142857142855 0.42857142857142855 0.45714285714285713 0.3888888888888889 0.4444444444444444 0.45714285714285713 0.4 0.45714285714285713 0.3888888888888889 0.3611111111111111 0.37142857142857144 0.42857142857142855 0.4 

oner-def
0.6111111111111112 0.8888888888888888 0.7714285714285715 0.6857142857142857 0.6857142857142857 0.6388888888888888 0.7222222222222222 0.8285714285714286 0.5714285714285714 0.8 0.6111111111111112 0.8055555555555556 0.7714285714285715 0.7428571428571429 0.6 0.6944444444444444 0.8055555555555556 0.6571428571428571 0.8285714285714286 0.6571428571428571 0.5555555555555556 0.7777777777777778 0.7428571428571429 0.7714285714285715 0.7142857142857143 

cart-def
0.6388888888888888 0.8611111111111112 0.7428571428571429 0.7428571428571429 0.6857142857142857 0.6944444444444444 0.7777777777777778 0.8285714285714286 0.6 0.8571428571428571 0.6944444444444444 0.8333333333333334 0.8 0.7428571428571429 0.6571428571428571 0.6666666666666666 0.8333333333333334 0.6571428571428571 0.8857142857142857 0.6571428571428571 0.6388888888888888 0.8333333333333334 0.8285714285714286 0.8 0.7142857142857143 

cart-cfs
0.6388888888888888 0.8888888888888888 0.7428571428571429 0.6857142857142857 0.6857142857142857 0.7222222222222222 0.7222222222222222 0.8571428571428571 0.6571428571428571 0.8 0.6666666666666666 0.8333333333333334 0.8 0.7428571428571429 0.6285714285714286 0.6944444444444444 0.8055555555555556 0.6857142857142857 0.8857142857142857 0.6857142857142857 0.6388888888888888 0.8333333333333334 0.8285714285714286 0.7714285714285715 0.7142857142857143 

cart-dtf
0.5555555555555556 0.7222222222222222 0.8285714285714286 0.7714285714285715 0.6285714285714286 0.5 0.5277777777777778 0.8571428571428571 0.6571428571428571 0.8571428571428571 0.3888888888888889 0.8055555555555556 0.7428571428571429 0.7714285714285715 0.6857142857142857 0.6944444444444444 0.7777777777777778 0.7142857142857143 0.7714285714285715 0.42857142857142855 0.6666666666666666 0.5277777777777778 0.8571428571428571 0.42857142857142855 0.6 

cart-svmf
0.6388888888888888 0.8888888888888888 0.8 0.7428571428571429 0.7142857142857143 0.6944444444444444 0.6944444444444444 0.8285714285714286 0.6 0.8285714285714286 0.6666666666666666 0.8333333333333334 0.8 0.6571428571428571 0.6285714285714286 0.6944444444444444 0.75 0.6857142857142857 0.8571428571428571 0.7142857142857143 0.5833333333333334 0.8333333333333334 0.8571428571428571 0.8 0.7142857142857143 

nb-def
0.75 0.9444444444444444 0.8857142857142857 0.8285714285714286 0.8285714285714286 0.8333333333333334 0.8333333333333334 0.8571428571428571 0.7714285714285715 0.9142857142857143 0.7777777777777778 0.8611111111111112 0.8571428571428571 0.7714285714285715 0.7714285714285715 0.7222222222222222 0.8888888888888888 0.6857142857142857 0.9142857142857143 0.8857142857142857 0.6388888888888888 0.8333333333333334 0.9142857142857143 0.8285714285714286 0.8571428571428571 

nb-cfs
0.7777777777777778 0.8888888888888888 0.8285714285714286 0.7428571428571429 0.7428571428571429 0.7222222222222222 0.75 0.8571428571428571 0.8 0.8285714285714286 0.75 0.8055555555555556 0.8857142857142857 0.6571428571428571 0.6285714285714286 0.75 0.8611111111111112 0.6571428571428571 0.9428571428571428 0.7714285714285715 0.6944444444444444 0.8611111111111112 0.8571428571428571 0.8285714285714286 0.6285714285714286 

nb-dtf
0.9444444444444444 0.6666666666666666 0.8285714285714286 0.42857142857142855 0.05714285714285714 0.8333333333333334 0.1388888888888889 0.08571428571428572 0.8857142857142857 0.8285714285714286 0.8888888888888888 0.8611111111111112 0.6 0.8571428571428571 0.5142857142857142 0.2222222222222222 0.6111111111111112 0.4857142857142857 0.2 0.8571428571428571 0.75 0.08333333333333333 0.8857142857142857 0.9714285714285714 0.0 

nb-svmf
0.75 0.6666666666666666 0.8285714285714286 0.7142857142857143 0.5428571428571428 0.8888888888888888 0.6944444444444444 0.42857142857142855 0.7428571428571429 0.8571428571428571 0.6388888888888888 0.75 0.6 0.7714285714285715 0.4 0.75 0.7777777777777778 0.5142857142857142 0.7428571428571429 0.9428571428571428 0.6388888888888888 0.6666666666666666 0.7714285714285715 0.9142857142857143 0.4857142857142857 

rf-def
0.6111111111111112 0.8888888888888888 0.7714285714285715 0.7714285714285715 0.6857142857142857 0.6388888888888888 0.7222222222222222 0.8 0.6571428571428571 0.8 0.6666666666666666 0.8333333333333334 0.8 0.7428571428571429 0.6285714285714286 0.6944444444444444 0.8055555555555556 0.6571428571428571 0.8571428571428571 0.6285714285714286 0.5833333333333334 0.8055555555555556 0.8285714285714286 0.8 0.6857142857142857 

rf-cfs
0.6111111111111112 0.8888888888888888 0.7428571428571429 0.6857142857142857 0.6857142857142857 0.6388888888888888 0.7222222222222222 0.8 0.6571428571428571 0.8 0.6388888888888888 0.8055555555555556 0.8 0.7428571428571429 0.6285714285714286 0.6944444444444444 0.8055555555555556 0.6571428571428571 0.8571428571428571 0.6285714285714286 0.5833333333333334 0.8055555555555556 0.8 0.7714285714285715 0.7142857142857143 

rf-dtf
0.5555555555555556 0.7222222222222222 0.8285714285714286 0.7714285714285715 0.6285714285714286 0.5 0.5277777777777778 0.8571428571428571 0.7142857142857143 0.8571428571428571 0.3888888888888889 0.8055555555555556 0.7428571428571429 0.7714285714285715 0.6857142857142857 0.6944444444444444 0.8333333333333334 0.6571428571428571 0.7714285714285715 0.4 0.6666666666666666 0.5277777777777778 0.8571428571428571 0.42857142857142855 0.6 

rf-svmf
0.6388888888888888 0.8888888888888888 0.8 0.7428571428571429 0.7142857142857143 0.6944444444444444 0.7222222222222222 0.8 0.6571428571428571 0.8 0.6944444444444444 0.8333333333333334 0.8 0.6571428571428571 0.6285714285714286 0.6944444444444444 0.75 0.6857142857142857 0.8571428571428571 0.6857142857142857 0.5833333333333334 0.8333333333333334 0.8571428571428571 0.8 0.6857142857142857 

svm-def
0.5 0.6388888888888888 0.6 0.6285714285714286 0.4857142857142857 0.5833333333333334 0.5555555555555556 0.6857142857142857 0.5428571428571428 0.7142857142857143 0.5833333333333334 0.7222222222222222 0.6857142857142857 0.5428571428571428 0.6 0.5 0.6666666666666666 0.5714285714285714 0.6857142857142857 0.6 0.3611111111111111 0.6111111111111112 0.6857142857142857 0.6571428571428571 0.5714285714285714 

svm-cfs
0.5 0.8333333333333334 0.7428571428571429 0.6857142857142857 0.5714285714285714 0.6388888888888888 0.7222222222222222 0.8 0.5428571428571428 0.8 0.6388888888888888 0.8055555555555556 0.7714285714285715 0.6571428571428571 0.6285714285714286 0.6944444444444444 0.75 0.6285714285714286 0.8285714285714286 0.6285714285714286 0.5555555555555556 0.8055555555555556 0.8 0.7714285714285715 0.6857142857142857 

svm-dtf
0.8333333333333334 0.75 0.8571428571428571 0.8 0.6857142857142857 0.8055555555555556 0.3055555555555556 0.8571428571428571 0.7428571428571429 0.8285714285714286 0.9166666666666666 0.8611111111111112 0.7714285714285715 0.7714285714285715 0.7142857142857143 0.7222222222222222 0.8333333333333334 0.2 0.9428571428571428 0.4 0.16666666666666666 0.5277777777777778 0.9142857142857143 0.4 0.7428571428571429 

svm-svmf
0.6388888888888888 0.75 0.7142857142857143 0.6571428571428571 0.6 0.7222222222222222 0.8611111111111112 0.7142857142857143 0.5428571428571428 0.8 0.6944444444444444 0.7222222222222222 0.7714285714285715 0.7428571428571429 0.6285714285714286 0.6111111111111112 0.7777777777777778 0.5428571428571428 0.8 0.5428571428571428 0.5555555555555556 0.6944444444444444 0.7428571428571429 0.45714285714285713 0.6 

