rand-def
0.4750730937913075 0.5230047328822981 0.47893737440482526 0.42957772453903875 0.5322647697565253 0.5736632341128717 0.43077951164641176 0.6468366920559732 0.5884822435610743 0.6468366920559732 0.5230047328822981 0.5736632341128717 0.47893737440482526 0.47893737440482526 0.42957772453903875 0.5230047328822981 0.43077951164641176 0.42957772453903875 0.5322647697565253 0.42957772453903875 0.5230047328822981 0.5736632341128717 0.5884822435610743 0.47893737440482526 0.5322647697565253

oner-def
0.27498597046143514 0.07856742013183861 0.16162440712835371 0.2313438706925245 0.22223355980148635 0.25534411542847546 0.20506698694768613 0.12121830534626528 0.3030457633656632 0.1414213562373095 0.27498597046143514 0.14958791130929178 0.16162440712835371 0.1818274580193979 0.282842712474619 0.2160604053625562 0.13749298523071757 0.35339950860664826 0.12121830534626528 0.24243661069253056 0.3197462342561483 0.15713484026367722 0.1818274580193979 0.16162440712835371 0.20203050891044214

cart-def
0.5361183073782995 0.7138942931053553 0.6064420568293799 0.7253429871306345 0.5602236740975841 0.6832429931249356 0.5531196597705521 0.6541536654692749 0.586909541511599 0.7142857142857143 0.6832429931249356 0.7168604389202188 0.658196885814471 0.6680451818445093 0.6272848268575724 0.7453559924999299 0.7168604389202188 0.5774447174873886 0.5872944963425981 0.619756806258466 0.5457467417885694 0.5432668671002207 0.5911045773403157 0.658196885814471 0.6128026357093

cart-def-clust
0.6422015567609384 0.5973836991001824 0.6006939260399132 0.7253429871306345 0.7253429871306345 0.7338802674234948 0.4044505494044732 0.5841586736893931 0.619756806258466 0.5911045773403157 0.6276179737608335 0.6050839141886657 0.658196885814471 0.6870215795009276 0.5685405175723512 0.6346477588219923 0.6626033578820312 0.6944081885552634 0.5205702855160419 0.619756806258466 0.6346477588219923 0.5393468844152111 0.5872944963425981 0.5390596060705598 0.5602236740975841

cart-cfs
0.5361183073782995 0.7114582486036498 0.6680451818445093 0.5602236740975841 0.5602236740975841 0.7338802674234948 0.5106882308569509 0.7142857142857143 0.6272848268575724 0.59557597651488 0.6346477588219923 0.7168604389202188 0.658196885814471 0.6680451818445093 0.5774447174873886 0.7393795363447868 0.6626033578820312 0.6801550526151434 0.5841586736893931 0.6801550526151434 0.6422015567609384 0.6588078458684123 0.5911045773403157 0.662831494028052 0.6128026357093

cart-cfs-clust
0.5361183073782995 0.7114582486036498 0.6680451818445093 0.5602236740975841 0.5602236740975841 0.6832429931249356 0.5590169943749475 0.7142857142857143 0.6272848268575724 0.59557597651488 0.6346477588219923 0.6626033578820312 0.658196885814471 0.6680451818445093 0.5774447174873886 0.7393795363447868 0.7168604389202188 0.6272848268575724 0.5841586736893931 0.6272848268575724 0.6422015567609384 0.6050839141886657 0.6507128568950522 0.662831494028052 0.6680451818445093

cart-dtf
0.6588078458684123 0.30681558381075724 0.5525207113294194 0.5454576375917302 0.5390596060705598 0.6484787516627084 0.6508541396588877 0.39870341384438307 0.4853252139882813 0.5240867214021058 0.6009252125773316 0.6050839141886657 0.27929627490398135 0.5390596060705598 0.5018636208622976 0.572653559113564 0.3868996743662255 0.711709640404637 0.5111309509773956 0.7253429871306345 0.5886005583449191 0.5892556509887896 0.7174216873994125 0.6916630004488558 0.4264053881792633

cart-dtf-clust
0.6164539172547818 0.30681558381075724 0.5525207113294194 0.5454576375917302 0.5390596060705598 0.6484787516627084 0.6508541396588877 0.39870341384438307 0.4853252139882813 0.5240867214021058 0.6009252125773316 0.6050839141886657 0.27929627490398135 0.5390596060705598 0.5018636208622976 0.572653559113564 0.37267799624996495 0.711709640404637 0.5111309509773956 0.6680451818445093 0.5886005583449191 0.5892556509887896 0.7174216873994125 0.6916630004488558 0.4264053881792633

cart-svmf
0.4957380082659652 0.7114582486036498 0.6006939260399132 0.6680451818445093 0.6801550526151434 0.6346477588219923 0.5590169943749475 0.7142857142857143 0.6439803908518122 0.658196885814471 0.6832429931249356 0.7168604389202188 0.662831494028052 0.6870215795009276 0.6353663003641187 0.7393795363447868 0.7168604389202188 0.6801550526151434 0.6507128568950522 0.6272848268575724 0.5973836991001823 0.6588078458684123 0.6507128568950522 0.662831494028052 0.5525207113294194

cart-svmf-clust
0.5803495115493383 0.7168604389202188 0.658196885814471 0.7253429871306345 0.6128026357093 0.7338802674234948 0.6669559557523871 0.7142857142857143 0.6439803908518122 0.59557597651488 0.6966631224435806 0.7168604389202188 0.662831494028052 0.6680451818445093 0.6353663003641187 0.7393795363447868 0.7168604389202188 0.6272848268575724 0.6507128568950522 0.6801550526151434 0.5973836991001823 0.6050839141886657 0.5911045773403157 0.7211102550927978 0.6738245075881998

nb-def
0.3435921354681384 0.29723520220878746 0.331415747014026 0.4660184721596297 0.4042947045529199 0.485912657903775 0.31732387941099616 0.39870341384438307 0.359761357157156 0.3904277141370313 0.3868996743662255 0.48152599509332544 0.2762603556647097 0.3037073450855785 0.359761357157156 0.35409857733283234 0.36217791140014716 0.5018636208622976 0.2641764029338993 0.3940697182268771 0.3898796902116166 0.31732387941099616 0.6456753130510898 0.4042947045529199 0.39870341384438307

nb-def-clust
0.6276179737608335 0.47790695928014587 0.41818988457171485 0.5525207113294194 0.5111309509773956 0.5886005583449191 0.3251305530755451 0.46117612739129094 0.4281422487024224 0.4660184721596297 0.3333333333333333 0.485912657903775 0.6680451818445093 0.5774447174873886 0.3097831384189748 0.5803495115493383 0.5393468844152111 0.5314878538997624 0.20214735227645994 0.5525207113294194 0.43611995744743276 0.48152599509332544 0.5240867214021058 0.47812319314436846 0.47812319314436846

nb-cfs
0.3868996743662255 0.07856742013183861 0.5799512021393501 0.4853252139882813 0.314923684357234 0.35409857733283234 0.21245914639969934 0.21770200797714553 0.2762603556647097 0.3435107897504638 0.3952847075210474 0.2728733708942847 0.711709640404637 0.3097831384189748 0.29241839452498436 0.25 0.1145307118227128 0.35339950860664826 0.7073953373222827 0.359761357157156 0.49690399499995325 0.25534411542847546 0.3369122537940999 0.22778050881418388 0.46662610558695394

nb-cfs-clust
0.6050839141886657 0.3049235888902798 0.6541536654692749 0.32700463148088754 0.32700463148088754 0.2791632116978025 0.2946278254943948 0.19112541856026033 0.26504963145498617 0.17669975430332413 0.3333333333333333 0.5478634145365561 0.7174216873994125 0.5283528058677986 0.5390596060705598 0.6050839141886657 0.2728733708942847 0.35339950860664826 0.4540405358893964 0.26504963145498617 0.565535363097287 0.18108895570007358 0.20652209227931653 0.6456753130510898 0.43540401595429107

nb-dtf
0.5944704044175749 0.2946278254943948 0.6440930007049387 0.376403876923439 0.6697925255803665 0.5432668671002207 0.7095577652469333 0.6496856278835388 0.6456753130510898 0.5283528058677986 0.7168604389202188 0.37267799624996495 0.290055566064433 0.5872944963425981 0.4961004963506273 0.5776842873079283 0.4030171702374141 0.7082603003566023 0.7073953373222827 0.7100226978096958 0.652925515196842 0.6481812160876685 0.6988316394624046 0.6431417446886603 0.7186994682200861

nb-dtf-clust
0.6346477588219923 0.5531196597705521 0.47167715531173987 0.46662610558695394 0.5785681490133996 0.5590169943749475 0.7098295743989242 0.5205702855160419 0.5872944963425981 0.4848732213850611 0.6718548123582124 0.6263873490988712 0.5602236740975841 0.47167715531173987 0.38225083712052066 0.6164539172547818 0.47547896579510246 0.6094909106627175 0.515844417415348 0.6746475126450088 0.6669559557523871 0.6088975060217493 0.7100226978096958 0.5986717180060316 0.6591571203387733

nb-svmf
0.2728733708942847 0.4750730937913074 0.3904277141370313 0.5911045773403157 0.46909551133207134 0.5944704044175749 0.4289845892077917 0.39870341384438307 0.5283528058677986 0.4540405358893964 0.43479099562495915 0.3868996743662255 0.6456753130510898 0.4660184721596297 0.38920325047520976 0.30681558381075724 0.3049235888902798 0.45717606136790795 0.5817080136884896 0.6295848865436195 0.6493705404200533 0.3049235888902798 0.580111132128866 0.45717606136790795 0.42957772453903875

nb-svmf-clust
0.5306936992928556 0.35409857733283234 0.5841586736893931 0.6128026357093 0.39076020808931883 0.3269056193316616 0.5068968775248516 0.42903949253280654 0.5314878538997624 0.4042947045529199 0.5803495115493383 0.3105649968749708 0.515844417415348 0.5018636208622976 0.5111309509773956 0.26425413320056174 0.5432668671002207 0.5602236740975841 0.4540405358893964 0.6583787976954064 0.3928371006591931 0.3049235888902798 0.39388991649710636 0.6047682572402623 0.5032396312860105

rf-def
0.4957380082659652 0.5944704044175749 0.662831494028052 0.6680451818445093 0.5602236740975841 0.5886005583449191 0.4044505494044732 0.5333505506862773 0.5685405175723512 0.5333505506862773 0.5803495115493383 0.6588078458684123 0.658196885814471 0.6680451818445093 0.5774447174873886 0.6832429931249356 0.6626033578820312 0.6272848268575724 0.46117612739129094 0.5685405175723512 0.5068968775248516 0.43479099562495915 0.5283528058677986 0.6006939260399132 0.5602236740975841

rf-def-clust
0.5361183073782995 0.5944704044175749 0.6128026357093 0.6680451818445093 0.5602236740975841 0.6346477588219923 0.44876373392787533 0.5911045773403157 0.5685405175723512 0.5333505506862773 0.6276179737608335 0.6588078458684123 0.7211102550927978 0.6738245075881998 0.5774447174873886 0.6832429931249356 0.6626033578820312 0.6439803908518122 0.46117612739129094 0.5685405175723512 0.5306936992928556 0.43479099562495915 0.5283528058677986 0.6006939260399132 0.5602236740975841

rf-cfs
0.4957380082659652 0.5944704044175749 0.5454576375917302 0.5018636208622976 0.4451382770337248 0.5361183073782995 0.35409857733283234 0.47167715531173987 0.586909541511599 0.47167715531173987 0.5361183073782995 0.6050839141886657 0.658196885814471 0.6064420568293799 0.5774447174873886 0.6276179737608335 0.5478634145365561 0.6272848268575724 0.46117612739129094 0.5210172076618101 0.46022337571613586 0.37934723010410176 0.41080449191618185 0.5390596060705598 0.5525207113294194

rf-cfs-clust
0.4957380082659652 0.5944704044175749 0.5454576375917302 0.5018636208622976 0.4451382770337248 0.5361183073782995 0.35409857733283234 0.5333505506862773 0.6272848268575724 0.47167715531173987 0.5886005583449191 0.5478634145365561 0.658196885814471 0.6064420568293799 0.5774447174873886 0.572653559113564 0.5478634145365561 0.6272848268575724 0.5240867214021058 0.5685405175723512 0.46022337571613586 0.4910463758239913 0.41080449191618185 0.5390596060705598 0.5018636208622976

rf-dtf
0.6164539172547818 0.30681558381075724 0.47167715531173987 0.5454576375917302 0.5390596060705598 0.6484787516627084 0.5335936864527373 0.39870341384438307 0.4853252139882813 0.5240867214021058 0.6009252125773316 0.6050839141886657 0.27929627490398135 0.5390596060705598 0.5018636208622976 0.4143453858382305 0.37267799624996495 0.7174216873994125 0.5111309509773956 0.7253429871306345 0.5457467417885694 0.3952847075210474 0.6541536654692749 0.6916630004488558 0.4264053881792633

rf-dtf-clust
0.6718548123582124 0.30681558381075724 0.45556101762836776 0.5454576375917302 0.5390596060705598 0.6484787516627084 0.5944704044175749 0.39870341384438307 0.4853252139882813 0.5240867214021058 0.5892556509887896 0.6050839141886657 0.27929627490398135 0.5390596060705598 0.5018636208622976 0.5185598528498463 0.37267799624996495 0.7174216873994125 0.5111309509773956 0.7253429871306345 0.5457467417885694 0.5559026693385972 0.7174216873994125 0.6916630004488558 0.4264053881792633

rf-svmf
0.4957380082659652 0.5944704044175749 0.6006939260399132 0.6064420568293799 0.6064420568293799 0.6346477588219923 0.4044505494044732 0.47167715531173987 0.586909541511599 0.5390596060705598 0.6422015567609384 0.6588078458684123 0.662831494028052 0.6272848268575724 0.5774447174873886 0.6276179737608335 0.6009252125773316 0.6272848268575724 0.5240867214021058 0.5685405175723512 0.46022337571613586 0.37934723010410176 0.5911045773403157 0.5390596060705598 0.5454576375917302

rf-svmf-clust
0.5803495115493383 0.6009252125773316 0.5602236740975841 0.662831494028052 0.5525207113294194 0.6772880744575893 0.3952847075210474 0.5283528058677986 0.586909541511599 0.5390596060705598 0.6276179737608335 0.6009252125773316 0.662831494028052 0.6064420568293799 0.5774447174873886 0.6276179737608335 0.6588078458684123 0.6272848268575724 0.46117612739129094 0.5685405175723512 0.43077951164641176 0.43479099562495915 0.5872944963425981 0.5525207113294194 0.6006939260399132

svm-def
0.4249182927993987 0.465640405951117 0.5602236740975841 0.5525207113294194 0.47828896138057836 0.43077951164641176 0.3952847075210474 0.3940697182268771 0.4281422487024224 0.4451382770337248 0.4750730937913075 0.37934723010410176 0.3796341813569731 0.5314878538997624 0.40259321321657743 0.4044505494044732 0.49690399499995325 0.5540479534853842 0.3940697182268771 0.4451382770337248 0.5457467417885694 0.2791632116978025 0.41080449191618185 0.3692790403120151 0.4150727369518524

svm-def-clust
0.44876373392787533 0.3952847075210474 0.5111309509773956 0.6128026357093 0.4451382770337248 0.3435921354681384 0.4143453858382305 0.39870341384438307 0.40259321321657743 0.43540401595429107 0.5803495115493383 0.4289845892077917 0.3796341813569731 0.5969083217808517 0.4150727369518524 0.4143453858382305 0.48152599509332544 0.5540479534853842 0.39870341384438307 0.4451382770337248 0.48511803323813835 0.3333333333333333 0.47167715531173987 0.41818988457171485 0.4150727369518524

svm-cfs
0.28122856571273036 0.3049235888902798 0.19285604967113318 0.29424112178053713 0.29424112178053713 0.2620550314460168 0.20506698694768613 0.12121830534626528 0.47828896138057836 0.19112541856026033 0.34749988897768896 0.22395160411940415 0.47167715531173987 0.24243661069253056 0.3423303706138678 0.22395160411940415 0.37934723010410176 0.36755311767970833 0.21770200797714553 0.27039198072741244 0.3356401659331825 0.13749298523071757 0.19112541856026033 0.16162440712835371 0.339857996200442

svm-cfs-clust
0.3269056193316616 0.2635231383473649 0.173938725948394 0.2313438706925245 0.339857996200442 0.34749988897768896 0.20506698694768613 0.15534552264213694 0.38225083712052066 0.15534552264213694 0.3898796902116166 0.3251305530755451 0.5333505506862773 0.1818274580193979 0.38225083712052066 0.2791632116978025 0.37934723010410176 0.4150727369518524 0.331415747014026 0.3258368832427704 0.3356401659331825 0.14958791130929178 0.2934547707557995 0.16162440712835371 0.339857996200442

svm-dtf
0.5432668671002207 0.2946278254943948 0.45717606136790795 0.5333505506862773 0.647884058100495 0.4910463758239913 0.5335936864527373 0.39870341384438307 0.6128026357093 0.5240867214021058 0.5921946001479956 0.5432668671002207 0.23914448069028918 0.3037073450855785 0.3796341813569731 0.28122856571273036 0.456857894538848 0.711709640404637 0.5146561698674771 0.5785681490133996 0.5361183073782995 0.3584302194601094 0.6456753130510898 0.6038863286459225 0.5841586736893931

svm-dtf-clust
0.5432668671002207 0.2946278254943948 0.45556101762836776 0.5333505506862773 0.5390596060705598 0.4910463758239913 0.42400937562427077 0.39870341384438307 0.619756806258466 0.5333505506862773 0.6009252125773316 0.485912657903775 0.23914448069028918 0.41818988457171485 0.3796341813569731 0.31732387941099616 0.456857894538848 0.711709640404637 0.5111309509773956 0.5911045773403157 0.5270462766947298 0.2946278254943948 0.6541536654692749 0.6614993421457815 0.5390596060705598

svm-svmf
0.26425413320056174 0.2946278254943948 0.39076020808931883 0.59557597651488 0.4853252139882813 0.44139579394640843 0.3251305530755451 0.25161981564300523 0.4281422487024224 0.35339950860664826 0.5531196597705521 0.49690399499995325 0.47167715531173987 0.4853252139882813 0.29241839452498436 0.44139579394640843 0.4910463758239913 0.4451382770337248 0.4264053881792633 0.2567424404376408 0.3004626062886658 0.14958791130929178 0.5333505506862773 0.46662610558695394 0.4853252139882813

svm-svmf-clust
0.36217791140014716 0.2946278254943948 0.43540401595429107 0.5018636208622976 0.5390596060705598 0.3952847075210474 0.2832788618662658 0.4042947045529199 0.4417493857583103 0.35339950860664826 0.5590169943749475 0.49690399499995325 0.5333505506862773 0.40259321321657743 0.36755311767970833 0.4479032082388083 0.456857894538848 0.40259321321657743 0.43540401595429107 0.3097831384189748 0.3004626062886658 0.16782008296659126 0.5911045773403157 0.5032396312860105 0.4264053881792633
