rand-def
0.3902439024390244 0.34146341463414637 0.3684210526315789 0.42105263157894735 0.3157894736842105 0.2926829268292683 0.43902439024390244 0.21052631578947367 0.2631578947368421 0.21052631578947367 0.34146341463414637 0.2926829268292683 0.3684210526315789 0.3684210526315789 0.42105263157894735 0.34146341463414637 0.43902439024390244 0.42105263157894735 0.3157894736842105 0.42105263157894735 0.34146341463414637 0.2926829268292683 0.2631578947368421 0.3684210526315789 0.3157894736842105

oner-def
0.631578947368421 0.8571428571428571 0.7333333333333333 0.625 0.6666666666666666 0.6486486486486487 0.6666666666666666 0.7857142857142857 0.5945945945945946 0.7586206896551724 0.631578947368421 0.7333333333333333 0.7333333333333333 0.7096774193548387 0.6111111111111112 0.6857142857142857 0.7741935483870968 0.4666666666666667 0.7857142857142857 0.6470588235294118 0.5641025641025641 0.75 0.7096774193548387 0.7333333333333333 0.6875

cart-def
0.27586206896551724 0.0 0.18181818181818182 0.0 0.24 0.08333333333333333 0.2608695652173913 0.1111111111111111 0.21428571428571427 0.0 0.08333333333333333 0.0 0.10526315789473684 0.09523809523809523 0.16 0.0 0.0 0.2222222222222222 0.2222222222222222 0.16666666666666666 0.26666666666666666 0.2857142857142857 0.21052631578947367 0.10526315789473684 0.17391304347826086

cart-def-clust
0.14814814814814814 0.21052631578947367 0.19047619047619047 0.0 0.0 0.0 0.42857142857142855 0.23529411764705882 0.16666666666666666 0.21052631578947367 0.16 0.19047619047619047 0.10526315789473684 0.08333333333333333 0.23076923076923078 0.15384615384615385 0.1 0.08 0.3333333333333333 0.16666666666666666 0.15384615384615385 0.3 0.2222222222222222 0.2727272727272727 0.24

cart-cfs
0.27586206896551724 0.0 0.09523809523809523 0.24 0.24 0.0 0.3076923076923077 0.0 0.16 0.2 0.15384615384615385 0.0 0.10526315789473684 0.09523809523809523 0.2222222222222222 0.0 0.1 0.08695652173913043 0.23529411764705882 0.08695652173913043 0.14814814814814814 0.10526315789473684 0.21052631578947367 0.1 0.17391304347826086

cart-cfs-clust
0.27586206896551724 0.0 0.09523809523809523 0.24 0.24 0.08333333333333333 0.25 0.0 0.16 0.2 0.15384615384615385 0.1 0.10526315789473684 0.09523809523809523 0.2222222222222222 0.0 0.0 0.16 0.23529411764705882 0.16 0.14814814814814814 0.19047619047619047 0.11764705882352941 0.1 0.09523809523809523

cart-dtf
0.13793103448275862 0.5333333333333333 0.25 0.2608695652173913 0.2727272727272727 0.17647058823529413 0.125 0.47619047619047616 0.3333333333333333 0.3157894736842105 0.2 0.19047619047619047 0.5517241379310345 0.2727272727272727 0.3076923076923077 0.23076923076923078 0.46153846153846156 0.0 0.2962962962962963 0.0 0.21428571428571427 0.2857142857142857 0.0 0.1951219512195122 0.4

cart-dtf-clust
0.1935483870967742 0.5333333333333333 0.25 0.2608695652173913 0.2727272727272727 0.17647058823529413 0.125 0.47619047619047616 0.3333333333333333 0.3157894736842105 0.2 0.19047619047619047 0.5517241379310345 0.2727272727272727 0.3076923076923077 0.23076923076923078 0.5 0.0 0.2962962962962963 0.09523809523809523 0.21428571428571427 0.2857142857142857 0.0 0.1951219512195122 0.4

cart-svmf
0.3225806451612903 0.0 0.19047619047619047 0.09523809523809523 0.08695652173913043 0.15384615384615385 0.25 0.0 0.14814814814814814 0.10526315789473684 0.08333333333333333 0.0 0.1 0.08333333333333333 0.15384615384615385 0.0 0.0 0.08695652173913043 0.11764705882352941 0.16 0.20689655172413793 0.10526315789473684 0.11764705882352941 0.1 0.25

cart-svmf-clust
0.2222222222222222 0.0 0.10526315789473684 0.0 0.17391304347826086 0.0 0.09523809523809523 0.0 0.14814814814814814 0.2 0.07692307692307693 0.0 0.1 0.09523809523809523 0.15384615384615385 0.0 0.0 0.16 0.11764705882352941 0.08695652173913043 0.20689655172413793 0.19047619047619047 0.21052631578947367 0.0 0.09090909090909091

nb-def
0.5 0.6666666666666666 0.5714285714285714 0.38095238095238093 0.45454545454545453 0.36363636363636365 0.56 0.47619047619047616 0.48 0.5263157894736842 0.46153846153846156 0.38095238095238093 0.6086956521739131 0.5384615384615384 0.48 0.4827586206896552 0.5454545454545454 0.3076923076923077 0.6666666666666666 0.5 0.4375 0.56 0.13333333333333333 0.45454545454545453 0.47619047619047616

nb-def-clust
0.16 0.4 0.4166666666666667 0.25 0.2962962962962963 0.21428571428571427 0.5384615384615384 0.4 0.3870967741935484 0.38095238095238093 0.5 0.36363636363636365 0.09523809523809523 0.2222222222222222 0.5161290322580645 0.2222222222222222 0.3 0.27586206896551724 0.7272727272727273 0.25 0.3870967741935484 0.38095238095238093 0.3157894736842105 0.34782608695652173 0.34782608695652173

nb-cfs
0.46153846153846156 0.8571428571428571 0.26666666666666666 0.3333333333333333 0.5185185185185185 0.4827586206896552 0.6451612903225806 0.6666666666666666 0.6086956521739131 0.5217391304347826 0.4444444444444444 0.5925925925925926 0.0 0.5161290322580645 0.5454545454545454 0.6 0.7857142857142857 0.4666666666666667 0.0 0.48 0.3333333333333333 0.64 0.5454545454545454 0.64 0.3448275862068966

nb-cfs-clust
0.19047619047619047 0.6086956521739131 0.1111111111111111 0.5 0.5 0.5625 0.5517241379310345 0.6666666666666666 0.5714285714285714 0.6923076923076923 0.5 0.2727272727272727 0.0 0.3 0.2727272727272727 0.19047619047619047 0.5925925925925926 0.4666666666666667 0.4444444444444444 0.5714285714285714 0.24 0.6896551724137931 0.6428571428571429 0.13333333333333333 0.38461538461538464

nb-dtf
0.2222222222222222 0.5454545454545454 0.14285714285714285 0.45714285714285713 0.37037037037037035 0.2857142857142857 0.3728813559322034 0.37735849056603776 0.13333333333333333 0.3 0.3448275862068966 0.5 0.5714285714285714 0.2222222222222222 0.358974358974359 0.3673469387755102 0.42424242424242425 0.0 0.0 0.35714285714285715 0.11764705882352941 0.42105263157894735 0.3333333333333333 0.15384615384615385 0.32727272727272727

nb-dtf-clust
0.32 0.2608695652173913 0.36363636363636365 0.3448275862068966 0.34782608695652173 0.375 0.32142857142857145 0.3333333333333333 0.2222222222222222 0.4782608695652174 0.3333333333333333 0.24390243902439024 0.24 0.36363636363636365 0.4375 0.1935483870967742 0.3684210526315789 0.39215686274509803 0.375 0.3137254901960784 0.09523809523809523 0.43636363636363634 0.35714285714285715 0.2857142857142857 0.34615384615384615

nb-svmf
0.5925925925925926 0.42105263157894735 0.5263157894736842 0.21052631578947367 0.45454545454545453 0.2222222222222222 0.46511627906976744 0.47619047619047616 0.3 0.4444444444444444 0.4166666666666667 0.46153846153846156 0.13333333333333333 0.38095238095238093 0.5 0.5333333333333333 0.6086956521739131 0.42105263157894735 0.25 0.38461538461538464 0.13333333333333333 0.6086956521739131 0.375 0.42105263157894735 0.42105263157894735

nb-svmf-clust
0.29411764705882354 0.4827586206896552 0.23529411764705882 0.17391304347826086 0.42857142857142855 0.5142857142857142 0.3125 0.4 0.27586206896551724 0.45454545454545453 0.2222222222222222 0.5833333333333334 0.375 0.3076923076923077 0.2962962962962963 0.5806451612903226 0.2857142857142857 0.24 0.4444444444444444 0.2916666666666667 0.4444444444444444 0.6086956521739131 0.4444444444444444 0.22857142857142856 0.3125

rf-def
0.3225806451612903 0.2222222222222222 0.1 0.09523809523809523 0.24 0.21428571428571427 0.42857142857142855 0.2857142857142857 0.23076923076923078 0.2857142857142857 0.2222222222222222 0.10526315789473684 0.10526315789473684 0.09523809523809523 0.2222222222222222 0.08333333333333333 0.1 0.16 0.4 0.23076923076923078 0.3125 0.4166666666666667 0.3 0.19047619047619047 0.24

rf-def-clust
0.27586206896551724 0.2222222222222222 0.17391304347826086 0.09523809523809523 0.24 0.15384615384615385 0.38461538461538464 0.21052631578947367 0.23076923076923078 0.2857142857142857 0.16 0.10526315789473684 0.0 0.09090909090909091 0.2222222222222222 0.08333333333333333 0.1 0.14814814814814814 0.4 0.23076923076923078 0.29411764705882354 0.4166666666666667 0.3 0.19047619047619047 0.24

rf-cfs
0.3225806451612903 0.2222222222222222 0.2608695652173913 0.3076923076923077 0.37037037037037035 0.27586206896551724 0.4827586206896552 0.36363636363636365 0.21428571428571427 0.36363636363636365 0.27586206896551724 0.19047619047619047 0.10526315789473684 0.18181818181818182 0.2222222222222222 0.16 0.2727272727272727 0.16 0.4 0.2857142857142857 0.36363636363636365 0.48 0.43478260869565216 0.2727272727272727 0.25

rf-cfs-clust
0.3225806451612903 0.2222222222222222 0.2608695652173913 0.3076923076923077 0.37037037037037035 0.27586206896551724 0.4827586206896552 0.2857142857142857 0.16 0.36363636363636365 0.21428571428571427 0.2727272727272727 0.10526315789473684 0.18181818181818182 0.2222222222222222 0.23076923076923078 0.2727272727272727 0.16 0.3157894736842105 0.23076923076923078 0.36363636363636365 0.34782608695652173 0.43478260869565216 0.2727272727272727 0.3076923076923077

rf-dtf
0.1935483870967742 0.5333333333333333 0.36363636363636365 0.2608695652173913 0.2727272727272727 0.17647058823529413 0.3333333333333333 0.47619047619047616 0.3333333333333333 0.3157894736842105 0.2 0.19047619047619047 0.5517241379310345 0.2727272727272727 0.3076923076923077 0.41379310344827586 0.5 0.0 0.2962962962962963 0.0 0.26666666666666666 0.4444444444444444 0.1111111111111111 0.1951219512195122 0.4

rf-dtf-clust
0.16666666666666666 0.5333333333333333 0.35714285714285715 0.2608695652173913 0.2727272727272727 0.17647058823529413 0.2222222222222222 0.47619047619047616 0.3333333333333333 0.3157894736842105 0.2857142857142857 0.19047619047619047 0.5517241379310345 0.2727272727272727 0.3076923076923077 0.2962962962962963 0.5 0.0 0.2962962962962963 0.0 0.26666666666666666 0.32558139534883723 0.0 0.1951219512195122 0.4

rf-svmf
0.3225806451612903 0.2222222222222222 0.19047619047619047 0.18181818181818182 0.18181818181818182 0.15384615384615385 0.42857142857142855 0.36363636363636365 0.21428571428571427 0.2727272727272727 0.14814814814814814 0.10526315789473684 0.1 0.16 0.2222222222222222 0.16 0.2 0.16 0.3157894736842105 0.23076923076923078 0.36363636363636365 0.48 0.21052631578947367 0.2727272727272727 0.2608695652173913

rf-svmf-clust
0.2222222222222222 0.2 0.24 0.1 0.25 0.08695652173913043 0.4444444444444444 0.3 0.21428571428571427 0.2727272727272727 0.16 0.2 0.1 0.18181818181818182 0.2222222222222222 0.16 0.10526315789473684 0.16 0.4 0.23076923076923078 0.4 0.4166666666666667 0.2222222222222222 0.25 0.19047619047619047

svm-def
0.4 0.35714285714285715 0.24 0.25 0.3333333333333333 0.4 0.4444444444444444 0.5 0.3870967741935484 0.37037037037037035 0.3448275862068966 0.48 0.4444444444444444 0.27586206896551724 0.41379310344827586 0.42857142857142855 0.3333333333333333 0.25806451612903225 0.5 0.37037037037037035 0.26666666666666666 0.5625 0.43478260869565216 0.46153846153846156 0.4

svm-def-clust
0.38461538461538464 0.4444444444444444 0.2962962962962963 0.17391304347826086 0.37037037037037035 0.5 0.41379310344827586 0.47619047619047616 0.41379310344827586 0.38461538461538464 0.2222222222222222 0.43478260869565216 0.4444444444444444 0.20689655172413793 0.4 0.41379310344827586 0.38095238095238093 0.25806451612903225 0.47619047619047616 0.37037037037037035 0.3333333333333333 0.5 0.36363636363636365 0.4166666666666667 0.4

svm-cfs
0.5945945945945946 0.6086956521739131 0.6666666666666666 0.5333333333333333 0.5333333333333333 0.6111111111111112 0.6666666666666666 0.7857142857142857 0.3333333333333333 0.6666666666666666 0.48484848484848486 0.6428571428571429 0.36363636363636365 0.6470588235294118 0.48484848484848486 0.6470588235294118 0.48 0.45161290322580644 0.6666666666666666 0.5882352941176471 0.5263157894736842 0.7741935483870968 0.6666666666666666 0.7333333333333333 0.4827586206896552

svm-cfs-clust
0.5142857142857142 0.6153846153846154 0.6896551724137931 0.625 0.4827586206896552 0.48484848484848486 0.6666666666666666 0.7142857142857143 0.4375 0.7142857142857143 0.4375 0.5384615384615384 0.2857142857142857 0.7096774193548387 0.4375 0.5625 0.48 0.4 0.5714285714285714 0.5 0.5263157894736842 0.7333333333333333 0.56 0.7333333333333333 0.4827586206896552

svm-dtf
0.2857142857142857 0.5517241379310345 0.42105263157894735 0.2857142857142857 0.125 0.34782608695652173 0.3333333333333333 0.47619047619047616 0.17391304347826086 0.3157894736842105 0.23529411764705882 0.2857142857142857 0.6153846153846154 0.5384615384615384 0.4444444444444444 0.5714285714285714 0.37037037037037035 0.0 0.4 0.34782608695652173 0.27586206896551724 0.5714285714285714 0.13333333333333333 0.2564102564102564 0.23529411764705882

svm-dtf-clust
0.2857142857142857 0.5517241379310345 0.35714285714285715 0.2857142857142857 0.2727272727272727 0.34782608695652173 0.45454545454545453 0.47619047619047616 0.16666666666666666 0.2857142857142857 0.2 0.36363636363636365 0.6153846153846154 0.4166666666666667 0.4444444444444444 0.5405405405405406 0.37037037037037035 0.0 0.2962962962962963 0.21052631578947367 0.2857142857142857 0.5517241379310345 0.1111111111111111 0.20512820512820512 0.2727272727272727

svm-svmf
0.5806451612903226 0.5517241379310345 0.42857142857142855 0.2 0.3333333333333333 0.4 0.5384615384615384 0.5925925925925926 0.3870967741935484 0.4666666666666667 0.2608695652173913 0.3333333333333333 0.36363636363636365 0.3333333333333333 0.5454545454545454 0.41025641025641024 0.34782608695652173 0.37037037037037035 0.4 0.5806451612903226 0.5789473684210527 0.7333333333333333 0.2857142857142857 0.3448275862068966 0.3333333333333333

svm-svmf-clust
0.47058823529411764 0.5517241379310345 0.38461538461538464 0.3076923076923077 0.2727272727272727 0.4444444444444444 0.5714285714285714 0.45454545454545453 0.375 0.4666666666666667 0.25 0.3333333333333333 0.2857142857142857 0.41379310344827586 0.45161290322580644 0.45454545454545453 0.37037037037037035 0.41379310344827586 0.38461538461538464 0.5161290322580645 0.5789473684210527 0.7096774193548387 0.21052631578947367 0.3125 0.4
