rand-def
0.0 0.0 0.0 0.0 0.0 0.0 0.0 0.0 0.0 0.0 0.0 0.0 0.0 0.0 0.0 0.0 0.0 0.0 0.0 0.0 0.0 0.0 0.0 0.0 0.0 

oner-def
1.0 0.8421052631578947 1.0 0.9411764705882354 0.9333333333333333 0.9411764705882353 0.9230769230769231 1.0 0.894736842105263 1.0 0.8461538461538461 1.0 0.9411764705882354 1.0 1.0 1.0 1.0 0.9333333333333333 1.0 0.9411764705882353 0.9333333333333333 0.8421052631578947 1.0 0.9090909090909092 0.9333333333333333 

oner-cfs
1.0 0.9473684210526316 0.9333333333333333 0.8823529411764706 0.9333333333333333 1.0 0.9230769230769231 1.0 0.9473684210526316 0.9230769230769231 0.8461538461538461 0.9473684210526316 1.0 1.0 0.8947368421052632 0.9230769230769231 1.0 0.9333333333333333 0.9333333333333333 1.0 0.8666666666666667 1.0 1.0 0.818181818181818 0.9333333333333333 

oner-dtf
0.9473684210526315 0.894736842105263 1.0 0.9411764705882354 1.0 0.9411764705882353 1.0 1.0 0.894736842105263 1.0 0.8461538461538461 1.0 1.0 0.9230769230769231 1.0 1.0 1.0 0.7999999999999999 0.9333333333333333 0.9411764705882353 0.9333333333333333 0.8421052631578947 1.0 0.9090909090909092 0.9333333333333333 

oner-svmf
0.9473684210526315 0.894736842105263 0.9333333333333333 0.8823529411764706 0.9333333333333333 1.0 0.9230769230769231 1.0 0.7894736842105263 0.9230769230769231 0.8461538461538461 0.9473684210526316 1.0 0.9230769230769231 1.0 0.9230769230769231 0.846153846153846 0.7999999999999999 0.9333333333333333 1.0 0.8666666666666667 0.894736842105263 1.0 0.818181818181818 0.9333333333333333 

cart-def
0.9473684210526315 0.8421052631578947 1.0 0.9411764705882354 0.9333333333333333 0.9411764705882353 0.9230769230769231 1.0 0.894736842105263 1.0 0.8461538461538461 1.0 0.9411764705882354 1.0 1.0 0.9230769230769231 1.0 0.9333333333333333 1.0 0.9411764705882353 0.9333333333333333 0.894736842105263 1.0 0.9090909090909092 0.8666666666666667 

cart-cfs
1.0 0.9473684210526316 1.0 0.9411764705882354 0.9333333333333333 1.0 1.0 1.0 0.9473684210526316 0.8461538461538461 0.9230769230769231 1.0 0.9411764705882354 1.0 0.8947368421052632 0.8461538461538461 1.0 0.8666666666666666 0.9333333333333333 1.0 1.0 0.9473684210526316 1.0 0.9090909090909092 0.9333333333333333 

cart-dtf
1.0 0.894736842105263 1.0 0.9411764705882354 1.0 0.9411764705882353 1.0 1.0 0.894736842105263 1.0 0.8461538461538461 0.9473684210526316 0.9411764705882354 0.9230769230769231 1.0 1.0 1.0 0.7999999999999999 0.9333333333333333 1.0 0.9333333333333333 0.894736842105263 1.0 0.9090909090909092 0.9333333333333333 

cart-svmf
1.0 0.894736842105263 0.9333333333333333 0.8823529411764706 0.9333333333333333 0.9411764705882353 0.9230769230769231 1.0 0.894736842105263 0.9230769230769231 0.8461538461538461 0.9473684210526316 0.9411764705882354 0.9230769230769231 1.0 1.0 0.9230769230769231 0.7999999999999999 0.9333333333333333 1.0 1.0 0.894736842105263 1.0 0.818181818181818 0.9333333333333333 

nb-def
0.9473684210526315 0.8421052631578947 0.9333333333333333 1.0 1.0 0.9411764705882353 0.9230769230769231 0.846153846153846 0.9473684210526316 1.0 0.9230769230769231 1.0 0.8823529411764706 0.9230769230769231 0.9473684210526317 1.0 0.846153846153846 0.8666666666666666 1.0 0.9411764705882353 0.8666666666666667 0.9473684210526316 1.0 0.9090909090909092 0.9333333333333333 

nb-cfs
1.0 0.894736842105263 1.0 0.823529411764706 1.0 0.9411764705882353 1.0 1.0 0.9473684210526316 0.9230769230769231 0.6923076923076923 1.0 0.9411764705882354 0.9230769230769231 0.8947368421052632 0.9230769230769231 1.0 0.8666666666666666 0.7999999999999999 0.8823529411764706 0.9333333333333333 0.8421052631578947 0.9333333333333333 0.9090909090909092 0.9333333333333333 

nb-dtf
1.0 0.8421052631578947 1.0 1.0 1.0 0.9411764705882353 0.9230769230769231 1.0 0.9473684210526316 1.0 0.9230769230769231 1.0 1.0 0.9230769230769231 1.0 1.0 0.9230769230769231 0.7999999999999999 0.9333333333333333 0.9411764705882353 1.0 0.894736842105263 1.0 0.9090909090909092 0.9333333333333333 

nb-svmf
1.0 0.9473684210526316 0.9333333333333333 0.7647058823529412 0.8 1.0 0.846153846153846 0.7692307692307692 0.894736842105263 0.9230769230769231 0.38461538461538464 1.0 1.0 1.0 1.0 0.9230769230769231 0.9230769230769231 0.8666666666666666 0.8666666666666666 0.9411764705882353 0.8 0.8421052631578947 1.0 0.818181818181818 0.9333333333333333 

rf-def
1.0 0.9473684210526316 1.0 1.0 1.0 0.9411764705882353 1.0 1.0 0.9473684210526316 1.0 0.9230769230769231 1.0 1.0 1.0 1.0 1.0 1.0 0.9333333333333333 1.0 1.0 1.0 1.0 1.0 0.9090909090909092 0.9333333333333333 

rf-cfs
0.9473684210526315 0.894736842105263 0.9333333333333333 1.0 1.0 0.9411764705882353 0.9230769230769231 1.0 0.8421052631578947 1.0 0.8461538461538461 1.0 0.9411764705882354 1.0 0.8947368421052632 0.9230769230769231 0.9230769230769231 0.9333333333333333 1.0 1.0 1.0 1.0 1.0 0.818181818181818 1.0 

rf-dtf
1.0 0.9473684210526316 1.0 0.9411764705882354 1.0 1.0 0.846153846153846 1.0 0.894736842105263 1.0 0.8461538461538461 1.0 1.0 1.0 1.0 1.0 1.0 0.8666666666666666 0.9333333333333333 0.9411764705882353 0.9333333333333333 0.9473684210526316 1.0 0.9090909090909092 0.9333333333333333 

rf-svmf
0.9473684210526315 0.894736842105263 0.9333333333333333 1.0 1.0 1.0 0.9230769230769231 1.0 0.8421052631578947 0.8461538461538461 0.7692307692307693 0.894736842105263 1.0 0.9230769230769231 0.8947368421052632 0.9230769230769231 0.846153846153846 0.9333333333333333 0.9333333333333333 1.0 0.9333333333333333 0.894736842105263 1.0 0.818181818181818 0.9333333333333333 

svm-def
0.3157894736842105 0.5789473684210527 0.4666666666666667 0.23529411764705893 0.46666666666666656 0.29411764705882354 0.3076923076923077 0.3076923076923077 0.42105263157894735 0.0 0.15384615384615385 0.5263157894736843 0.2941176470588236 0.3846153846153846 0.4736842105263158 0.07692307692307693 0.2307692307692306 0.33333333333333326 0.33333333333333326 0.2941176470588235 0.26666666666666666 0.42105263157894735 0.33333333333333326 -0.09090909090909083 0.19999999999999996 

svm-cfs
0.8947368421052632 0.736842105263158 0.9333333333333333 0.823529411764706 0.7333333333333334 0.7058823529411765 0.9230769230769231 0.846153846153846 0.631578947368421 0.8461538461538461 0.6153846153846154 0.894736842105263 0.8823529411764706 0.6923076923076923 0.7368421052631581 0.6923076923076923 1.0 0.8666666666666666 0.7333333333333334 1.0 0.8666666666666667 0.7894736842105263 0.7999999999999999 0.9090909090909092 0.6000000000000001 

svm-dtf
0.7894736842105263 0.6842105263157894 0.4666666666666667 0.23529411764705893 0.8 0.29411764705882354 0.3076923076923077 0.6153846153846154 0.42105263157894735 0.0 0.15384615384615385 0.8421052631578947 0.2941176470588236 0.5384615384615383 0.4736842105263158 0.7692307692307693 0.7692307692307692 0.5999999999999999 0.7999999999999999 0.2941176470588235 0.26666666666666666 0.42105263157894735 0.7333333333333334 0.6363636363636364 0.19999999999999996 

svm-svmf
1.0 0.894736842105263 0.9333333333333333 0.9411764705882354 0.9333333333333333 0.9411764705882353 0.9230769230769231 0.7692307692307692 0.9473684210526316 0.9230769230769231 0.7692307692307693 1.0 1.0 1.0 1.0 1.0 0.9230769230769231 0.7333333333333334 0.8666666666666666 1.0 1.0 0.736842105263158 0.7999999999999999 0.818181818181818 0.9333333333333333 

