rand-def
-0.18039215686274512 -0.22083333333333333 0.03750000000000009 -0.09166666666666667 0.008928571428571397 -0.05490196078431375 0.16666666666666652 0.16666666666666652 -0.22083333333333333 0.1428571428571428 0.196078431372549 -0.22083333333333333 -0.09166666666666667 0.16666666666666652 -0.2589285714285714 0.196078431372549 0.16666666666666652 0.03750000000000009 0.03750000000000009 -0.125 0.07058823529411762 -0.22083333333333333 0.03750000000000009 0.2958333333333334 0.008928571428571397 

oner-def
1.0 0.8083333333333333 1.0 0.9333333333333333 0.9375 0.9411764705882353 0.9375 1.0 0.8666666666666667 1.0 0.8666666666666667 1.0 0.9375 1.0 1.0 1.0 1.0 0.9333333333333333 1.0 0.9285714285714286 0.9333333333333333 0.8125 1.0 0.9333333333333333 0.9375 

oner-cfs
1.0 0.9333333333333333 0.9333333333333333 0.8666666666666667 0.9285714285714286 1.0 0.9333333333333333 1.0 0.9333333333333333 0.9285714285714286 0.8666666666666667 0.9333333333333333 1.0 1.0 0.8571428571428572 0.9333333333333333 1.0 0.9333333333333333 0.9333333333333333 1.0 0.8666666666666667 1.0 1.0 0.8666666666666667 0.9285714285714286 

oner-dtf
0.9333333333333333 0.8708333333333333 1.0 0.9333333333333333 1.0 0.9411764705882353 1.0 1.0 0.8666666666666667 1.0 0.8666666666666667 1.0 1.0 0.9375 1.0 1.0 1.0 0.8083333333333333 0.9333333333333333 0.9285714285714286 0.9333333333333333 0.8125 1.0 0.9333333333333333 0.9375 

oner-svmf
0.9333333333333333 0.8708333333333333 0.9333333333333333 0.8666666666666667 0.9285714285714286 1.0 0.9333333333333333 1.0 0.7333333333333334 0.9285714285714286 0.8666666666666667 0.9333333333333333 1.0 0.9333333333333333 1.0 0.9333333333333333 0.8666666666666667 0.8083333333333333 0.9333333333333333 1.0 0.8666666666666667 0.8708333333333333 1.0 0.8666666666666667 0.9375 

cart-def
0.9411764705882353 0.8083333333333333 1.0 0.9333333333333333 0.9375 0.9411764705882353 0.9333333333333333 1.0 0.8666666666666667 1.0 0.8666666666666667 1.0 0.9375 1.0 1.0 0.9411764705882353 1.0 0.9333333333333333 1.0 0.9285714285714286 0.9333333333333333 0.875 1.0 0.9333333333333333 0.8660714285714286 

cart-cfs
1.0 0.9333333333333333 1.0 0.9375 0.9375 1.0 1.0 1.0 0.9333333333333333 0.8660714285714286 0.9333333333333333 1.0 0.9375 1.0 0.8571428571428572 0.8745098039215686 1.0 0.8708333333333333 0.9375 1.0 1.0 0.9375 1.0 0.9333333333333333 0.9375 

cart-dtf
1.0 0.8708333333333333 1.0 0.9333333333333333 1.0 0.9411764705882353 1.0 1.0 0.8666666666666667 1.0 0.8666666666666667 0.9375 0.9375 0.9375 1.0 1.0 1.0 0.8083333333333333 0.9333333333333333 1.0 0.9333333333333333 0.875 1.0 0.9333333333333333 0.9375 

cart-svmf
1.0 0.8708333333333333 0.9333333333333333 0.8708333333333333 0.9285714285714286 0.9411764705882353 0.9333333333333333 1.0 0.8666666666666667 0.9375 0.8666666666666667 0.9333333333333333 0.9375 0.9333333333333333 1.0 1.0 0.9333333333333333 0.8083333333333333 0.9375 1.0 1.0 0.8708333333333333 1.0 0.8666666666666667 0.9375 

nb-def
0.9411764705882353 0.8083333333333333 0.9375 1.0 1.0 0.9411764705882353 0.9375 0.875 0.9333333333333333 1.0 0.9333333333333333 1.0 0.875 0.9375 0.9375 1.0 0.875 0.8708333333333333 1.0 0.9375 0.8823529411764706 0.9375 1.0 0.9333333333333333 0.9375 

nb-cfs
1.0 0.8708333333333333 1.0 0.8083333333333333 1.0 0.9411764705882353 1.0 1.0 0.9333333333333333 0.9375 0.7568627450980392 1.0 0.9375 0.9375 0.875 0.9411764705882353 1.0 0.875 0.8125 0.8660714285714286 0.9333333333333333 0.8125 0.9375 0.9333333333333333 0.9375 

nb-dtf
1.0 0.8083333333333333 1.0 1.0 1.0 0.9411764705882353 0.9375 1.0 0.9333333333333333 1.0 0.9333333333333333 1.0 1.0 0.9375 1.0 1.0 0.9375 0.8125 0.9375 0.9375 1.0 0.875 1.0 0.9333333333333333 0.9375 

nb-svmf
1.0 0.9375 0.9333333333333333 0.7458333333333333 0.8125 1.0 0.875 0.8125 0.8666666666666667 0.9285714285714286 0.5215686274509803 1.0 1.0 1.0 1.0 0.9333333333333333 0.9333333333333333 0.875 0.875 0.9285714285714286 0.8156862745098039 0.8083333333333333 1.0 0.8666666666666667 0.9375 

rf-def
1.0 0.9333333333333333 1.0 1.0 1.0 0.9411764705882353 1.0 1.0 0.9333333333333333 1.0 0.9333333333333333 1.0 1.0 1.0 1.0 1.0 1.0 0.9333333333333333 1.0 1.0 1.0 1.0 1.0 0.9333333333333333 0.9285714285714286 

rf-cfs
0.9333333333333333 0.8708333333333333 0.9333333333333333 1.0 1.0 0.9411764705882353 0.9333333333333333 1.0 0.8 1.0 0.8666666666666667 1.0 0.9375 1.0 0.8571428571428572 0.9333333333333333 0.9333333333333333 0.9375 1.0 1.0 1.0 1.0 1.0 0.8666666666666667 1.0 

rf-dtf
1.0 0.9333333333333333 1.0 0.9333333333333333 1.0 1.0 0.8708333333333333 1.0 0.8666666666666667 1.0 0.8666666666666667 1.0 1.0 1.0 1.0 1.0 1.0 0.8708333333333333 0.9333333333333333 0.9285714285714286 0.9333333333333333 0.9375 1.0 0.9333333333333333 0.9375 

rf-svmf
0.9333333333333333 0.8708333333333333 0.9333333333333333 1.0 1.0 1.0 0.9333333333333333 1.0 0.8 0.8660714285714286 0.8 0.8666666666666667 1.0 0.9333333333333333 0.8571428571428572 0.9333333333333333 0.8666666666666667 0.9333333333333333 0.9333333333333333 1.0 0.9333333333333333 0.8708333333333333 1.0 0.8666666666666667 0.9375 

svm-def
0.1333333333333333 0.4666666666666668 0.4666666666666668 0.1333333333333333 0.4285714285714286 0.19999999999999996 0.3999999999999999 0.3999999999999999 0.2666666666666666 0.0714285714285714 0.2666666666666666 0.3999999999999999 0.19999999999999996 0.4666666666666668 0.2857142857142856 0.19999999999999996 0.33333333333333326 0.33333333333333326 0.33333333333333326 0.1428571428571428 0.2666666666666666 0.2666666666666666 0.33333333333333326 0.19999999999999996 0.1428571428571428 

svm-cfs
0.8823529411764706 0.6875 0.9375 0.8125 0.75 0.7058823529411766 0.9375 0.875 0.5625 0.875 0.7058823529411766 0.875 0.875 0.75 0.6875 0.7647058823529411 1.0 0.875 0.75 1.0 0.8823529411764706 0.75 0.8125 0.9375 0.625 

svm-dtf
0.7647058823529411 0.625 0.4666666666666668 0.1333333333333333 0.8125 0.19999999999999996 0.3999999999999999 0.6875 0.2666666666666666 0.0714285714285714 0.2666666666666666 0.8125 0.19999999999999996 0.625 0.2857142857142856 0.8235294117647058 0.8125 0.625 0.8125 0.1428571428571428 0.2666666666666666 0.3125 0.75 0.75 0.1428571428571428 

svm-svmf
1.0 0.875 0.9333333333333333 0.9375 0.9375 0.9411764705882353 0.9375 0.8125 0.9333333333333333 0.9375 0.807843137254902 1.0 1.0 1.0 1.0 1.0 0.9333333333333333 0.75 0.875 1.0 1.0 0.6833333333333333 0.8125 0.8666666666666667 0.9375 

