rand-def
0.5951711621179355 0.512641701709948 0.512641701709948 0.4373961885472526 0.4965652268696963 0.4738837741264473 0.5531929813463841 0.512641701709948 0.5531929813463841 0.6250484247418432 0.4373961885472526 0.512641701709948 0.4738837741264473 0.5531929813463841 0.4580683380843762 0.5951711621179355 0.5531929813463841 0.5531929813463841 0.4738837741264473 0.4965652268696963 0.4037948705197794 0.512641701709948 0.5951711621179355 0.5531929813463841 0.4965652268696963

oner-def
0.20398352455177451 0.18088778123376797 0.25112929243546933 0.23022081247934106 0.24666515622786542 0.20288467111206124 0.21377646873081665 0.20398352455177451 0.24666515622786542 0.21377646873081665 0.19733212498229233 0.24877803638492046 0.2349975419464428 0.19733212498229233 0.2941372215712083 0.16185036649122964 0.16185036649122964 0.34533121871901157 0.31244253122196286 0.1644434374852436 0.1895535096505789 0.20288467111206124 0.3322480981888009 0.18088778123376797 0.19733212498229233

cart-def
0.3444181771863902 0.1931493003985685 0.34487674254728606 0.31820737599649285 0.29271016714656806 0.4114169009097529 0.2699300053717852 0.3828170389145921 0.34487674254728606 0.29271016714656806 0.49926332366215864 0.3616526242622596 0.43350040461946515 0.39941065892972694 0.3303685622730074 0.3444181771863902 0.33647518771820756 0.3686875818641741 0.3931784168439396 0.29271016714656806 0.3444181771863902 0.3898168981839153 0.5320393984651319 0.33161808553540534 0.32417146746519737

cart-def-clust
0.5772784472199374 0.22092071242918243 0.29711268056956275 0.3192236390790792 0.23252254117670876 0.3494843265635111 0.3400724921570101 0.30536929384707623 0.5176124040295402 0.2775354316636771 0.6267872109416496 0.5049184207591337 0.4940910381388357 0.3828170389145921 0.4619448712716868 0.38598268517540135 0.3898168981839153 0.29711268056956275 0.48270241608950737 0.26096393096593967 0.3400724921570101 0.3444181771863902 0.38448518364030093 0.33365047109327683 0.46891689955245425

cart-cfs
0.47597151730259685 0.12438901819246023 0.2612966608191369 0.6438132672643385 0.4496724070614918 0.20570845045487646 0.2168908576495635 0.5311678590742768 0.6107385876941525 0.36706265389917664 0.7259763385482774 0.6937261232925954 0.3357385729994031 0.3192236390790792 0.33087140823452765 0.5250231422726808 0.31194014208571563 0.3686875818641741 0.630991562179221 0.25043972983035745 0.3828170389145921 0.427122638093413 0.6490423207608063 0.25552015075735673 0.23252254117670876

cart-cfs-clust
0.6267872109416496 0.2783150863723448 0.38448518364030093 0.684306908452071 0.4734015266339624 0.3494843265635111 0.432157854299781 0.3494843265635111 0.6546427866051863 0.47322225782995553 0.7259763385482774 0.6490423207608063 0.3192236390790792 0.3898168981839153 0.5263133786663765 0.5349724676404809 0.39430017479945934 0.4182614154113402 0.6238802841714313 0.3303685622730074 0.31194014208571563 0.5278483501692466 0.6490423207608063 0.22092071242918243 0.4780547926839712

cart-dtf
0.2871127791859441 0.1250971619257595 0.6107385876941525 0.11495891418242869 0.2248362035307459 0.09477675482528945 0.09866606249114616 0.29455120273560387 0.14519526770965552 0.26558599593553955 0.20570845045487646 0.3616526242622596 0.29455120273560387 0.1064078796930264 0.2573115974377337 0.19970532946486347 0.24963166183107932 0.2047040100899106 0.6490423207608063 0.06027176929078649 0.5049184207591337 0.23798575865129842 0.2783150863723448 0.1064078796930264 0.13024781251769207

cart-dtf-clust
0.33161808553540534 0.09477675482528945 0.6171253513646293 0.31194014208571563 0.08293180010874827 0.22991782836485739 0.057479457091214346 0.4355858031289665 0.14977899709864761 0.2573115974377337 0.31194014208571563 0.39941065892972694 0.14519526770965552 0.19140851945729606 0.3569786379769477 0.2833203424417662 0.24963166183107932 0.2397066692907099 0.6490423207608063 0.05311719918710791 0.5049184207591337 0.47597151730259685 0.2612966608191369 0.057479457091214346 0.218120924176483

cart-svmf
0.3400724921570101 0.17547826257339996 0.16358609669831603 0.1931493003985685 0.2775354316636771 0.06823467002997019 0.1250971619257595 0.14519526770965552 0.6546427866051863 0.4093799814152654 0.11495891418242869 0.2783150863723448 0.17243837127364303 0.3898168981839153 0.584289191058187 0.19140851945729606 0.19970532946486347 0.3646938750495379 0.630991562179221 0.26096393096593967 0.15597007104285782 0.3828170389145921 0.33161808553540534 0.25552015075735673 0.2711282023168899

cart-svmf-clust
0.29039053541931104 0.0822217187426218 0.25552015075735673 0.2447084359327844 0.218120924176483 0.09985266473243173 0.11495891418242869 0.20570845045487646 0.6490423207608063 0.20269865064161594 0.19490844909195765 0.16358609669831603 0.19970532946486347 0.33161808553540534 0.6768781966584202 0.19490844909195765 0.14519526770965552 0.31820737599649285 0.6669199086347486 0.26096393096593967 0.2871127791859441 0.3299831645537222 0.33365047109327683 0.1064078796930264 0.1723937200319669

nb-def
0.3192236390790792 0.44419213437932065 0.2336434622922429 0.22960921018041827 0.2824115686027031 0.1931493003985685 0.2168908576495635 0.18692942952327685 0.43350040461946515 0.32049255491213624 0.16185036649122964 0.34487674254728606 0.256320850854974 0.2783150863723448 0.361630615744719 0.30536929384707623 0.39430017479945934 0.29758558105896776 0.27949149873782336 0.17202518577268414 0.22991782836485739 0.2873972854560717 0.32370073298245927 0.2047040100899106 0.29271016714656806

nb-def-clust
0.4940910381388357 0.4550182898873002 0.4256315187721056 0.5491896560283744 0.436241848352966 0.5392519083283609 0.34487674254728606 0.31194014208571563 0.5991159883945905 0.4496724070614918 0.6304437225497972 0.5349724676404809 0.4114169009097529 0.39430017479945934 0.5895875142315872 0.5807810708386221 0.5772784472199374 0.3646938750495379 0.46791021312857345 0.5709466889580949 0.26230890411920355 0.39941065892972694 0.48270241608950737 0.39430017479945934 0.6730721957758187

nb-cfs
0.5607882885698304 0.4768859687072064 0.21377646873081665 0.24277554973684448 0.5777639319174508 0.20288467111206124 0.24666515622786542 0.5262189999527795 0.45389698678323565 0.5450087384668642 0.18692942952327685 0.23022081247934106 0.34533121871901157 0.5591076874498282 0.5613843839773761 0.45389698678323565 0.4628484765199232 0.36177556246753595 0.2987082338634572 0.5262189999527795 0.36177556246753595 0.4503348913109791 0.3322480981888009 0.5447070100699106 0.36177556246753595

nb-cfs-clust
0.5049184207591337 0.26230890411920355 0.4907582900949481 0.6801449843140202 0.4728824810274574 0.2783150863723448 0.40512461535817895 0.3763100826294246 0.40796704910354903 0.383280226136035 0.41198615047815157 0.32370073298245927 0.4396025541607578 0.5392519083283609 0.3529265137299166 0.4493369912959428 0.38598268517540135 0.548062563731182 0.40235619963850044 0.3447874400639338 0.26230890411920355 0.3686875818641741 0.433781715299127 0.43350040461946515 0.2824115686027031

nb-dtf
0.32717219339663206 0.3485338905245514 0.49333031245573084 0.39466424996458466 0.5613843839773761 0.33365047109327683 0.3648339071699946 0.29972845912556095 0.4114169009097529 0.3372543052961189 0.39466424996458466 0.2873972854560717 0.4604416249586821 0.3783787554066908 0.4553434608673599 0.4792102350451552 0.2699300053717852 0.6248850624439257 0.591996374946877 0.20718221697898823 0.49333031245573084 0.4464927859934963 0.4275529374616333 0.1931493003985685 0.3490052593158462

nb-dtf-clust
0.39430017479945934 0.4432875092718604 0.49333031245573084 0.6238802841714313 0.33274253851291113 0.3552401175730936 0.17106684761865884 0.2783150863723448 0.4550182898873002 0.3303685622730074 0.35324519038959523 0.3686875818641741 0.4094080201798212 0.41198615047815157 0.26202969727969233 0.32370073298245927 0.24277554973684448 0.4057693422241225 0.5448912147496079 0.20066348924985292 0.4861163605955878 0.24277554973684448 0.44184142485836486 0.17547826257339996 0.3720707753196957

nb-svmf
0.39941065892972694 0.5262189999527795 0.6248850624439257 0.250194323851519 0.3529265137299166 0.3648339071699946 0.2873972854560717 0.5283262799951614 0.4464927859934963 0.5035661613138059 0.31194014208571563 0.3898168981839153 0.3649327210212079 0.5616277732303862 0.4553434608673599 0.432157854299781 0.5426633437013039 0.5097746562042551 0.591996374946877 0.5613843839773761 0.6248850624439257 0.2699300053717852 0.4768859687072064 0.5755520311983526 0.3303685622730074

nb-svmf-clust
0.4256315187721056 0.38448518364030093 0.4699950838928856 0.2783150863723448 0.25043972983035745 0.28433026447586834 0.3074012412232302 0.45443285995323457 0.43014385565098284 0.4310959281841075 0.32370073298245927 0.3552401175730936 0.3783787554066908 0.4658921177877361 0.5035661613138059 0.3898168981839153 0.25112929243546933 0.5591076874498282 0.5670011420221159 0.37673048953523175 0.3132895650055611 0.3616526242622596 0.4214502762086973 0.46597594972488854 0.584289191058187

rf-def
0.638964744688806 0.4940910381388357 0.5673539559988428 0.5673539559988428 0.4310959281841075 0.638964744688806 0.5176124040295402 0.5939026767069463 0.6171253513646293 0.584289191058187 0.7298769686732658 0.6490423207608063 0.5176124040295402 0.5439949751797823 0.5364908482127183 0.6729503754364151 0.5807810708386221 0.4992260099171775 0.5970794050010849 0.4833986938265222 0.49926332366215864 0.684306908452071 0.5368114906816478 0.5349724676404809 0.6730721957758187

rf-def-clust
0.638964744688806 0.4940910381388357 0.48270241608950737 0.5608825790411989 0.4650450823534175 0.638964744688806 0.4750793392508433 0.638964744688806 0.5673539559988428 0.6325087573901136 0.7298769686732658 0.6490423207608063 0.5176124040295402 0.6304437225497972 0.584289191058187 0.6729503754364151 0.5807810708386221 0.4992260099171775 0.548062563731182 0.5263133786663765 0.5439949751797823 0.638964744688806 0.5368114906816478 0.5311678590742768 0.6280036488010825

rf-cfs
0.5491896560283744 0.2168908576495635 0.40235619963850044 0.604731658327078 0.4131590233590667 0.638964744688806 0.5110403015147135 0.5491896560283744 0.5742234653737219 0.4892372046981913 0.684306908452071 0.604731658327078 0.43350040461946515 0.4182614154113402 0.3529265137299166 0.6729503754364151 0.5349724676404809 0.35324519038959523 0.5566301727446896 0.3447874400639338 0.3686875818641741 0.5939026767069463 0.433781715299127 0.31194014208571563 0.4780547926839712

rf-cfs-clust
0.5939026767069463 0.2783150863723448 0.5673539559988428 0.5608825790411989 0.457127645964961 0.5491896560283744 0.43350040461946515 0.4940910381388357 0.6107385876941525 0.4955528434095112 0.6438132672643385 0.604731658327078 0.40512461535817895 0.5439949751797823 0.4892372046981913 0.6304437225497972 0.5311678590742768 0.5814769968508768 0.5566301727446896 0.383280226136035 0.4493369912959428 0.6345054764834728 0.4794133385814198 0.3444181771863902 0.436241848352966

rf-dtf
0.39941065892972694 0.1250971619257595 0.5049184207591337 0.1250971619257595 0.31063789144880105 0.17547826257339996 0.12438901819246023 0.31194014208571563 0.31194014208571563 0.442702716867792 0.3192236390790792 0.4550182898873002 0.26230890411920355 0.14879279052948388 0.2775354316636771 0.24080968320944288 0.31194014208571563 0.28505426525237854 0.5271614218753673 0.09649575866924966 0.4612162067834081 0.3400724921570101 0.31820737599649285 0.09985266473243173 0.3971402641380945

rf-dtf-clust
0.5311678590742768 0.22092071242918243 0.5548232659495417 0.34487674254728606 0.15314857902479878 0.2783150863723448 0.13646934005994038 0.5439949751797823 0.30536929384707623 0.4833986938265222 0.5049184207591337 0.4493369912959428 0.20570845045487646 0.11495891418242869 0.3303685622730074 0.28474842539560874 0.26230890411920355 0.2168908576495635 0.5271614218753673 0.12054353858157298 0.4256315187721056 0.39941065892972694 0.40235619963850044 0.14519526770965552 0.436241848352966

rf-svmf
0.39941065892972694 0.22092071242918243 0.32717219339663206 0.3763100826294246 0.3899251776071445 0.14879279052948388 0.2783150863723448 0.2128157593860528 0.6490423207608063 0.3447874400639338 0.39430017479945934 0.2873972854560717 0.3074012412232302 0.3828170389145921 0.5023276138579705 0.3400724921570101 0.29455120273560387 0.41198615047815157 0.5566301727446896 0.26096393096593967 0.30536929384707623 0.48161936641888575 0.2871127791859441 0.29039053541931104 0.46515335637693866

rf-svmf-clust
0.38598268517540135 0.1250971619257595 0.2612966608191369 0.4550182898873002 0.2847492975382698 0.14879279052948388 0.22991782836485739 0.2699300053717852 0.6490423207608063 0.31870319512264744 0.3400724921570101 0.3616526242622596 0.2873972854560717 0.33161808553540534 0.5023276138579705 0.29039053541931104 0.2871127791859441 0.31820737599649285 0.6238802841714313 0.31400182440054125 0.3785549999504705 0.38598268517540135 0.24080968320944288 0.14977899709864761 0.5146231948754674

svm-def
0.5742234653737219 0.2873972854560717 0.32370073298245927 0.46791021312857345 0.30362113340690766 0.35454249192870785 0.3656581834130466 0.3294801633698203 0.5246178082384071 0.2941372215712083 0.5176124040295402 0.43350040461946515 0.3646938750495379 0.34487674254728606 0.3907434375530762 0.4894168718655688 0.4114169009097529 0.3783787554066908 0.47764269020979133 0.30135884645393246 0.4612162067834081 0.38448518364030093 0.39345801069175523 0.3552401175730936 0.4219023850355054

svm-def-clust
0.5176124040295402 0.3552401175730936 0.3132895650055611 0.46791021312857345 0.3317272004349931 0.34487674254728606 0.34117335014985095 0.3294801633698203 0.5608825790411989 0.31063789144880105 0.5110403015147135 0.4750793392508433 0.29758558105896776 0.4182614154113402 0.3907434375530762 0.4493369912959428 0.44419213437932065 0.4094080201798212 0.5268968924907294 0.26049562503538415 0.4550182898873002 0.4182614154113402 0.4046259162280741 0.3616526242622596 0.5171811600959008

svm-cfs
0.5049184207591337 0.1644434374852436 0.40235619963850044 0.3646938750495379 0.2665478961267005 0.20398352455177451 0.29711268056956275 0.4182614154113402 0.31048229394358834 0.2824115686027031 0.27293868011988076 0.31820737599649285 0.3357385729994031 0.24277554973684448 0.27117654015472603 0.3616526242622596 0.2699300053717852 0.39768121849211546 0.3783787554066908 0.3372543052961189 0.2397066692907099 0.3074012412232302 0.3421336952373177 0.2047040100899106 0.3447874400639338

svm-cfs-clust
0.4612162067834081 0.17547826257339996 0.44184142485836486 0.3646938750495379 0.23569608165349543 0.250194323851519 0.2612966608191369 0.3192236390790792 0.41198615047815157 0.2824115686027031 0.38448518364030093 0.3931784168439396 0.3357385729994031 0.22960921018041827 0.31063789144880105 0.39941065892972694 0.30536929384707623 0.29758558105896776 0.4432875092718604 0.16586360021749655 0.22991782836485739 0.32717219339663206 0.3580035984845025 0.2047040100899106 0.3447874400639338

svm-dtf
0.40512461535817895 0.250194323851519 0.38448518364030093 0.34117335014985095 0.0822217187426218 0.22092071242918243 0.28505426525237854 0.32717219339663206 0.43350040461946515 0.38057634870354917 0.5110403015147135 0.34487674254728606 0.34117335014985095 0.3074012412232302 0.2756098803963989 0.2783150863723448 0.39941065892972694 0.17243837127364303 0.48270241608950737 0.1929915173384993 0.40235619963850044 0.27293868011988076 0.3731670545773807 0.2783150863723448 0.383280226136035

svm-dtf-clust
0.40512461535817895 0.250194323851519 0.34487674254728606 0.35454249192870785 0.09649575866924966 0.22092071242918243 0.28505426525237854 0.2873972854560717 0.43350040461946515 0.38057634870354917 0.4940910381388357 0.34487674254728606 0.34117335014985095 0.3074012412232302 0.2941372215712083 0.26230890411920355 0.39430017479945934 0.17243837127364303 0.48270241608950737 0.1929915173384993 0.40235619963850044 0.22960921018041827 0.39137691663145224 0.2783150863723448 0.4249375934968633

svm-svmf
0.44419213437932065 0.40512461535817895 0.1931493003985685 0.3649327210212079 0.08293180010874827 0.2699300053717852 0.2047040100899106 0.16358609669831603 0.29758558105896776 0.34172669299124053 0.17106684761865884 0.40512461535817895 0.2612966608191369 0.4750793392508433 0.32049255491213624 0.22092071242918243 0.19490844909195765 0.27293868011988076 0.3649327210212079 0.14091725463058002 0.39941065892972694 0.3686875818641741 0.35324519038959523 0.2186980942736263 0.4201377294972578

svm-svmf-clust
0.39430017479945934 0.3898168981839153 0.17243837127364303 0.3791070193011578 0.07060289215067578 0.22991782836485739 0.1931493003985685 0.13646934005994038 0.3294801633698203 0.30135884645393246 0.17547826257339996 0.40512461535817895 0.2612966608191369 0.4493369912959428 0.31063789144880105 0.26230890411920355 0.19490844909195765 0.31820737599649285 0.35797002599498 0.09649575866924966 0.39941065892972694 0.3763100826294246 0.35324519038959523 0.1895535096505789 0.4249375934968633
