rand-def
0.28 0.36 0.36 0.44 0.3673469387755102 0.4 0.32 0.36 0.32 0.24489795918367346 0.44 0.36 0.4 0.32 0.40816326530612246 0.28 0.32 0.32 0.4 0.3673469387755102 0.48 0.36 0.28 0.32 0.3673469387755102

oner-def
0.6666666666666666 0.7317073170731707 0.6363636363636364 0.6818181818181818 0.6511627906976745 0.6829268292682927 0.6976744186046512 0.6666666666666666 0.6666666666666666 0.6829268292682927 0.7142857142857143 0.6190476190476191 0.6511627906976745 0.7142857142857143 0.5405405405405406 0.7222222222222222 0.7222222222222222 0.5882352941176471 0.6122448979591837 0.7368421052631579 0.6842105263157895 0.6829268292682927 0.5714285714285714 0.7317073170731707 0.7

cart-def
0.5517241379310345 0.6857142857142857 0.5 0.5263157894736842 0.5625 0.4375 0.6060606060606061 0.5384615384615384 0.5 0.5625 0.3333333333333333 0.5 0.4 0.4666666666666667 0.5333333333333333 0.5517241379310345 0.5925925925925926 0.48484848484848486 0.4444444444444444 0.5625 0.5517241379310345 0.5 0.2857142857142857 0.64 0.5517241379310345

cart-def-clust
0.24 0.6666666666666666 0.5555555555555556 0.5454545454545454 0.6451612903225806 0.5333333333333333 0.5714285714285714 0.5806451612903226 0.30303030303030304 0.6 0.16 0.3225806451612903 0.3448275862068966 0.5384615384615384 0.4166666666666667 0.5185185185185185 0.5 0.5555555555555556 0.34285714285714286 0.6666666666666666 0.5714285714285714 0.5517241379310345 0.45714285714285713 0.6153846153846154 0.38461538461538464

cart-cfs
0.4166666666666667 0.7777777777777778 0.5945945945945946 0.13793103448275862 0.375 0.7096774193548387 0.6486486486486487 0.3076923076923077 0.1875 0.5185185185185185 0.0 0.06896551724137931 0.5142857142857142 0.5454545454545454 0.5 0.3333333333333333 0.5625 0.48484848484848486 0.17142857142857143 0.6060606060606061 0.5384615384615384 0.5 0.13333333333333333 0.6451612903225806 0.6451612903225806

cart-cfs-clust
0.16 0.5882352941176471 0.45714285714285713 0.07407407407407407 0.34285714285714286 0.5333333333333333 0.46153846153846156 0.5333333333333333 0.12903225806451613 0.37037037037037035 0.0 0.13333333333333333 0.5454545454545454 0.5 0.2962962962962963 0.2962962962962963 0.4827586206896552 0.42424242424242425 0.17647058823529413 0.5333333333333333 0.5625 0.32 0.13333333333333333 0.6666666666666666 0.35714285714285715

cart-dtf
0.6666666666666666 0.7878787878787878 0.1875 0.8125 0.6666666666666666 0.8235294117647058 0.8333333333333334 0.6206896551724138 0.8275862068965517 0.6428571428571429 0.7096774193548387 0.5 0.6206896551724138 0.8387096774193549 0.6923076923076923 0.7333333333333333 0.6666666666666666 0.6666666666666666 0.13333333333333333 0.896551724137931 0.3225806451612903 0.7407407407407407 0.5882352941176471 0.8387096774193549 0.7741935483870968

cart-dtf-clust
0.64 0.8235294117647058 0.18181818181818182 0.5625 0.8387096774193549 0.6470588235294118 0.9032258064516129 0.4444444444444444 0.8 0.6923076923076923 0.5625 0.4666666666666667 0.8275862068965517 0.7857142857142857 0.5833333333333334 0.72 0.6666666666666666 0.6285714285714286 0.13333333333333333 0.9285714285714286 0.3225806451612903 0.4166666666666667 0.5945945945945946 0.9032258064516129 0.6896551724137931

cart-svmf
0.5714285714285714 0.7027027027027027 0.75 0.6857142857142857 0.6 0.875 0.7878787878787878 0.8275862068965517 0.12903225806451613 0.5 0.8125 0.5882352941176471 0.7272727272727273 0.5 0.21428571428571427 0.7857142857142857 0.7333333333333333 0.47368421052631576 0.17142857142857143 0.6666666666666666 0.7741935483870968 0.5384615384615384 0.64 0.6451612903225806 0.6206896551724138

cart-svmf-clust
0.6428571428571429 0.8571428571428571 0.6451612903225806 0.6896551724137931 0.6896551724137931 0.8666666666666667 0.8125 0.7096774193548387 0.13333333333333333 0.8 0.7586206896551724 0.75 0.7333333333333333 0.64 0.08 0.7586206896551724 0.8275862068965517 0.5263157894736842 0.12121212121212122 0.6666666666666666 0.6666666666666666 0.6956521739130435 0.6153846153846154 0.8387096774193549 0.7333333333333333

nb-def
0.5454545454545454 0.41379310344827586 0.6341463414634146 0.631578947368421 0.5555555555555556 0.6857142857142857 0.6486486486486487 0.7 0.4 0.5142857142857142 0.7222222222222222 0.5 0.6 0.5882352941176471 0.47058823529411764 0.5806451612903226 0.4827586206896552 0.55 0.5909090909090909 0.7027027027027027 0.6470588235294118 0.5714285714285714 0.5238095238095238 0.6666666666666666 0.5625

nb-def-clust
0.3448275862068966 0.3870967741935484 0.4117647058823529 0.26666666666666666 0.4 0.2857142857142857 0.5 0.5625 0.2 0.375 0.15384615384615385 0.2962962962962963 0.4375 0.4827586206896552 0.20689655172413793 0.23076923076923078 0.24 0.47368421052631576 0.36363636363636365 0.24 0.625 0.4666666666666667 0.34285714285714286 0.4827586206896552 0.08333333333333333

nb-cfs
0.4 0.5084745762711864 0.6976744186046512 0.6153846153846154 0.41935483870967744 0.6829268292682927 0.6666666666666666 0.4838709677419355 0.4727272727272727 0.43333333333333335 0.7 0.6818181818181818 0.5882352941176471 0.46875 0.4262295081967213 0.4727272727272727 0.49122807017543857 0.5769230769230769 0.5581395348837209 0.4666666666666667 0.5769230769230769 0.4528301886792453 0.5714285714285714 0.45161290322580644 0.56

nb-cfs-clust
0.3225806451612903 0.625 0.3333333333333333 0.07692307692307693 0.4 0.5882352941176471 0.45161290322580644 0.47058823529411764 0.4583333333333333 0.4666666666666667 0.42105263157894735 0.5238095238095238 0.42857142857142855 0.2857142857142857 0.48484848484848486 0.4 0.5185185185185185 0.2702702702702703 0.43243243243243246 0.5 0.625 0.48484848484848486 0.4090909090909091 0.4 0.5555555555555556

nb-dtf
0.5294117647058824 0.56 0.5 0.5555555555555556 0.4262295081967213 0.6153846153846154 0.5490196078431373 0.5957446808510638 0.4375 0.5161290322580645 0.5555555555555556 0.5714285714285714 0.5172413793103449 0.46511627906976744 0.4528301886792453 0.4827586206896552 0.6060606060606061 0.4411764705882353 0.45454545454545453 0.6486486486486487 0.5 0.5 0.5357142857142857 0.6857142857142857 0.5416666666666666

nb-dtf-clust
0.4827586206896552 0.3902439024390244 0.5 0.17647058823529413 0.5531914893617021 0.5161290322580645 0.717948717948718 0.5882352941176471 0.3870967741935484 0.5333333333333333 0.4878048780487805 0.48484848484848486 0.42857142857142855 0.42105263157894735 0.5789473684210527 0.5238095238095238 0.6153846153846154 0.5 0.4067796610169492 0.6666666666666666 0.45614035087719296 0.6153846153846154 0.3888888888888889 0.7027027027027027 0.46511627906976744

nb-svmf
0.4666666666666667 0.4838709677419355 0.4411764705882353 0.6111111111111112 0.48484848484848486 0.5490196078431373 0.5714285714285714 0.45901639344262296 0.5 0.42857142857142855 0.5625 0.5 0.4888888888888889 0.35714285714285715 0.4528301886792453 0.46153846153846156 0.47619047619047616 0.4918032786885246 0.45454545454545453 0.4262295081967213 0.4411764705882353 0.6060606060606061 0.5084745762711864 0.46153846153846156 0.5333333333333333

nb-svmf-clust
0.4117647058823529 0.45714285714285713 0.4642857142857143 0.5882352941176471 0.6060606060606061 0.5714285714285714 0.5405405405405406 0.38095238095238093 0.509090909090909 0.3888888888888889 0.5238095238095238 0.5161290322580645 0.46511627906976744 0.37209302325581395 0.42857142857142855 0.5 0.6363636363636364 0.46875 0.41935483870967744 0.45 0.5454545454545454 0.5 0.4186046511627907 0.4444444444444444 0.21428571428571427

rf-def
0.14285714285714285 0.3448275862068966 0.24242424242424243 0.24242424242424243 0.3888888888888889 0.14285714285714285 0.30303030303030304 0.20689655172413793 0.18181818181818182 0.21428571428571427 0.0 0.13333333333333333 0.30303030303030304 0.27586206896551724 0.27586206896551724 0.08333333333333333 0.23076923076923078 0.32432432432432434 0.21621621621621623 0.3448275862068966 0.3333333333333333 0.07407407407407407 0.2926829268292683 0.2962962962962963 0.08333333333333333

rf-def-clust
0.14285714285714285 0.3448275862068966 0.34285714285714286 0.25 0.35294117647058826 0.14285714285714285 0.35294117647058826 0.14285714285714285 0.24242424242424243 0.14814814814814814 0.0 0.13333333333333333 0.30303030303030304 0.15384615384615385 0.21428571428571427 0.08333333333333333 0.23076923076923078 0.32432432432432434 0.2702702702702703 0.2962962962962963 0.27586206896551724 0.14285714285714285 0.2926829268292683 0.3076923076923077 0.15384615384615385

rf-cfs
0.26666666666666666 0.6486486486486487 0.43243243243243246 0.1935483870967742 0.4117647058823529 0.14285714285714285 0.3125 0.26666666666666666 0.23529411764705882 0.3333333333333333 0.07407407407407407 0.1935483870967742 0.4 0.42424242424242425 0.48484848484848486 0.08333333333333333 0.2962962962962963 0.4878048780487805 0.2631578947368421 0.5 0.48484848484848486 0.20689655172413793 0.4090909090909091 0.5625 0.35714285714285715

rf-cfs-clust
0.20689655172413793 0.5882352941176471 0.24242424242424243 0.25 0.36363636363636365 0.26666666666666666 0.4 0.3448275862068966 0.1875 0.3225806451612903 0.13793103448275862 0.1935483870967742 0.45161290322580644 0.27586206896551724 0.3333333333333333 0.15384615384615385 0.3076923076923077 0.22857142857142856 0.2631578947368421 0.4666666666666667 0.4 0.14814814814814814 0.35 0.5517241379310345 0.4

rf-dtf
0.4666666666666667 0.7878787878787878 0.3225806451612903 0.7878787878787878 0.5294117647058824 0.7027027027027027 0.7777777777777778 0.5625 0.5625 0.3870967741935484 0.5454545454545454 0.3870967741935484 0.625 0.7428571428571429 0.6 0.7142857142857143 0.5625 0.5641025641025641 0.3333333333333333 0.8125 0.375 0.5714285714285714 0.5263157894736842 0.8666666666666667 0.4375

rf-dtf-clust
0.3076923076923077 0.6666666666666666 0.25806451612903225 0.5 0.7272727272727273 0.5882352941176471 0.7647058823529411 0.27586206896551724 0.5806451612903226 0.3448275862068966 0.3225806451612903 0.4 0.7096774193548387 0.8125 0.5333333333333333 0.6923076923076923 0.625 0.6486486486486487 0.3333333333333333 0.8 0.4117647058823529 0.4666666666666667 0.43243243243243246 0.8275862068965517 0.4

rf-svmf
0.4666666666666667 0.6666666666666666 0.5294117647058824 0.47058823529411764 0.45161290322580644 0.7428571428571429 0.5882352941176471 0.6875 0.13333333333333333 0.5 0.4827586206896552 0.5714285714285714 0.5405405405405406 0.5384615384615384 0.3125 0.5714285714285714 0.6206896551724138 0.42105263157894735 0.2631578947368421 0.6666666666666666 0.5806451612903226 0.38461538461538464 0.6666666666666666 0.6428571428571429 0.4

rf-svmf-clust
0.5185185185185185 0.7878787878787878 0.5945945945945946 0.3870967741935484 0.5806451612903226 0.7428571428571429 0.6470588235294118 0.6060606060606061 0.13333333333333333 0.5714285714285714 0.5714285714285714 0.5 0.5714285714285714 0.64 0.3125 0.6428571428571429 0.6666666666666666 0.5263157894736842 0.17647058823529413 0.5925925925925926 0.5833333333333334 0.5185185185185185 0.7142857142857143 0.8 0.3333333333333333

svm-def
0.23529411764705882 0.5714285714285714 0.5238095238095238 0.36363636363636365 0.5365853658536586 0.4864864864864865 0.47619047619047616 0.5128205128205128 0.29411764705882354 0.5405405405405406 0.30303030303030304 0.4 0.47368421052631576 0.5 0.43243243243243246 0.35714285714285715 0.4375 0.46511627906976744 0.36363636363636365 0.5454545454545454 0.375 0.45714285714285713 0.46808510638297873 0.5161290322580645 0.4

svm-def-clust
0.30303030303030304 0.5161290322580645 0.5454545454545454 0.36363636363636365 0.5 0.5 0.5 0.5128205128205128 0.25 0.5294117647058824 0.3125 0.35294117647058826 0.55 0.42424242424242425 0.43243243243243246 0.4 0.41379310344827586 0.42857142857142855 0.3 0.5882352941176471 0.3870967741935484 0.42424242424242425 0.4444444444444444 0.5 0.29411764705882354

svm-cfs
0.3225806451612903 0.75 0.43243243243243246 0.47368421052631576 0.5853658536585366 0.6666666666666666 0.5555555555555556 0.42424242424242425 0.5365853658536586 0.5555555555555556 0.5789473684210527 0.5263157894736842 0.5142857142857142 0.6153846153846154 0.5714285714285714 0.5 0.6060606060606061 0.43902439024390244 0.46511627906976744 0.5161290322580645 0.6285714285714286 0.5405405405405406 0.5416666666666666 0.6666666666666666 0.5

svm-cfs-clust
0.375 0.7027027027027027 0.3888888888888889 0.47368421052631576 0.6341463414634146 0.6111111111111112 0.5945945945945946 0.5454545454545454 0.42105263157894735 0.5555555555555556 0.45714285714285713 0.4444444444444444 0.5142857142857142 0.631578947368421 0.5294117647058824 0.4666666666666667 0.5806451612903226 0.55 0.3902439024390244 0.7058823529411765 0.6470588235294118 0.5294117647058824 0.5106382978723404 0.6666666666666666 0.5

svm-dtf
0.45161290322580644 0.6111111111111112 0.45714285714285713 0.5 0.8484848484848485 0.6666666666666666 0.5641025641025641 0.5294117647058824 0.4 0.4444444444444444 0.3125 0.5 0.5 0.5405405405405406 0.5641025641025641 0.5882352941176471 0.4666666666666667 0.7272727272727273 0.34285714285714286 0.6666666666666666 0.43243243243243246 0.5789473684210527 0.5 0.5882352941176471 0.4666666666666667

svm-dtf-clust
0.45161290322580644 0.6111111111111112 0.5 0.4864864864864865 0.8125 0.6666666666666666 0.5641025641025641 0.5714285714285714 0.4 0.4444444444444444 0.3448275862068966 0.5 0.5 0.5405405405405406 0.5405405405405406 0.625 0.4827586206896552 0.7272727272727273 0.34285714285714286 0.6666666666666666 0.43243243243243246 0.631578947368421 0.45454545454545453 0.5882352941176471 0.42857142857142855

svm-svmf
0.41379310344827586 0.45161290322580644 0.6857142857142857 0.4888888888888889 0.8387096774193549 0.6060606060606061 0.6666666666666666 0.75 0.55 0.4864864864864865 0.717948717948718 0.45161290322580644 0.5945945945945946 0.35294117647058826 0.5142857142857142 0.6666666666666666 0.7586206896551724 0.5789473684210527 0.4888888888888889 0.7428571428571429 0.4666666666666667 0.48484848484848486 0.4878048780487805 0.65 0.4444444444444444

svm-svmf-clust
0.4827586206896552 0.5 0.7272727272727273 0.4782608695652174 0.8666666666666667 0.6470588235294118 0.6857142857142857 0.7647058823529411 0.5128205128205128 0.5454545454545454 0.7027027027027027 0.45161290322580644 0.5945945945945946 0.4 0.5294117647058824 0.625 0.7586206896551724 0.5263157894736842 0.5306122448979592 0.8125 0.4666666666666667 0.47058823529411764 0.4878048780487805 0.6842105263157895 0.42857142857142855
