rand-def
0.3793103448275862 0.4482758620689655 0.4482758620689655 0.5172413793103449 0.45614035087719296 0.4827586206896552 0.41379310344827586 0.4482758620689655 0.41379310344827586 0.3508771929824561 0.5172413793103449 0.4482758620689655 0.4827586206896552 0.41379310344827586 0.49122807017543857 0.3793103448275862 0.41379310344827586 0.41379310344827586 0.4827586206896552 0.45614035087719296 0.5517241379310345 0.4482758620689655 0.3793103448275862 0.41379310344827586 0.45614035087719296

oner-def
0.7758620689655172 0.8103448275862069 0.7241379310344828 0.7586206896551724 0.7368421052631579 0.7758620689655172 0.7758620689655172 0.7758620689655172 0.7413793103448276 0.7719298245614035 0.7931034482758621 0.7241379310344828 0.7413793103448276 0.7931034482758621 0.7017543859649122 0.8275862068965517 0.8275862068965517 0.6379310344827587 0.6724137931034483 0.8245614035087719 0.7931034482758621 0.7758620689655172 0.6379310344827587 0.8103448275862069 0.7894736842105263

cart-def
0.7758620689655172 0.8103448275862069 0.6896551724137931 0.6896551724137931 0.7543859649122807 0.6896551724137931 0.7758620689655172 0.7931034482758621 0.6896551724137931 0.7543859649122807 0.6551724137931034 0.7241379310344828 0.6379310344827587 0.7241379310344828 0.7543859649122807 0.7758620689655172 0.8103448275862069 0.7068965517241379 0.6551724137931034 0.7543859649122807 0.7758620689655172 0.7586206896551724 0.5689655172413793 0.8448275862068966 0.7719298245614035

cart-def-clust
0.6724137931034483 0.8103448275862069 0.7241379310344828 0.7413793103448276 0.8070175438596491 0.7586206896551724 0.7931034482758621 0.7758620689655172 0.603448275862069 0.7894736842105263 0.6379310344827587 0.6379310344827587 0.6724137931034483 0.7931034482758621 0.7543859649122807 0.7758620689655172 0.7586206896551724 0.7241379310344828 0.603448275862069 0.8421052631578947 0.7931034482758621 0.7758620689655172 0.6724137931034483 0.8275862068965517 0.7192982456140351

cart-cfs
0.7586206896551724 0.8620689655172413 0.7413793103448276 0.5689655172413793 0.6491228070175439 0.8448275862068966 0.7758620689655172 0.6896551724137931 0.5517241379310345 0.7719298245614035 0.5689655172413793 0.5344827586206896 0.7068965517241379 0.7413793103448276 0.6842105263157895 0.7241379310344828 0.7586206896551724 0.7068965517241379 0.5 0.7719298245614035 0.7931034482758621 0.7931034482758621 0.5517241379310345 0.8103448275862069 0.8070175438596491

cart-cfs-clust
0.6379310344827587 0.7586206896551724 0.6724137931034483 0.5689655172413793 0.5964912280701754 0.7586206896551724 0.7586206896551724 0.7586206896551724 0.5344827586206896 0.7017543859649122 0.5689655172413793 0.5517241379310345 0.7413793103448276 0.7586206896551724 0.6666666666666666 0.6724137931034483 0.7413793103448276 0.6724137931034483 0.5172413793103449 0.7543859649122807 0.7586206896551724 0.7068965517241379 0.5517241379310345 0.8103448275862069 0.6842105263157895

cart-dtf
0.8448275862068966 0.8793103448275862 0.5517241379310345 0.896551724137931 0.8245614035087719 0.896551724137931 0.896551724137931 0.8103448275862069 0.9137931034482759 0.8245614035087719 0.8448275862068966 0.7241379310344828 0.8103448275862069 0.9137931034482759 0.8596491228070176 0.8620689655172413 0.8275862068965517 0.7931034482758621 0.5517241379310345 0.9473684210526315 0.6379310344827587 0.8793103448275862 0.7586206896551724 0.9137931034482759 0.8771929824561403

cart-dtf-clust
0.8448275862068966 0.896551724137931 0.5344827586206896 0.7586206896551724 0.9122807017543859 0.7931034482758621 0.9482758620689655 0.7413793103448276 0.896551724137931 0.8596491228070176 0.7586206896551724 0.7241379310344828 0.9137931034482759 0.896551724137931 0.8245614035087719 0.8793103448275862 0.8275862068965517 0.7758620689655172 0.5517241379310345 0.9649122807017544 0.6379310344827587 0.7586206896551724 0.7413793103448276 0.9482758620689655 0.8421052631578947

cart-svmf
0.7931034482758621 0.8103448275862069 0.8620689655172413 0.8103448275862069 0.7894736842105263 0.9310344827586207 0.8793103448275862 0.9137931034482759 0.5344827586206896 0.7894736842105263 0.896551724137931 0.7586206896551724 0.8448275862068966 0.7586206896551724 0.6140350877192983 0.896551724137931 0.8620689655172413 0.6551724137931034 0.5 0.8421052631578947 0.8793103448275862 0.7931034482758621 0.8448275862068966 0.8103448275862069 0.8070175438596491

cart-svmf-clust
0.8275862068965517 0.9137931034482759 0.8103448275862069 0.8448275862068966 0.8421052631578947 0.9310344827586207 0.896551724137931 0.8448275862068966 0.5517241379310345 0.9122807017543859 0.8793103448275862 0.8620689655172413 0.8620689655172413 0.8448275862068966 0.5964912280701754 0.8793103448275862 0.9137931034482759 0.6896551724137931 0.5 0.8421052631578947 0.8448275862068966 0.8793103448275862 0.8275862068965517 0.9137931034482759 0.8596491228070176

nb-def
0.7413793103448276 0.7068965517241379 0.7413793103448276 0.7586206896551724 0.7192982456140351 0.8103448275862069 0.7758620689655172 0.7931034482758621 0.6379310344827587 0.7017543859649122 0.8275862068965517 0.6896551724137931 0.7241379310344828 0.7586206896551724 0.6842105263157895 0.7758620689655172 0.7413793103448276 0.6896551724137931 0.6896551724137931 0.8070175438596491 0.7931034482758621 0.7413793103448276 0.6551724137931034 0.7931034482758621 0.7543859649122807

nb-def-clust
0.6724137931034483 0.6724137931034483 0.6551724137931034 0.6206896551724138 0.6842105263157895 0.6551724137931034 0.6896551724137931 0.7586206896551724 0.5862068965517241 0.6491228070175439 0.6206896551724138 0.6724137931034483 0.6896551724137931 0.7413793103448276 0.5964912280701754 0.6551724137931034 0.6724137931034483 0.6551724137931034 0.6379310344827587 0.6666666666666666 0.7931034482758621 0.7241379310344828 0.603448275862069 0.7413793103448276 0.6140350877192983

nb-cfs
0.3793103448275862 0.5 0.7758620689655172 0.7413793103448276 0.3684210526315789 0.7758620689655172 0.7413793103448276 0.4482758620689655 0.5 0.40350877192982454 0.7931034482758621 0.7586206896551724 0.6379310344827587 0.41379310344827586 0.38596491228070173 0.5 0.5 0.6206896551724138 0.6724137931034483 0.43859649122807015 0.6206896551724138 0.5 0.6379310344827587 0.41379310344827586 0.6140350877192983

nb-cfs-clust
0.6379310344827587 0.7931034482758621 0.5862068965517241 0.5862068965517241 0.47368421052631576 0.7586206896551724 0.7068965517241379 0.6896551724137931 0.5517241379310345 0.7192982456140351 0.6206896551724138 0.6551724137931034 0.7241379310344828 0.6551724137931034 0.7017543859649122 0.6896551724137931 0.7758620689655172 0.5344827586206896 0.6379310344827587 0.7192982456140351 0.7931034482758621 0.7068965517241379 0.5517241379310345 0.6379310344827587 0.7192982456140351

nb-dtf
0.7241379310344828 0.6206896551724138 0.4827586206896552 0.5862068965517241 0.38596491228070173 0.8275862068965517 0.603448275862069 0.6724137931034483 0.6896551724137931 0.7368421052631579 0.5862068965517241 0.7413793103448276 0.5172413793103449 0.603448275862069 0.49122807017543857 0.4827586206896552 0.7758620689655172 0.3448275862068966 0.3793103448275862 0.7719298245614035 0.4827586206896552 0.5172413793103449 0.5517241379310345 0.8103448275862069 0.6140350877192983

nb-dtf-clust
0.7413793103448276 0.5689655172413793 0.4827586206896552 0.5172413793103449 0.631578947368421 0.7413793103448276 0.8103448275862069 0.7586206896551724 0.6724137931034483 0.7543859649122807 0.6379310344827587 0.7068965517241379 0.5862068965517241 0.6206896551724138 0.7192982456140351 0.6551724137931034 0.7413793103448276 0.5517241379310345 0.39655172413793105 0.8070175438596491 0.46551724137931033 0.7413793103448276 0.6206896551724138 0.8103448275862069 0.5964912280701754

nb-svmf
0.7241379310344828 0.4482758620689655 0.3448275862068966 0.7586206896551724 0.7017543859649122 0.603448275862069 0.7413793103448276 0.43103448275862066 0.5172413793103449 0.43859649122807015 0.7586206896551724 0.7586206896551724 0.603448275862069 0.3793103448275862 0.49122807017543857 0.7586206896551724 0.43103448275862066 0.46551724137931033 0.3793103448275862 0.38596491228070173 0.3448275862068966 0.7758620689655172 0.5 0.39655172413793105 0.7543859649122807

nb-svmf-clust
0.6551724137931034 0.6724137931034483 0.4827586206896552 0.7586206896551724 0.7719298245614035 0.6896551724137931 0.7068965517241379 0.5517241379310345 0.5344827586206896 0.6140350877192983 0.6551724137931034 0.7413793103448276 0.603448275862069 0.5344827586206896 0.43859649122807015 0.7586206896551724 0.7241379310344828 0.41379310344827586 0.3793103448275862 0.6140350877192983 0.6551724137931034 0.7241379310344828 0.5689655172413793 0.4827586206896552 0.6140350877192983

rf-def
0.5862068965517241 0.6724137931034483 0.5689655172413793 0.5689655172413793 0.6140350877192983 0.5862068965517241 0.603448275862069 0.603448275862069 0.5344827586206896 0.6140350877192983 0.5517241379310345 0.5517241379310345 0.603448275862069 0.6379310344827587 0.631578947368421 0.6206896551724138 0.6551724137931034 0.5689655172413793 0.5 0.6666666666666666 0.6551724137931034 0.5689655172413793 0.5 0.6724137931034483 0.6140350877192983

rf-def-clust
0.5862068965517241 0.6724137931034483 0.603448275862069 0.5862068965517241 0.6140350877192983 0.5862068965517241 0.6206896551724138 0.5862068965517241 0.5689655172413793 0.5964912280701754 0.5517241379310345 0.5517241379310345 0.603448275862069 0.6206896551724138 0.6140350877192983 0.6206896551724138 0.6551724137931034 0.5689655172413793 0.5344827586206896 0.6666666666666666 0.6379310344827587 0.5862068965517241 0.5 0.6896551724137931 0.6140350877192983

rf-cfs
0.6206896551724138 0.7758620689655172 0.6379310344827587 0.5689655172413793 0.6491228070175439 0.5862068965517241 0.6206896551724138 0.6206896551724138 0.5517241379310345 0.6491228070175439 0.5689655172413793 0.5689655172413793 0.6379310344827587 0.6724137931034483 0.7017543859649122 0.6206896551724138 0.6724137931034483 0.6379310344827587 0.5172413793103449 0.7192982456140351 0.7068965517241379 0.603448275862069 0.5517241379310345 0.7586206896551724 0.6842105263157895

rf-cfs-clust
0.603448275862069 0.7586206896551724 0.5689655172413793 0.5862068965517241 0.631578947368421 0.6206896551724138 0.6379310344827587 0.6724137931034483 0.5517241379310345 0.631578947368421 0.5689655172413793 0.5689655172413793 0.7068965517241379 0.6379310344827587 0.6491228070175439 0.6206896551724138 0.6896551724137931 0.5344827586206896 0.5172413793103449 0.7192982456140351 0.6896551724137931 0.603448275862069 0.5517241379310345 0.7758620689655172 0.6842105263157895

rf-dtf
0.7241379310344828 0.8793103448275862 0.6379310344827587 0.8793103448275862 0.7192982456140351 0.8103448275862069 0.8620689655172413 0.7586206896551724 0.7586206896551724 0.6666666666666666 0.7413793103448276 0.6724137931034483 0.7931034482758621 0.8448275862068966 0.7894736842105263 0.8620689655172413 0.7586206896551724 0.7068965517241379 0.4482758620689655 0.8947368421052632 0.6551724137931034 0.7931034482758621 0.6896551724137931 0.9310344827586207 0.6842105263157895

rf-dtf-clust
0.6896551724137931 0.8103448275862069 0.603448275862069 0.6896551724137931 0.8421052631578947 0.7586206896551724 0.8620689655172413 0.6379310344827587 0.7758620689655172 0.6666666666666666 0.6379310344827587 0.6896551724137931 0.8448275862068966 0.896551724137931 0.7543859649122807 0.8620689655172413 0.7931034482758621 0.7758620689655172 0.4482758620689655 0.8947368421052632 0.6551724137931034 0.7241379310344828 0.6379310344827587 0.9137931034482759 0.6842105263157895

rf-svmf
0.7241379310344828 0.8103448275862069 0.7241379310344828 0.6896551724137931 0.7017543859649122 0.8448275862068966 0.7586206896551724 0.8275862068965517 0.5517241379310345 0.7192982456140351 0.7413793103448276 0.7413793103448276 0.7068965517241379 0.7931034482758621 0.6140350877192983 0.7931034482758621 0.8103448275862069 0.6206896551724138 0.5172413793103449 0.8421052631578947 0.7758620689655172 0.7241379310344828 0.8448275862068966 0.8275862068965517 0.7368421052631579

rf-svmf-clust
0.7758620689655172 0.8793103448275862 0.7413793103448276 0.6724137931034483 0.7719298245614035 0.8448275862068966 0.7931034482758621 0.7758620689655172 0.5517241379310345 0.7894736842105263 0.7931034482758621 0.7241379310344828 0.7413793103448276 0.8448275862068966 0.6140350877192983 0.8275862068965517 0.8448275862068966 0.6896551724137931 0.5172413793103449 0.8070175438596491 0.8275862068965517 0.7758620689655172 0.8620689655172413 0.896551724137931 0.7192982456140351

svm-def
0.5517241379310345 0.7413793103448276 0.6551724137931034 0.6379310344827587 0.6666666666666666 0.6724137931034483 0.6206896551724138 0.6724137931034483 0.5862068965517241 0.7017543859649122 0.603448275862069 0.6379310344827587 0.6551724137931034 0.6896551724137931 0.631578947368421 0.6896551724137931 0.6896551724137931 0.603448275862069 0.5172413793103449 0.7368421052631579 0.6551724137931034 0.6724137931034483 0.5689655172413793 0.7413793103448276 0.631578947368421

svm-def-clust
0.603448275862069 0.7413793103448276 0.6551724137931034 0.6379310344827587 0.6491228070175439 0.6896551724137931 0.6551724137931034 0.6724137931034483 0.5862068965517241 0.7192982456140351 0.6206896551724138 0.6206896551724138 0.6896551724137931 0.6724137931034483 0.631578947368421 0.6896551724137931 0.7068965517241379 0.5862068965517241 0.5172413793103449 0.7543859649122807 0.6724137931034483 0.6724137931034483 0.5689655172413793 0.7241379310344828 0.5789473684210527

svm-cfs
0.6379310344827587 0.8275862068965517 0.6379310344827587 0.6551724137931034 0.7017543859649122 0.7758620689655172 0.7241379310344828 0.6724137931034483 0.6724137931034483 0.7192982456140351 0.7241379310344828 0.6896551724137931 0.7068965517241379 0.7413793103448276 0.7368421052631579 0.7241379310344828 0.7758620689655172 0.603448275862069 0.603448275862069 0.7368421052631579 0.7758620689655172 0.7068965517241379 0.6206896551724138 0.7931034482758621 0.7192982456140351

svm-cfs-clust
0.6551724137931034 0.8103448275862069 0.6206896551724138 0.6551724137931034 0.7368421052631579 0.7586206896551724 0.7413793103448276 0.7413793103448276 0.6206896551724138 0.7192982456140351 0.6724137931034483 0.6551724137931034 0.7068965517241379 0.7586206896551724 0.7192982456140351 0.7241379310344828 0.7758620689655172 0.6896551724137931 0.5689655172413793 0.8245614035087719 0.7931034482758621 0.7241379310344828 0.603448275862069 0.7931034482758621 0.7192982456140351

svm-dtf
0.7068965517241379 0.7586206896551724 0.6724137931034483 0.6551724137931034 0.9122807017543859 0.8103448275862069 0.7068965517241379 0.7241379310344828 0.6379310344827587 0.6491228070175439 0.6206896551724138 0.6896551724137931 0.6551724137931034 0.7068965517241379 0.7017543859649122 0.7586206896551724 0.7241379310344828 0.8448275862068966 0.603448275862069 0.7894736842105263 0.6379310344827587 0.7241379310344828 0.5862068965517241 0.7586206896551724 0.7192982456140351

svm-dtf-clust
0.7068965517241379 0.7586206896551724 0.6896551724137931 0.6724137931034483 0.8947368421052632 0.8103448275862069 0.7068965517241379 0.7413793103448276 0.6379310344827587 0.6491228070175439 0.6724137931034483 0.6896551724137931 0.6551724137931034 0.7068965517241379 0.7017543859649122 0.7931034482758621 0.7413793103448276 0.8448275862068966 0.603448275862069 0.7894736842105263 0.6379310344827587 0.7586206896551724 0.5862068965517241 0.7586206896551724 0.7192982456140351

svm-svmf
0.7068965517241379 0.7068965517241379 0.8103448275862069 0.603448275862069 0.9122807017543859 0.7758620689655172 0.7931034482758621 0.8620689655172413 0.6896551724137931 0.6666666666666666 0.8103448275862069 0.7068965517241379 0.7413793103448276 0.6206896551724138 0.7017543859649122 0.8103448275862069 0.8793103448275862 0.7241379310344828 0.603448275862069 0.8421052631578947 0.7241379310344828 0.7068965517241379 0.6379310344827587 0.7586206896551724 0.7368421052631579

svm-svmf-clust
0.7413793103448276 0.7586206896551724 0.8448275862068966 0.5862068965517241 0.9298245614035088 0.7931034482758621 0.8103448275862069 0.8620689655172413 0.6724137931034483 0.7368421052631579 0.8103448275862069 0.7068965517241379 0.7413793103448276 0.6896551724137931 0.7192982456140351 0.7931034482758621 0.8793103448275862 0.6896551724137931 0.603448275862069 0.8947368421052632 0.7241379310344828 0.6896551724137931 0.6379310344827587 0.7931034482758621 0.7192982456140351
