rand-def
0.3 0.4 0.4444444444444444 0.3333333333333333 0.4444444444444444 0.4 0.3 0.5555555555555556 0.8888888888888888 0.6666666666666666 0.4 0.4 0.2222222222222222 0.5555555555555556 0.2222222222222222 0.5 0.4 0.4444444444444444 0.5555555555555556 0.3333333333333333 0.3 0.5 0.4444444444444444 0.4444444444444444 0.2222222222222222 

oner-def
1.0 1.0 1.0 1.0 1.0 1.0 1.0 1.0 1.0 1.0 1.0 1.0 1.0 1.0 1.0 1.0 1.0 1.0 1.0 1.0 1.0 1.0 1.0 1.0 1.0 

cart-def
0.8 1.0 1.0 0.8888888888888888 1.0 1.0 1.0 1.0 1.0 1.0 1.0 1.0 1.0 1.0 1.0 1.0 1.0 1.0 1.0 1.0 0.9 1.0 1.0 1.0 1.0 

cart-cfs
1.0 1.0 1.0 1.0 1.0 1.0 1.0 1.0 1.0 0.8888888888888888 1.0 0.9 1.0 1.0 1.0 1.0 1.0 1.0 1.0 1.0 0.9 1.0 1.0 1.0 1.0 

cart-dtf
0.9 1.0 1.0 1.0 1.0 1.0 1.0 1.0 1.0 0.8888888888888888 1.0 1.0 1.0 1.0 1.0 1.0 1.0 1.0 1.0 1.0 1.0 1.0 1.0 1.0 1.0 

cart-svmf
0.9 1.0 1.0 1.0 1.0 1.0 1.0 1.0 1.0 1.0 1.0 1.0 1.0 1.0 1.0 1.0 1.0 1.0 1.0 1.0 0.9 1.0 1.0 1.0 1.0 

nb-def
0.8 0.8 0.7777777777777778 0.6666666666666666 0.8888888888888888 0.9 0.8 0.4444444444444444 0.8888888888888888 0.7777777777777778 0.8 0.8 0.7777777777777778 0.5555555555555556 0.7777777777777778 0.8 0.8 0.5555555555555556 0.8888888888888888 0.6666666666666666 0.5 0.9 0.8888888888888888 0.6666666666666666 0.6666666666666666 

nb-cfs
0.7 0.6 0.4444444444444444 1.0 1.0 0.6 0.9 0.6666666666666666 0.7777777777777778 0.8888888888888888 0.8 0.9 1.0 0.5555555555555556 0.8888888888888888 0.8 0.9 0.8888888888888888 1.0 0.7777777777777778 0.8 0.8 0.8888888888888888 0.7777777777777778 0.7777777777777778 

nb-dtf
1.0 0.9 0.8888888888888888 1.0 0.7777777777777778 1.0 1.0 0.6666666666666666 1.0 0.8888888888888888 0.9 1.0 1.0 0.7777777777777778 0.6666666666666666 0.2 0.8 0.1111111111111111 0.7777777777777778 0.8888888888888888 0.2 0.6 0.1111111111111111 1.0 1.0 

nb-svmf
1.0 0.9 0.8888888888888888 1.0 0.8888888888888888 1.0 1.0 1.0 1.0 1.0 1.0 1.0 1.0 1.0 0.7777777777777778 0.9 0.9 1.0 1.0 1.0 0.9 1.0 0.5555555555555556 1.0 1.0 

rf-def
1.0 0.9 1.0 1.0 1.0 1.0 1.0 1.0 1.0 0.7777777777777778 1.0 1.0 1.0 1.0 1.0 1.0 1.0 1.0 1.0 1.0 0.9 1.0 1.0 1.0 1.0 

rf-cfs
1.0 0.9 1.0 1.0 0.7777777777777778 1.0 1.0 1.0 1.0 0.7777777777777778 1.0 1.0 1.0 1.0 1.0 1.0 1.0 1.0 1.0 1.0 0.8 1.0 1.0 1.0 0.8888888888888888 

rf-dtf
0.9 1.0 1.0 1.0 1.0 1.0 1.0 1.0 1.0 0.8888888888888888 1.0 1.0 1.0 1.0 1.0 1.0 1.0 1.0 1.0 1.0 1.0 1.0 1.0 1.0 1.0 

rf-svmf
1.0 1.0 1.0 0.8888888888888888 1.0 1.0 1.0 1.0 1.0 1.0 1.0 1.0 1.0 1.0 1.0 1.0 0.9 1.0 1.0 1.0 1.0 1.0 1.0 1.0 1.0 

svm-def
1.0 1.0 1.0 1.0 1.0 1.0 1.0 1.0 1.0 1.0 1.0 1.0 1.0 1.0 1.0 1.0 1.0 1.0 1.0 1.0 1.0 1.0 1.0 1.0 1.0 

svm-cfs
1.0 1.0 1.0 1.0 1.0 1.0 1.0 1.0 1.0 1.0 1.0 1.0 1.0 1.0 1.0 1.0 1.0 1.0 1.0 1.0 1.0 1.0 1.0 1.0 1.0 

svm-dtf
1.0 1.0 1.0 1.0 1.0 1.0 1.0 1.0 1.0 1.0 1.0 1.0 1.0 1.0 1.0 1.0 1.0 1.0 1.0 1.0 1.0 1.0 1.0 1.0 1.0 

svm-svmf
1.0 1.0 1.0 1.0 1.0 1.0 1.0 1.0 1.0 1.0 1.0 1.0 1.0 1.0 1.0 1.0 1.0 1.0 1.0 1.0 1.0 1.0 1.0 1.0 1.0 

