rand-def
0.4791666666666667 0.4375 0.43478260869565216 0.4782608695652174 0.43478260869565216 0.4375 0.4791666666666667 0.391304347826087 0.2608695652173913 0.34782608695652173 0.4375 0.4375 0.5217391304347826 0.391304347826087 0.5217391304347826 0.3958333333333333 0.4375 0.43478260869565216 0.391304347826087 0.4782608695652174 0.4791666666666667 0.3958333333333333 0.43478260869565216 0.43478260869565216 0.5217391304347826 

oner-def
0.7916666666666666 0.7916666666666666 0.8043478260869565 0.8043478260869565 0.8043478260869565 0.7916666666666666 0.7916666666666666 0.8043478260869565 0.8043478260869565 0.7391304347826086 0.7291666666666666 0.7916666666666666 0.8043478260869565 0.7608695652173914 0.717391304347826 0.7916666666666666 0.7083333333333334 0.8043478260869565 0.8043478260869565 0.8043478260869565 0.7916666666666666 0.75 0.8043478260869565 0.8043478260869565 0.8043478260869565 

oner-cfs
0.7708333333333334 0.7708333333333334 0.8043478260869565 0.7391304347826086 0.8043478260869565 0.7916666666666666 0.75 0.7608695652173914 0.8043478260869565 0.8043478260869565 0.7708333333333334 0.7708333333333334 0.8043478260869565 0.7608695652173914 0.8043478260869565 0.75 0.7083333333333334 0.8043478260869565 0.8043478260869565 0.782608695652174 0.7916666666666666 0.7708333333333334 0.8043478260869565 0.8043478260869565 0.8043478260869565 

oner-dtf
0.7708333333333334 0.7916666666666666 0.8043478260869565 0.8043478260869565 0.8043478260869565 0.7916666666666666 0.7916666666666666 0.7608695652173914 0.8043478260869565 0.782608695652174 0.7916666666666666 0.7916666666666666 0.8043478260869565 0.8043478260869565 0.8043478260869565 0.7916666666666666 0.7916666666666666 0.7391304347826086 0.8043478260869565 0.8043478260869565 0.7916666666666666 0.7916666666666666 0.8043478260869565 0.8043478260869565 0.8043478260869565 

oner-svmf
0.7708333333333334 0.7916666666666666 0.8043478260869565 0.8043478260869565 0.8043478260869565 0.7916666666666666 0.7916666666666666 0.7608695652173914 0.8043478260869565 0.8043478260869565 0.7916666666666666 0.7708333333333334 0.8043478260869565 0.782608695652174 0.8043478260869565 0.7916666666666666 0.7916666666666666 0.8043478260869565 0.8043478260869565 0.8043478260869565 0.7916666666666666 0.7916666666666666 0.7608695652173914 0.8043478260869565 0.8043478260869565 

cart-def
0.625 0.6666666666666666 0.6521739130434783 0.6521739130434783 0.5652173913043478 0.6458333333333334 0.5208333333333334 0.6521739130434783 0.6304347826086957 0.6304347826086957 0.5833333333333334 0.6458333333333334 0.6739130434782609 0.6739130434782609 0.5869565217391305 0.5625 0.5833333333333334 0.6739130434782609 0.6739130434782609 0.5652173913043478 0.625 0.6666666666666666 0.5869565217391305 0.6956521739130435 0.6956521739130435 

cart-cfs
0.6041666666666666 0.6666666666666666 0.6739130434782609 0.6304347826086957 0.5869565217391305 0.6666666666666666 0.5208333333333334 0.6304347826086957 0.6304347826086957 0.6304347826086957 0.625 0.6458333333333334 0.6086956521739131 0.6739130434782609 0.5869565217391305 0.5416666666666666 0.5833333333333334 0.6739130434782609 0.6739130434782609 0.5434782608695652 0.625 0.6666666666666666 0.5869565217391305 0.6956521739130435 0.6956521739130435 

cart-dtf
0.75 0.7291666666666666 0.8043478260869565 0.782608695652174 0.7608695652173914 0.7916666666666666 0.7291666666666666 0.7608695652173914 0.8043478260869565 0.717391304347826 0.7916666666666666 0.7916666666666666 0.782608695652174 0.8043478260869565 0.8043478260869565 0.7083333333333334 0.7708333333333334 0.717391304347826 0.8043478260869565 0.8043478260869565 0.7083333333333334 0.7083333333333334 0.717391304347826 0.8043478260869565 0.8043478260869565 

cart-svmf
0.6666666666666666 0.6875 0.6956521739130435 0.6521739130434783 0.6086956521739131 0.6666666666666666 0.5833333333333334 0.6956521739130435 0.6739130434782609 0.6739130434782609 0.6875 0.6875 0.6739130434782609 0.717391304347826 0.6086956521739131 0.5625 0.6458333333333334 0.717391304347826 0.717391304347826 0.5869565217391305 0.6666666666666666 0.6666666666666666 0.6086956521739131 0.7608695652173914 0.6956521739130435 

nb-def
0.6875 0.7291666666666666 0.6739130434782609 0.6086956521739131 0.7608695652173914 0.625 0.6458333333333334 0.7391304347826086 0.717391304347826 0.7391304347826086 0.7291666666666666 0.7291666666666666 0.7391304347826086 0.6521739130434783 0.7391304347826086 0.7083333333333334 0.6458333333333334 0.7608695652173914 0.717391304347826 0.6739130434782609 0.6666666666666666 0.6875 0.6739130434782609 0.7608695652173914 0.6956521739130435 

nb-cfs
0.7708333333333334 0.7291666666666666 0.21739130434782608 0.7391304347826086 0.782608695652174 0.8125 0.6666666666666666 0.782608695652174 0.717391304347826 0.6956521739130435 0.7708333333333334 0.75 0.782608695652174 0.6739130434782609 0.782608695652174 0.7916666666666666 0.6458333333333334 0.717391304347826 0.7608695652173914 0.7608695652173914 0.6875 0.7083333333333334 0.6739130434782609 0.8260869565217391 0.6739130434782609 

nb-dtf
0.7916666666666666 0.6041666666666666 0.7391304347826086 0.8043478260869565 0.43478260869565216 0.7916666666666666 0.6875 0.6739130434782609 0.6086956521739131 0.6521739130434783 0.75 0.7916666666666666 0.6739130434782609 0.782608695652174 0.6521739130434783 0.20833333333333334 0.5 0.17391304347826086 0.717391304347826 0.717391304347826 0.1875 0.7916666666666666 0.43478260869565216 0.8043478260869565 0.7608695652173914 

nb-svmf
0.7916666666666666 0.6041666666666666 0.7608695652173914 0.8043478260869565 0.7608695652173914 0.7916666666666666 0.6875 0.8043478260869565 0.782608695652174 0.6739130434782609 0.7291666666666666 0.7916666666666666 0.8043478260869565 0.8043478260869565 0.6956521739130435 0.5833333333333334 0.6666666666666666 0.8043478260869565 0.8043478260869565 0.7391304347826086 0.6458333333333334 0.7083333333333334 0.5217391304347826 0.8043478260869565 0.8043478260869565 

rf-def
0.6458333333333334 0.625 0.6521739130434783 0.6304347826086957 0.6086956521739131 0.6458333333333334 0.5208333333333334 0.6739130434782609 0.6086956521739131 0.6521739130434783 0.6458333333333334 0.6875 0.6521739130434783 0.6739130434782609 0.5652173913043478 0.5208333333333334 0.6041666666666666 0.6739130434782609 0.717391304347826 0.5869565217391305 0.625 0.6666666666666666 0.6521739130434783 0.6739130434782609 0.6086956521739131 

rf-cfs
0.6666666666666666 0.6666666666666666 0.6956521739130435 0.6304347826086957 0.6086956521739131 0.625 0.5833333333333334 0.6304347826086957 0.6521739130434783 0.5869565217391305 0.6458333333333334 0.6458333333333334 0.6956521739130435 0.6956521739130435 0.5869565217391305 0.4583333333333333 0.6041666666666666 0.6956521739130435 0.717391304347826 0.6086956521739131 0.625 0.7083333333333334 0.6521739130434783 0.6956521739130435 0.6304347826086957 

rf-dtf
0.75 0.7083333333333334 0.8043478260869565 0.782608695652174 0.7608695652173914 0.7916666666666666 0.75 0.782608695652174 0.8043478260869565 0.7391304347826086 0.7916666666666666 0.7708333333333334 0.782608695652174 0.8043478260869565 0.8043478260869565 0.7083333333333334 0.7708333333333334 0.6956521739130435 0.8043478260869565 0.8043478260869565 0.6875 0.7083333333333334 0.717391304347826 0.8043478260869565 0.8043478260869565 

rf-svmf
0.6458333333333334 0.6458333333333334 0.6739130434782609 0.6521739130434783 0.6086956521739131 0.625 0.5833333333333334 0.6739130434782609 0.6521739130434783 0.6739130434782609 0.6666666666666666 0.6875 0.6739130434782609 0.717391304347826 0.5869565217391305 0.5416666666666666 0.5833333333333334 0.717391304347826 0.6956521739130435 0.5652173913043478 0.6458333333333334 0.6458333333333334 0.5869565217391305 0.717391304347826 0.5652173913043478 

svm-def
0.6458333333333334 0.6875 0.6739130434782609 0.6739130434782609 0.6086956521739131 0.6875 0.5416666666666666 0.6739130434782609 0.6739130434782609 0.6521739130434783 0.6666666666666666 0.6666666666666666 0.6739130434782609 0.717391304347826 0.6086956521739131 0.6041666666666666 0.6041666666666666 0.6956521739130435 0.717391304347826 0.5869565217391305 0.6458333333333334 0.6666666666666666 0.5869565217391305 0.7391304347826086 0.6956521739130435 

svm-cfs
0.6458333333333334 0.6875 0.717391304347826 0.6739130434782609 0.6521739130434783 0.7083333333333334 0.5416666666666666 0.6739130434782609 0.6956521739130435 0.6521739130434783 0.6875 0.6875 0.6956521739130435 0.717391304347826 0.6304347826086957 0.625 0.625 0.717391304347826 0.717391304347826 0.6521739130434783 0.6458333333333334 0.6666666666666666 0.6086956521739131 0.717391304347826 0.717391304347826 

svm-dtf
0.7916666666666666 0.7916666666666666 0.8043478260869565 0.8043478260869565 0.8043478260869565 0.7916666666666666 0.7916666666666666 0.782608695652174 0.8043478260869565 0.782608695652174 0.7916666666666666 0.7916666666666666 0.8043478260869565 0.8043478260869565 0.8043478260869565 0.7708333333333334 0.7916666666666666 0.7608695652173914 0.8043478260869565 0.8043478260869565 0.7916666666666666 0.7708333333333334 0.8043478260869565 0.8043478260869565 0.8043478260869565 

svm-svmf
0.7916666666666666 0.7916666666666666 0.8043478260869565 0.8043478260869565 0.8043478260869565 0.7916666666666666 0.7916666666666666 0.8043478260869565 0.8043478260869565 0.8043478260869565 0.7916666666666666 0.75 0.8043478260869565 0.8043478260869565 0.8043478260869565 0.75 0.7916666666666666 0.8043478260869565 0.8043478260869565 0.7391304347826086 0.7916666666666666 0.7916666666666666 0.8043478260869565 0.8043478260869565 0.8043478260869565 

