rand-def
0.358974358974359 0.3076923076923077 0.2777777777777778 0.3333333333333333 0.2777777777777778 0.3076923076923077 0.358974358974359 0.2222222222222222 0.05555555555555555 0.16666666666666666 0.3076923076923077 0.3076923076923077 0.3888888888888889 0.2222222222222222 0.3888888888888889 0.2564102564102564 0.3076923076923077 0.2777777777777778 0.2222222222222222 0.3333333333333333 0.358974358974359 0.2564102564102564 0.2777777777777778 0.2777777777777778 0.3888888888888889 

oner-def
0.0 0.0 0.0 0.0 0.0 0.0 0.0 0.0 0.0 0.0 0.0 0.0 0.0 0.0 0.0 0.0 0.0 0.0 0.0 0.0 0.0 0.0 0.0 0.0 0.0 

cart-def
0.18181818181818182 0.0 0.0 0.1111111111111111 0.0 0.0 0.0 0.0 0.0 0.0 0.0 0.0 0.0 0.0 0.0 0.0 0.0 0.0 0.0 0.0 0.1 0.0 0.0 0.0 0.0 

cart-cfs
0.0 0.0 0.0 0.0 0.0 0.0 0.0 0.0 0.0 0.10526315789473684 0.0 0.10526315789473684 0.0 0.0 0.0 0.0 0.0 0.0 0.0 0.0 0.1 0.0 0.0 0.0 0.0 

cart-dtf
0.14285714285714285 0.0 0.0 0.0 0.0 0.0 0.0 0.0 0.0 0.13333333333333333 0.0 0.0 0.0 0.0 0.0 0.0 0.0 0.0 0.0 0.0 0.0 0.0 0.0 0.0 0.0 

cart-svmf
0.1111111111111111 0.0 0.0 0.0 0.0 0.0 0.0 0.0 0.0 0.0 0.0 0.0 0.0 0.0 0.0 0.0 0.0 0.0 0.0 0.0 0.1111111111111111 0.0 0.0 0.0 0.0 

nb-def
0.21052631578947367 0.23529411764705882 0.21052631578947367 0.25 0.15384615384615385 0.1 0.19047619047619047 0.45454545454545453 0.13333333333333333 0.25 0.23529411764705882 0.23529411764705882 0.25 0.3333333333333333 0.25 0.2222222222222222 0.19047619047619047 0.42105263157894735 0.13333333333333333 0.2857142857142857 0.38461538461538464 0.11764705882352941 0.11764705882352941 0.35294117647058826 0.3 

nb-cfs
0.35294117647058826 0.38095238095238093 0.21739130434782608 0.0 0.0 0.47058823529411764 0.1111111111111111 0.375 0.23529411764705882 0.125 0.26666666666666666 0.14285714285714285 0.0 0.34782608695652173 0.16666666666666666 0.2857142857142857 0.10526315789473684 0.13333333333333333 0.0 0.26666666666666666 0.21052631578947367 0.2222222222222222 0.11764705882352941 0.3333333333333333 0.21052631578947367 

nb-dtf
0.0 0.09523809523809523 0.14285714285714285 0.0 0.13333333333333333 0.0 0.0 0.2857142857142857 0.0 0.1111111111111111 0.14285714285714285 0.0 0.0 0.2857142857142857 0.2727272727272727 0.2962962962962963 0.14285714285714285 0.2962962962962963 0.23529411764705882 0.13333333333333333 0.2909090909090909 0.4444444444444444 0.38095238095238093 0.0 0.0 

nb-svmf
0.0 0.09523809523809523 0.15384615384615385 0.0 0.15384615384615385 0.0 0.0 0.0 0.0 0.0 0.0 0.0 0.0 0.0 0.2222222222222222 0.09090909090909091 0.1111111111111111 0.0 0.0 0.0 0.10526315789473684 0.0 0.26666666666666666 0.0 0.0 

rf-def
0.0 0.1111111111111111 0.0 0.0 0.0 0.0 0.0 0.0 0.0 0.19047619047619047 0.0 0.0 0.0 0.0 0.0 0.0 0.0 0.0 0.0 0.0 0.1 0.0 0.0 0.0 0.0 

rf-cfs
0.0 0.1111111111111111 0.0 0.0 0.17391304347826086 0.0 0.0 0.0 0.0 0.19047619047619047 0.0 0.0 0.0 0.0 0.0 0.0 0.0 0.0 0.0 0.0 0.18181818181818182 0.0 0.0 0.0 0.11764705882352941 

rf-dtf
0.14285714285714285 0.0 0.0 0.0 0.0 0.0 0.0 0.0 0.0 0.13333333333333333 0.0 0.0 0.0 0.0 0.0 0.0 0.0 0.0 0.0 0.0 0.0 0.0 0.0 0.0 0.0 

rf-svmf
0.0 0.0 0.0 0.1111111111111111 0.0 0.0 0.0 0.0 0.0 0.0 0.0 0.0 0.0 0.0 0.0 0.0 0.1 0.0 0.0 0.0 0.0 0.0 0.0 0.0 0.0 

svm-def
0.0 0.0 0.0 0.0 0.0 0.0 0.0 0.0 0.0 0.0 0.0 0.0 0.0 0.0 0.0 0.0 0.0 0.0 0.0 0.0 0.0 0.0 0.0 0.0 0.0 

svm-cfs
0.0 0.0 0.0 0.0 0.0 0.0 0.0 0.0 0.0 0.0 0.0 0.0 0.0 0.0 0.0 0.0 0.0 0.0 0.0 0.0 0.0 0.0 0.0 0.0 0.0 

svm-dtf
0.0 0.0 0.0 0.0 0.0 0.0 0.0 0.0 0.0 0.0 0.0 0.0 0.0 0.0 0.0 0.0 0.0 0.0 0.0 0.0 0.0 0.0 0.0 0.0 0.0 

svm-svmf
0.0 0.0 0.0 0.0 0.0 0.0 0.0 0.0 0.0 0.0 0.0 0.0 0.0 0.0 0.0 0.0 0.0 0.0 0.0 0.0 0.0 0.0 0.0 0.0 0.0 

