rand-def
0.0 0.0 0.0 0.0 0.0 0.0 0.0 0.0 0.0 0.0 0.0 0.0 0.0 0.0 0.0 0.0 0.0 0.0 0.0 0.0 0.0 0.0 0.0 0.0 0.0 

oner-def
0.6 0.6296296296296295 0.6538461538461539 0.625 0.6538461538461539 0.6296296296296295 0.6 0.6785714285714285 0.7352941176470589 0.6 0.5185185185185185 0.6296296296296295 0.5909090909090909 0.6071428571428572 0.40909090909090906 0.6551724137931033 0.48148148148148157 0.6538461538461539 0.6785714285714285 0.625 0.6 0.5862068965517241 0.6538461538461539 0.6538461538461539 0.5909090909090909 

oner-cfs
0.5600000000000002 0.5925925925925927 0.6538461538461539 0.4999999999999999 0.6538461538461539 0.6296296296296295 0.52 0.6071428571428572 0.7352941176470589 0.7000000000000001 0.5925925925925927 0.5925925925925927 0.5909090909090909 0.6071428571428572 0.5909090909090909 0.5862068965517241 0.48148148148148157 0.6538461538461539 0.6785714285714285 0.5833333333333334 0.6 0.6206896551724138 0.6538461538461539 0.6538461538461539 0.5909090909090909 

oner-dtf
0.5600000000000002 0.6296296296296295 0.6538461538461539 0.625 0.6538461538461539 0.6296296296296295 0.6 0.6071428571428572 0.7352941176470589 0.6666666666666667 0.6296296296296295 0.6296296296296295 0.5909090909090909 0.6785714285714285 0.5909090909090909 0.6551724137931033 0.6296296296296295 0.5384615384615383 0.6785714285714285 0.625 0.6 0.6551724137931033 0.6538461538461539 0.6538461538461539 0.5909090909090909 

oner-svmf
0.5600000000000002 0.6296296296296295 0.6538461538461539 0.625 0.6538461538461539 0.6296296296296295 0.6 0.6071428571428572 0.7352941176470589 0.7000000000000001 0.6296296296296295 0.5925925925925927 0.5909090909090909 0.6428571428571428 0.5909090909090909 0.6551724137931033 0.6296296296296295 0.6538461538461539 0.6785714285714285 0.625 0.6 0.6551724137931033 0.576923076923077 0.6538461538461539 0.5909090909090909 

cart-def
0.28 0.40740740740740733 0.3846153846153846 0.3333333333333333 0.2307692307692307 0.37037037037037046 0.08000000000000004 0.42857142857142855 0.5000000000000001 0.4333333333333334 0.2592592592592593 0.37037037037037046 0.3181818181818182 0.46428571428571425 0.1363636363636365 0.27586206896551724 0.2592592592592593 0.423076923076923 0.46428571428571425 0.16666666666666655 0.28 0.4482758620689654 0.26923076923076933 0.46153846153846145 0.3636363636363636 

cart-cfs
0.23999999999999994 0.40740740740740733 0.423076923076923 0.2916666666666667 0.26923076923076933 0.40740740740740733 0.08000000000000004 0.39285714285714285 0.5000000000000001 0.4333333333333334 0.3333333333333333 0.37037037037037046 0.18181818181818193 0.46428571428571425 0.1363636363636365 0.2413793103448275 0.2592592592592593 0.423076923076923 0.46428571428571425 0.12499999999999992 0.28 0.4482758620689654 0.26923076923076933 0.46153846153846145 0.3636363636363636 

cart-dtf
0.52 0.5185185185185185 0.6538461538461539 0.5833333333333334 0.576923076923077 0.6296296296296295 0.48 0.6071428571428572 0.7352941176470589 0.5666666666666667 0.6296296296296295 0.6296296296296295 0.5454545454545455 0.6785714285714285 0.5909090909090909 0.5172413793103449 0.5925925925925927 0.4999999999999999 0.6785714285714285 0.625 0.4400000000000001 0.5172413793103449 0.4999999999999999 0.6538461538461539 0.5909090909090909 

cart-svmf
0.35999999999999993 0.4444444444444444 0.46153846153846145 0.3333333333333333 0.30769230769230776 0.40740740740740733 0.20000000000000007 0.4999999999999999 0.5588235294117647 0.5 0.4444444444444444 0.4444444444444444 0.3181818181818182 0.5357142857142856 0.18181818181818193 0.27586206896551724 0.37037037037037046 0.4999999999999999 0.5357142857142856 0.20833333333333343 0.35999999999999993 0.4482758620689654 0.30769230769230776 0.576923076923077 0.3636363636363636 

nb-def
0.4 0.5185185185185185 0.423076923076923 0.25000000000000006 0.576923076923077 0.3333333333333333 0.32000000000000006 0.5714285714285713 0.6176470588235294 0.6 0.5185185185185185 0.5185185185185185 0.4545454545454545 0.42857142857142855 0.4545454545454545 0.5172413793103449 0.37037037037037046 0.576923076923077 0.5357142857142856 0.375 0.35999999999999993 0.48275862068965514 0.423076923076923 0.576923076923077 0.3636363636363636 

nb-cfs
0.5600000000000002 0.5185185185185185 -0.3846153846153846 0.4999999999999999 0.6153846153846154 0.6666666666666666 0.35999999999999993 0.6428571428571428 0.6176470588235294 0.5333333333333333 0.5925925925925927 0.5555555555555556 0.5454545454545455 0.46428571428571425 0.5454545454545455 0.6551724137931033 0.37037037037037046 0.4999999999999999 0.6071428571428572 0.5416666666666667 0.4 0.5172413793103449 0.423076923076923 0.6923076923076923 0.3181818181818182 

nb-dtf
0.6 0.2962962962962962 0.5384615384615383 0.625 0.0 0.6296296296296295 0.4 0.46428571428571425 0.47058823529411775 0.4666666666666667 0.5555555555555556 0.6296296296296295 0.3181818181818182 0.6428571428571428 0.27272727272727276 -0.3103448275862068 0.1111111111111111 -0.46153846153846145 0.5357142857142856 0.45833333333333326 -0.5600000000000002 0.6551724137931033 0.0 0.6538461538461539 0.5000000000000001 

nb-svmf
0.6 0.2962962962962962 0.576923076923077 0.625 0.576923076923077 0.6296296296296295 0.4 0.6785714285714285 0.7058823529411766 0.5 0.5185185185185185 0.6296296296296295 0.5909090909090909 0.6785714285714285 0.3636363636363636 0.31034482758620696 0.40740740740740733 0.6538461538461539 0.6785714285714285 0.4999999999999999 0.32000000000000006 0.5172413793103449 0.15384615384615383 0.6538461538461539 0.5909090909090909 

rf-def
0.23999999999999994 0.40740740740740733 0.3461538461538462 0.3333333333333333 0.26923076923076933 0.37037037037037046 0.08000000000000004 0.42857142857142855 0.47058823529411775 0.4333333333333334 0.3333333333333333 0.37037037037037046 0.3181818181818182 0.46428571428571425 0.09090909090909084 0.27586206896551724 0.2592592592592593 0.3846153846153846 0.46428571428571425 0.12499999999999992 0.28 0.4482758620689654 0.26923076923076933 0.46153846153846145 0.3181818181818182 

rf-cfs
0.28 0.40740740740740733 0.423076923076923 0.2916666666666667 0.26923076923076933 0.40740740740740733 0.11999999999999991 0.42857142857142855 0.5000000000000001 0.4333333333333334 0.3333333333333333 0.37037037037037046 0.3181818181818182 0.4999999999999999 0.1363636363636365 0.27586206896551724 0.2962962962962962 0.423076923076923 0.46428571428571425 0.12499999999999992 0.28 0.4482758620689654 0.26923076923076933 0.46153846153846145 0.3181818181818182 

rf-dtf
0.52 0.5185185185185185 0.6538461538461539 0.5833333333333334 0.4999999999999999 0.6296296296296295 0.48 0.6071428571428572 0.7352941176470589 0.5666666666666667 0.6296296296296295 0.6296296296296295 0.5454545454545455 0.6785714285714285 0.5909090909090909 0.5172413793103449 0.5925925925925927 0.46153846153846145 0.6785714285714285 0.625 0.4400000000000001 0.5172413793103449 0.46153846153846145 0.6538461538461539 0.5909090909090909 

rf-svmf
0.35999999999999993 0.4444444444444444 0.46153846153846145 0.3333333333333333 0.30769230769230776 0.40740740740740733 0.20000000000000007 0.4999999999999999 0.5588235294117647 0.5 0.4444444444444444 0.4444444444444444 0.27272727272727276 0.5357142857142856 0.1363636363636365 0.34482758620689646 0.3333333333333333 0.46153846153846145 0.4999999999999999 0.16666666666666655 0.35999999999999993 0.4482758620689654 0.26923076923076933 0.576923076923077 0.3636363636363636 

svm-def
0.32000000000000006 0.4444444444444444 0.423076923076923 0.375 0.30769230769230776 0.4444444444444444 0.11999999999999991 0.46428571428571425 0.5588235294117647 0.4666666666666667 0.40740740740740733 0.40740740740740733 0.3181818181818182 0.5357142857142856 0.18181818181818193 0.34482758620689646 0.2962962962962962 0.46153846153846145 0.5357142857142856 0.20833333333333343 0.32000000000000006 0.4482758620689654 0.26923076923076933 0.5384615384615383 0.3636363636363636 

svm-cfs
0.32000000000000006 0.4444444444444444 0.4999999999999999 0.375 0.3846153846153846 0.48148148148148157 0.11999999999999991 0.46428571428571425 0.5882352941176471 0.4666666666666667 0.4444444444444444 0.4444444444444444 0.3636363636363636 0.5357142857142856 0.22727272727272735 0.3793103448275862 0.3333333333333333 0.4999999999999999 0.5357142857142856 0.3333333333333333 0.32000000000000006 0.4482758620689654 0.30769230769230776 0.4999999999999999 0.40909090909090906 

svm-dtf
0.6 0.6296296296296295 0.6538461538461539 0.625 0.6538461538461539 0.6296296296296295 0.6 0.6428571428571428 0.7352941176470589 0.6666666666666667 0.6296296296296295 0.6296296296296295 0.5909090909090909 0.6785714285714285 0.5909090909090909 0.6206896551724138 0.6296296296296295 0.576923076923077 0.6785714285714285 0.625 0.6 0.6206896551724138 0.6538461538461539 0.6538461538461539 0.5909090909090909 

svm-svmf
0.6 0.6296296296296295 0.6538461538461539 0.625 0.6538461538461539 0.6296296296296295 0.6 0.6785714285714285 0.7352941176470589 0.7000000000000001 0.6296296296296295 0.5555555555555556 0.5909090909090909 0.6785714285714285 0.5909090909090909 0.5862068965517241 0.6296296296296295 0.6538461538461539 0.6785714285714285 0.4999999999999999 0.6 0.6551724137931033 0.6538461538461539 0.6538461538461539 0.5909090909090909 

