rand-def
0.42105263157894735 0.39473684210526316 0.40540540540540543 0.43243243243243246 0.40540540540540543 0.39473684210526316 0.42105263157894735 0.3783783783783784 0.2972972972972973 0.35135135135135137 0.39473684210526316 0.39473684210526316 0.4594594594594595 0.3783783783783784 0.4594594594594595 0.3684210526315789 0.39473684210526316 0.40540540540540543 0.3783783783783784 0.43243243243243246 0.42105263157894735 0.3684210526315789 0.40540540540540543 0.40540540540540543 0.4594594594594595 

oner-def
1.0 1.0 1.0 1.0 1.0 1.0 1.0 1.0 1.0 0.918918918918919 0.9210526315789473 1.0 1.0 0.9459459459459459 0.8918918918918919 1.0 0.8947368421052632 1.0 1.0 1.0 1.0 0.9473684210526315 1.0 1.0 1.0 

cart-def
0.7368421052631579 0.8421052631578947 0.8108108108108109 0.7837837837837838 0.7027027027027027 0.8157894736842105 0.6578947368421053 0.8108108108108109 0.7837837837837838 0.7837837837837838 0.7368421052631579 0.8157894736842105 0.8378378378378378 0.8378378378378378 0.7297297297297297 0.7105263157894737 0.7368421052631579 0.8378378378378378 0.8378378378378378 0.7027027027027027 0.7631578947368421 0.8421052631578947 0.7297297297297297 0.8648648648648649 0.8648648648648649 

cart-cfs
0.7631578947368421 0.8421052631578947 0.8378378378378378 0.7837837837837838 0.7297297297297297 0.8421052631578947 0.6578947368421053 0.7837837837837838 0.7837837837837838 0.7567567567567568 0.7894736842105263 0.7894736842105263 0.7567567567567568 0.8378378378378378 0.7297297297297297 0.6842105263157895 0.7368421052631579 0.8378378378378378 0.8378378378378378 0.6756756756756757 0.7631578947368421 0.8421052631578947 0.7297297297297297 0.8648648648648649 0.8648648648648649 

cart-dtf
0.9210526315789473 0.9210526315789473 1.0 0.972972972972973 0.9459459459459459 1.0 0.9210526315789473 0.9459459459459459 1.0 0.8648648648648649 1.0 1.0 0.972972972972973 1.0 1.0 0.8947368421052632 0.9736842105263158 0.8918918918918919 1.0 1.0 0.8947368421052632 0.8947368421052632 0.8918918918918919 1.0 1.0 

cart-svmf
0.8157894736842105 0.868421052631579 0.8648648648648649 0.8108108108108109 0.7567567567567568 0.8421052631578947 0.7368421052631579 0.8648648648648649 0.8378378378378378 0.8378378378378378 0.868421052631579 0.868421052631579 0.8378378378378378 0.8918918918918919 0.7567567567567568 0.7105263157894737 0.8157894736842105 0.8918918918918919 0.8918918918918919 0.7297297297297297 0.8157894736842105 0.8421052631578947 0.7567567567567568 0.9459459459459459 0.8648648648648649 

nb-def
0.8157894736842105 0.868421052631579 0.7837837837837838 0.6756756756756757 0.918918918918919 0.7631578947368421 0.7631578947368421 0.7837837837837838 0.8648648648648649 0.8648648648648649 0.868421052631579 0.868421052631579 0.8648648648648649 0.7027027027027027 0.8648648648648649 0.8421052631578947 0.7631578947368421 0.8378378378378378 0.8648648648648649 0.7567567567567568 0.7105263157894737 0.8421052631578947 0.8108108108108109 0.8648648648648649 0.7837837837837838 

nb-cfs
0.8947368421052632 0.8157894736842105 0.13513513513513514 0.918918918918919 0.972972972972973 0.9210526315789473 0.8157894736842105 0.8918918918918919 0.8378378378378378 0.8378378378378378 0.9210526315789473 0.9210526315789473 0.972972972972973 0.7297297297297297 0.9459459459459459 0.9473684210526315 0.7894736842105263 0.8648648648648649 0.9459459459459459 0.8918918918918919 0.8157894736842105 0.8421052631578947 0.8108108108108109 0.972972972972973 0.7837837837837838 

nb-dtf
1.0 0.7368421052631579 0.8918918918918919 1.0 0.4864864864864865 1.0 0.868421052631579 0.7567567567567568 0.7567567567567568 0.7837837837837838 0.9210526315789473 1.0 0.8378378378378378 0.918918918918919 0.7297297297297297 0.05263157894736842 0.5789473684210527 0.0 0.8378378378378378 0.8648648648648649 0.02631578947368421 0.8947368421052632 0.32432432432432434 1.0 0.9459459459459459 

nb-svmf
1.0 0.7368421052631579 0.918918918918919 1.0 0.918918918918919 1.0 0.868421052631579 1.0 0.972972972972973 0.8378378378378378 0.9210526315789473 1.0 1.0 1.0 0.8108108108108109 0.7105263157894737 0.8157894736842105 1.0 1.0 0.918918918918919 0.7894736842105263 0.8947368421052632 0.5405405405405406 1.0 1.0 

rf-def
0.7631578947368421 0.8157894736842105 0.7837837837837838 0.8108108108108109 0.7297297297297297 0.8157894736842105 0.6578947368421053 0.8108108108108109 0.7567567567567568 0.7297297297297297 0.7894736842105263 0.8157894736842105 0.8378378378378378 0.8378378378378378 0.7027027027027027 0.7105263157894737 0.7368421052631579 0.8108108108108109 0.8378378378378378 0.6756756756756757 0.7631578947368421 0.8421052631578947 0.7297297297297297 0.8648648648648649 0.8378378378378378 

rf-cfs
0.7894736842105263 0.8157894736842105 0.8378378378378378 0.7837837837837838 0.6756756756756757 0.8421052631578947 0.6842105263157895 0.8108108108108109 0.7837837837837838 0.7297297297297297 0.7894736842105263 0.8157894736842105 0.8378378378378378 0.8648648648648649 0.7297297297297297 0.7105263157894737 0.7631578947368421 0.8378378378378378 0.8378378378378378 0.6756756756756757 0.7368421052631579 0.8421052631578947 0.7297297297297297 0.8648648648648649 0.8108108108108109 

rf-dtf
0.9210526315789473 0.9210526315789473 1.0 0.972972972972973 0.8918918918918919 1.0 0.9210526315789473 0.9459459459459459 1.0 0.8648648648648649 1.0 1.0 0.972972972972973 1.0 1.0 0.8947368421052632 0.9736842105263158 0.8648648648648649 1.0 1.0 0.8947368421052632 0.8947368421052632 0.8648648648648649 1.0 1.0 

rf-svmf
0.8421052631578947 0.868421052631579 0.8648648648648649 0.7837837837837838 0.7567567567567568 0.8421052631578947 0.7368421052631579 0.8648648648648649 0.8378378378378378 0.8378378378378378 0.868421052631579 0.868421052631579 0.8108108108108109 0.8918918918918919 0.7297297297297297 0.7631578947368421 0.7631578947368421 0.8648648648648649 0.8648648648648649 0.7027027027027027 0.8421052631578947 0.8421052631578947 0.7297297297297297 0.9459459459459459 0.8648648648648649 

svm-def
0.8157894736842105 0.868421052631579 0.8378378378378378 0.8378378378378378 0.7567567567567568 0.868421052631579 0.6842105263157895 0.8378378378378378 0.8378378378378378 0.8108108108108109 0.8421052631578947 0.8421052631578947 0.8378378378378378 0.8918918918918919 0.7567567567567568 0.7631578947368421 0.7631578947368421 0.8648648648648649 0.8918918918918919 0.7297297297297297 0.8157894736842105 0.8421052631578947 0.7297297297297297 0.918918918918919 0.8648648648648649 

svm-cfs
0.8157894736842105 0.868421052631579 0.8918918918918919 0.8378378378378378 0.8108108108108109 0.8947368421052632 0.6842105263157895 0.8378378378378378 0.8648648648648649 0.8108108108108109 0.868421052631579 0.868421052631579 0.8648648648648649 0.8918918918918919 0.7837837837837838 0.7894736842105263 0.7894736842105263 0.8918918918918919 0.8918918918918919 0.8108108108108109 0.8157894736842105 0.8421052631578947 0.7567567567567568 0.8918918918918919 0.8918918918918919 

svm-dtf
1.0 1.0 1.0 1.0 1.0 1.0 1.0 0.972972972972973 1.0 0.972972972972973 1.0 1.0 1.0 1.0 1.0 0.9736842105263158 1.0 0.9459459459459459 1.0 1.0 1.0 0.9736842105263158 1.0 1.0 1.0 

svm-svmf
1.0 1.0 1.0 1.0 1.0 1.0 1.0 1.0 1.0 1.0 1.0 0.9473684210526315 1.0 1.0 1.0 0.9473684210526315 1.0 1.0 1.0 0.918918918918919 1.0 1.0 1.0 1.0 1.0 

