rand-def
0.2413793103448276 0.20689655172413793 0.18518518518518517 0.2222222222222222 0.18518518518518517 0.20689655172413793 0.2413793103448276 0.14814814814814814 0.037037037037037035 0.1111111111111111 0.20689655172413793 0.20689655172413793 0.25925925925925924 0.14814814814814814 0.25925925925925924 0.1724137931034483 0.20689655172413793 0.18518518518518517 0.14814814814814814 0.2222222222222222 0.2413793103448276 0.1724137931034483 0.18518518518518517 0.18518518518518517 0.25925925925925924 

oner-def
0 0 0 0 0 0 0 0 0 0.0 0.0 0 0 0.0 0.0 0 0.0 0 0 0 0 0.0 0 0 0 

cart-def
0.16666666666666666 0.0 0.0 0.1111111111111111 0.0 0.0 0.0 0.0 0.0 0.0 0.0 0.0 0.0 0.0 0.0 0.0 0.0 0.0 0.0 0.0 0.1 0.0 0.0 0.0 0.0 

cart-cfs
0.0 0.0 0.0 0.0 0.0 0.0 0.0 0.0 0.0 0.1 0.0 0.1111111111111111 0.0 0.0 0.0 0.0 0.0 0.0 0.0 0.0 0.1 0.0 0.0 0.0 0.0 

cart-dtf
0.25 0.0 0 0.0 0.0 0 0.0 0.0 0 0.16666666666666666 0 0 0.0 0 0 0.0 0.0 0.0 0 0 0.0 0.0 0.0 0 0 

cart-svmf
0.125 0.0 0.0 0.0 0.0 0.0 0.0 0.0 0.0 0.0 0.0 0.0 0.0 0.0 0.0 0.0 0.0 0.0 0.0 0.0 0.125 0.0 0.0 0.0 0.0 

nb-def
0.2222222222222222 0.2857142857142857 0.2 0.2 0.25 0.1 0.18181818181818182 0.38461538461538464 0.16666666666666666 0.2857142857142857 0.2857142857142857 0.2857142857142857 0.2857142857142857 0.26666666666666666 0.2857142857142857 0.25 0.18181818181818182 0.4 0.16666666666666666 0.25 0.3125 0.14285714285714285 0.125 0.375 0.2727272727272727 

nb-cfs
0.42857142857142855 0.36363636363636365 0.13513513513513514 0.0 0.0 0.5714285714285714 0.125 0.42857142857142855 0.25 0.14285714285714285 0.4 0.25 0.0 0.2857142857142857 0.3333333333333333 0.5 0.1111111111111111 0.16666666666666666 0.0 0.3333333333333333 0.2222222222222222 0.25 0.125 0.6666666666666666 0.2 

nb-dtf
0 0.09090909090909091 0.2 0 0.09523809523809523 0 0.0 0.25 0.0 0.1111111111111111 0.25 0 0.0 0.4 0.23076923076923078 0.18181818181818182 0.1111111111111111 0.17777777777777778 0.25 0.16666666666666666 0.17777777777777778 0.5 0.24242424242424243 0 0.0 

nb-svmf
0 0.09090909090909091 0.25 0 0.25 0 0.0 0 0.0 0.0 0.0 0 0 0 0.2222222222222222 0.08333333333333333 0.125 0 0 0.0 0.1111111111111111 0.0 0.19047619047619047 0 0 

rf-def
0.0 0.125 0.0 0.0 0.0 0.0 0.0 0.0 0.0 0.16666666666666666 0.0 0.0 0.0 0.0 0.0 0.0 0.0 0.0 0.0 0.0 0.1 0.0 0.0 0.0 0.0 

rf-cfs
0.0 0.125 0.0 0.0 0.14285714285714285 0.0 0.0 0.0 0.0 0.16666666666666666 0.0 0.0 0.0 0.0 0.0 0.0 0.0 0.0 0.0 0.0 0.16666666666666666 0.0 0.0 0.0 0.125 

rf-dtf
0.25 0.0 0 0.0 0.0 0 0.0 0.0 0 0.16666666666666666 0 0 0.0 0 0 0.0 0.0 0.0 0 0 0.0 0.0 0.0 0 0 

rf-svmf
0.0 0.0 0.0 0.1111111111111111 0.0 0.0 0.0 0.0 0.0 0.0 0.0 0.0 0.0 0.0 0.0 0.0 0.1 0.0 0.0 0.0 0.0 0.0 0.0 0.0 0.0 

svm-def
0.0 0.0 0.0 0.0 0.0 0.0 0.0 0.0 0.0 0.0 0.0 0.0 0.0 0.0 0.0 0.0 0.0 0.0 0.0 0.0 0.0 0.0 0.0 0.0 0.0 

svm-cfs
0.0 0.0 0.0 0.0 0.0 0.0 0.0 0.0 0.0 0.0 0.0 0.0 0.0 0.0 0.0 0.0 0.0 0.0 0.0 0.0 0.0 0.0 0.0 0.0 0.0 

svm-dtf
0 0 0 0 0 0 0 0.0 0 0.0 0 0 0 0 0 0.0 0 0.0 0 0 0 0.0 0 0 0 

svm-svmf
0 0 0 0 0 0 0 0 0 0 0 0.0 0 0 0 0.0 0 0 0 0.0 0 0 0 0 0 

