rand-def
0.7 0.6 0.5555555555555556 0.6666666666666666 0.5555555555555556 0.6 0.7 0.4444444444444444 0.1111111111111111 0.3333333333333333 0.6 0.6 0.7777777777777778 0.4444444444444444 0.7777777777777778 0.5 0.6 0.5555555555555556 0.4444444444444444 0.6666666666666666 0.7 0.5 0.5555555555555556 0.5555555555555556 0.7777777777777778 

oner-def
0.0 0.0 0.0 0.0 0.0 0.0 0.0 0.0 0.0 0.0 0.0 0.0 0.0 0.0 0.0 0.0 0.0 0.0 0.0 0.0 0.0 0.0 0.0 0.0 0.0 

cart-def
0.2 0.0 0.0 0.1111111111111111 0.0 0.0 0.0 0.0 0.0 0.0 0.0 0.0 0.0 0.0 0.0 0.0 0.0 0.0 0.0 0.0 0.1 0.0 0.0 0.0 0.0 

cart-cfs
0.0 0.0 0.0 0.0 0.0 0.0 0.0 0.0 0.0 0.1111111111111111 0.0 0.1 0.0 0.0 0.0 0.0 0.0 0.0 0.0 0.0 0.1 0.0 0.0 0.0 0.0 

cart-dtf
0.1 0.0 0.0 0.0 0.0 0.0 0.0 0.0 0.0 0.1111111111111111 0.0 0.0 0.0 0.0 0.0 0.0 0.0 0.0 0.0 0.0 0.0 0.0 0.0 0.0 0.0 

cart-svmf
0.1 0.0 0.0 0.0 0.0 0.0 0.0 0.0 0.0 0.0 0.0 0.0 0.0 0.0 0.0 0.0 0.0 0.0 0.0 0.0 0.1 0.0 0.0 0.0 0.0 

nb-def
0.2 0.2 0.2222222222222222 0.3333333333333333 0.1111111111111111 0.1 0.2 0.5555555555555556 0.1111111111111111 0.2222222222222222 0.2 0.2 0.2222222222222222 0.4444444444444444 0.2222222222222222 0.2 0.2 0.4444444444444444 0.1111111111111111 0.3333333333333333 0.5 0.1 0.1111111111111111 0.3333333333333333 0.3333333333333333 

nb-cfs
0.3 0.4 0.5555555555555556 0.0 0.0 0.4 0.1 0.3333333333333333 0.2222222222222222 0.1111111111111111 0.2 0.1 0.0 0.4444444444444444 0.1111111111111111 0.2 0.1 0.1111111111111111 0.0 0.2222222222222222 0.2 0.2 0.1111111111111111 0.2222222222222222 0.2222222222222222 

nb-dtf
0.0 0.1 0.1111111111111111 0.0 0.2222222222222222 0.0 0.0 0.3333333333333333 0.0 0.1111111111111111 0.1 0.0 0.0 0.2222222222222222 0.3333333333333333 0.8 0.2 0.8888888888888888 0.2222222222222222 0.1111111111111111 0.8 0.4 0.8888888888888888 0.0 0.0 

nb-svmf
0.0 0.1 0.1111111111111111 0.0 0.1111111111111111 0.0 0.0 0.0 0.0 0.0 0.0 0.0 0.0 0.0 0.2222222222222222 0.1 0.1 0.0 0.0 0.0 0.1 0.0 0.4444444444444444 0.0 0.0 

rf-def
0.0 0.1 0.0 0.0 0.0 0.0 0.0 0.0 0.0 0.2222222222222222 0.0 0.0 0.0 0.0 0.0 0.0 0.0 0.0 0.0 0.0 0.1 0.0 0.0 0.0 0.0 

rf-cfs
0.0 0.1 0.0 0.0 0.2222222222222222 0.0 0.0 0.0 0.0 0.2222222222222222 0.0 0.0 0.0 0.0 0.0 0.0 0.0 0.0 0.0 0.0 0.2 0.0 0.0 0.0 0.1111111111111111 

rf-dtf
0.1 0.0 0.0 0.0 0.0 0.0 0.0 0.0 0.0 0.1111111111111111 0.0 0.0 0.0 0.0 0.0 0.0 0.0 0.0 0.0 0.0 0.0 0.0 0.0 0.0 0.0 

rf-svmf
0.0 0.0 0.0 0.1111111111111111 0.0 0.0 0.0 0.0 0.0 0.0 0.0 0.0 0.0 0.0 0.0 0.0 0.1 0.0 0.0 0.0 0.0 0.0 0.0 0.0 0.0 

svm-def
0.0 0.0 0.0 0.0 0.0 0.0 0.0 0.0 0.0 0.0 0.0 0.0 0.0 0.0 0.0 0.0 0.0 0.0 0.0 0.0 0.0 0.0 0.0 0.0 0.0 

svm-cfs
0.0 0.0 0.0 0.0 0.0 0.0 0.0 0.0 0.0 0.0 0.0 0.0 0.0 0.0 0.0 0.0 0.0 0.0 0.0 0.0 0.0 0.0 0.0 0.0 0.0 

svm-dtf
0.0 0.0 0.0 0.0 0.0 0.0 0.0 0.0 0.0 0.0 0.0 0.0 0.0 0.0 0.0 0.0 0.0 0.0 0.0 0.0 0.0 0.0 0.0 0.0 0.0 

svm-svmf
0.0 0.0 0.0 0.0 0.0 0.0 0.0 0.0 0.0 0.0 0.0 0.0 0.0 0.0 0.0 0.0 0.0 0.0 0.0 0.0 0.0 0.0 0.0 0.0 0.0 

