rand-def
0.1210526315789473 -0.0052631578947368585 -0.039039039039038936 0.09909909909909898 -0.039039039039038936 -0.0052631578947368585 0.1210526315789473 -0.17717717717717718 -0.5915915915915916 -0.3153153153153153 -0.0052631578947368585 -0.0052631578947368585 0.23723723723723733 -0.17717717717717718 0.23723723723723733 -0.13157894736842102 -0.0052631578947368585 -0.039039039039038936 -0.17717717717717718 0.09909909909909898 0.1210526315789473 -0.13157894736842102 -0.039039039039038936 -0.039039039039038936 0.23723723723723733 

oner-def
0.0 0.0 0.0 0.0 0.0 0.0 0.0 0.0 0.0 -0.08108108108108103 -0.07894736842105265 0.0 0.0 -0.05405405405405406 -0.10810810810810811 0.0 -0.10526315789473684 0.0 0.0 0.0 0.0 -0.052631578947368474 0.0 0.0 0.0 

oner-cfs
-0.02631578947368418 0.047368421052631504 0.0 -0.08108108108108103 0.0 0.0 -0.052631578947368474 -0.05405405405405406 0.0 0.0 0.047368421052631504 -0.02631578947368418 0.0 -0.05405405405405406 0.0 0.021052631578947434 -0.10526315789473684 0.0 0.0 0.05705705705705699 0.0 -0.02631578947368418 0.0 0.0 0.0 

oner-dtf
0.047368421052631504 0.0 0.0 0.0 0.0 0.0 0.0 -0.05405405405405406 0.0 -0.027027027027026973 0.0 0.0 0.0 0.0 0.0 0.0 0.0 -0.08108108108108103 0.0 0.0 0.0 0.0 0.0 0.0 0.0 

oner-svmf
0.047368421052631504 0.0 0.0 0.0 0.0 0.0 0.0 -0.05405405405405406 0.0 0.0 0.0 -0.02631578947368418 0.0 -0.027027027027026973 0.0 0.0 0.0 0.0 0.0 0.0 0.0 0.0 -0.05405405405405406 0.0 0.0 

cart-def
-0.06315789473684208 -0.1578947368421053 -0.18918918918918914 -0.10510510510510507 -0.29729729729729726 -0.1842105263157895 -0.3421052631578947 -0.18918918918918914 -0.21621621621621623 -0.21621621621621623 -0.26315789473684215 -0.1842105263157895 -0.16216216216216217 -0.16216216216216217 -0.2702702702702703 -0.2894736842105263 -0.26315789473684215 -0.16216216216216217 -0.16216216216216217 -0.29729729729729726 -0.13684210526315788 -0.1578947368421053 -0.2702702702702703 -0.1351351351351351 -0.1351351351351351 

cart-cfs
-0.23684210526315785 -0.1578947368421053 -0.16216216216216217 -0.21621621621621623 -0.2702702702702703 -0.1578947368421053 -0.3421052631578947 -0.21621621621621623 -0.21621621621621623 -0.13213213213213204 -0.21052631578947367 -0.1105263157894737 -0.2432432432432432 -0.16216216216216217 -0.2702702702702703 -0.3157894736842105 -0.26315789473684215 -0.16216216216216217 -0.16216216216216217 -0.32432432432432434 -0.13684210526315788 -0.1578947368421053 -0.2702702702702703 -0.1351351351351351 -0.1351351351351351 

cart-dtf
0.021052631578947434 -0.07894736842105265 0.0 -0.027027027027026973 -0.05405405405405406 0.0 -0.07894736842105265 -0.05405405405405406 0.0 -0.024024024024023927 0.0 0.0 -0.027027027027026973 0.0 0.0 -0.10526315789473684 -0.02631578947368418 -0.10810810810810811 0.0 0.0 -0.10526315789473684 -0.10526315789473684 -0.10810810810810811 0.0 0.0 

cart-svmf
-0.08421052631578951 -0.13157894736842102 -0.1351351351351351 -0.18918918918918914 -0.2432432432432432 -0.1578947368421053 -0.26315789473684215 -0.1351351351351351 -0.16216216216216217 -0.16216216216216217 -0.13157894736842102 -0.13157894736842102 -0.16216216216216217 -0.10810810810810811 -0.2432432432432432 -0.2894736842105263 -0.1842105263157895 -0.10810810810810811 -0.10810810810810811 -0.2702702702702703 -0.08421052631578951 -0.1578947368421053 -0.2432432432432432 -0.05405405405405406 -0.1351351351351351 

nb-def
0.015789473684210575 0.06842105263157894 0.006006006006006093 0.009009009009008917 0.03003003003003002 -0.13684210526315788 -0.03684210526315779 0.33933933933933935 -0.024024024024023927 0.08708708708708723 0.06842105263157894 0.06842105263157894 0.08708708708708723 0.14714714714714727 0.08708708708708723 0.042105263157894646 -0.03684210526315779 0.28228228228228236 -0.024024024024023927 0.09009009009009006 0.21052631578947367 -0.05789473684210533 -0.0780780780780781 0.19819819819819817 0.11711711711711703 

nb-cfs
0.1947368421052631 0.21578947368421053 -0.30930930930930933 -0.08108108108108103 -0.027027027027026973 0.32105263157894726 -0.08421052631578951 0.22522522522522515 0.06006006006006004 -0.05105105105105112 0.1210526315789473 0.021052631578947434 -0.027027027027026973 0.17417417417417402 0.05705705705705699 0.1473684210526316 -0.1105263157894737 -0.024024024024023927 -0.05405405405405406 0.11411411411411398 0.015789473684210575 0.042105263157894646 -0.0780780780780781 0.19519519519519513 0.006006006006006093 

nb-dtf
0.0 -0.16315789473684217 0.0030030030030030463 0.0 -0.2912912912912913 0.0 -0.13157894736842102 0.09009009009009006 -0.2432432432432432 -0.10510510510510507 0.021052631578947434 0.0 -0.16216216216216217 0.14114114114114118 0.06306306306306309 -0.1473684210526316 -0.2210526315789474 -0.11111111111111116 0.06006006006006004 -0.024024024024023927 -0.17368421052631577 0.2947368421052632 0.21321321321321318 0.0 -0.05405405405405406 

nb-svmf
0.0 -0.16315789473684217 0.03003003003003002 0.0 0.03003003003003002 0.0 -0.13157894736842102 0.0 -0.027027027027026973 -0.16216216216216217 -0.07894736842105265 0.0 0.0 0.0 0.033033033033033066 -0.18947368421052635 -0.08421052631578951 0.0 0.0 -0.08108108108108103 -0.1105263157894737 -0.10526315789473684 -0.01501501501501501 0.0 0.0 

rf-def
-0.1842105263157895 -0.13684210526315788 -0.18918918918918914 -0.21621621621621623 -0.2432432432432432 -0.1842105263157895 -0.3421052631578947 -0.16216216216216217 -0.2432432432432432 -0.10510510510510507 -0.1842105263157895 -0.13157894736842102 -0.10510510510510507 -0.16216216216216217 -0.29729729729729726 -0.3421052631578947 -0.16315789473684217 -0.16216216216216217 -0.10810810810810811 -0.2702702702702703 -0.21052631578947367 -0.1578947368421053 -0.18918918918918914 -0.16216216216216217 -0.15915915915915924 

rf-cfs
-0.1578947368421053 -0.08421052631578951 -0.1351351351351351 -0.21621621621621623 -0.07507507507507505 -0.21052631578947367 -0.18947368421052635 -0.21621621621621623 -0.18918918918918914 -0.1861861861861862 -0.1842105263157895 -0.1842105263157895 -0.05105105105105112 -0.05105105105105112 -0.2702702702702703 -0.42105263157894735 -0.23684210526315785 -0.05105105105105112 -0.10810810810810811 -0.2432432432432432 -0.06315789473684208 -0.10526315789473684 -0.18918918918918914 -0.1351351351351351 -0.13213213213213204 

rf-dtf
0.021052631578947434 -0.10526315789473684 0.0 -0.027027027027026973 -0.05405405405405406 0.0 -0.052631578947368474 -0.027027027027026973 0.0 0.0030030030030030463 0.0 -0.02631578947368418 -0.027027027027026973 0.08408408408408419 0.0 -0.10526315789473684 -0.02631578947368418 -0.1351351351351351 0.0 0.0 -0.13157894736842102 -0.10526315789473684 -0.10810810810810811 0.0 0.0 

rf-svmf
-0.1842105263157895 -0.1842105263157895 -0.16216216216216217 -0.18918918918918914 -0.2432432432432432 -0.21052631578947367 -0.26315789473684215 -0.16216216216216217 -0.18918918918918914 -0.16216216216216217 -0.1578947368421053 -0.13157894736842102 -0.16216216216216217 -0.024024024024023927 -0.2702702702702703 -0.3157894736842105 -0.18947368421052635 -0.10810810810810811 -0.1351351351351351 -0.29729729729729726 -0.1842105263157895 -0.1842105263157895 -0.2702702702702703 -0.10810810810810811 -0.29729729729729726 

svm-def
-0.1842105263157895 -0.13157894736842102 -0.16216216216216217 -0.16216216216216217 -0.2432432432432432 -0.13157894736842102 -0.3157894736842105 -0.16216216216216217 -0.16216216216216217 -0.18918918918918914 -0.1578947368421053 -0.1578947368421053 -0.16216216216216217 -0.10810810810810811 -0.2432432432432432 -0.23684210526315785 -0.23684210526315785 -0.1351351351351351 -0.10810810810810811 -0.2702702702702703 -0.1842105263157895 -0.1578947368421053 -0.2702702702702703 -0.08108108108108103 -0.1351351351351351 

svm-cfs
-0.1842105263157895 -0.13157894736842102 -0.10810810810810811 -0.16216216216216217 -0.18918918918918914 -0.10526315789473684 -0.3157894736842105 -0.16216216216216217 -0.1351351351351351 -0.18918918918918914 -0.13157894736842102 -0.13157894736842102 -0.1351351351351351 -0.10810810810810811 -0.21621621621621623 -0.21052631578947367 -0.21052631578947367 -0.10810810810810811 -0.10810810810810811 -0.18918918918918914 -0.1842105263157895 -0.1578947368421053 -0.2432432432432432 -0.10810810810810811 -0.10810810810810811 

svm-dtf
0.0 0.0 0.0 0.0 0.0 0.0 0.0 -0.027027027027026973 0.0 -0.027027027027026973 0.0 0.0 0.0 0.0 0.0 -0.02631578947368418 0.0 -0.05405405405405406 0.0 0.0 0.0 -0.02631578947368418 0.0 0.0 0.0 

svm-svmf
0.0 0.0 0.0 0.0 0.0 0.0 0.0 0.0 0.0 0.0 0.0 -0.052631578947368474 0.0 0.0 0.0 -0.052631578947368474 0.0 0.0 0.0 -0.08108108108108103 0.0 0.0 0.0 0.0 0.0 

