rand-def
0.4610748612761608 0.5130026755801129 0.5249159914303627 0.46542671542664826 0.5249159914303627 0.5130026755801129 0.4610748612761608 0.5895148071830496 0.8012223615126471 0.6577193603042876 0.5130026755801129 0.5130026755801129 0.4132594778206802 0.5895148071830496 0.4132594778206802 0.5696016005766673 0.5130026755801129 0.5249159914303627 0.5895148071830496 0.46542671542664826 0.4610748612761608 0.5696016005766673 0.5249159914303627 0.5249159914303627 0.4132594778206802 

oner-def
0.7071067811865475 0.7071067811865475 0.7071067811865475 0.7071067811865475 0.7071067811865475 0.7071067811865475 0.7071067811865475 0.7071067811865475 0.7071067811865475 0.7094272836976586 0.709306945891766 0.7071067811865475 0.7071067811865475 0.7081390544094 0.7112268846995009 0.7071067811865475 0.7110134782161207 0.7071067811865475 0.7071067811865475 0.7071067811865475 0.7071067811865475 0.7080854761617742 0.7071067811865475 0.7071067811865475 0.7071067811865475 

cart-def
0.5955048604177496 0.7158668688808127 0.7196501057132079 0.6468666434996401 0.737694273727361 0.7190040048586447 0.7473406221664698 0.7196501057132079 0.7234464223959012 0.7234464223959012 0.7311812626026212 0.7190040048586447 0.7163436908485714 0.7163436908485714 0.7324773098847379 0.7361368805631244 0.7311812626026212 0.7163436908485714 0.7163436908485714 0.737694273727361 0.6580631363423591 0.7158668688808127 0.7324773098847379 0.7135339882402209 0.7135339882402209 

cart-cfs
0.7266684879728461 0.7158668688808127 0.7163436908485714 0.7234464223959012 0.7324773098847379 0.7158668688808127 0.7473406221664698 0.7234464223959012 0.7234464223959012 0.6516481919615886 0.7226068535655779 0.6535752939179575 0.7277249739370951 0.7163436908485714 0.7324773098847379 0.741526463347651 0.7311812626026212 0.7163436908485714 0.7163436908485714 0.7433660832148685 0.6580631363423591 0.7158668688808127 0.7324773098847379 0.7135339882402209 0.7135339882402209 

cart-dtf
0.6388398418150708 0.709306945891766 0.7071067811865475 0.7073649907190487 0.7081390544094 0.7071067811865475 0.709306945891766 0.7081390544094 0.7071067811865475 0.6357613394734358 0.7071067811865475 0.7071067811865475 0.7073649907190487 0.7071067811865475 0.7071067811865475 0.7110134782161207 0.707351581879769 0.7112268846995009 0.7071067811865475 0.7071067811865475 0.7110134782161207 0.7110134782161207 0.7112268846995009 0.7071067811865475 0.7071067811865475 

cart-svmf
0.6495896851111246 0.7132015912035605 0.7135339882402209 0.7196501057132079 0.7277249739370951 0.7158668688808127 0.7311812626026212 0.7135339882402209 0.7163436908485714 0.7163436908485714 0.7132015912035605 0.7132015912035605 0.7163436908485714 0.7112268846995009 0.7277249739370951 0.7361368805631244 0.7190040048586447 0.7112268846995009 0.7112268846995009 0.7324773098847379 0.6495896851111246 0.7158668688808127 0.7277249739370951 0.7081390544094 0.7135339882402209 

nb-def
0.5804883797310417 0.5732857138419646 0.5708273485738905 0.52422834327842 0.6311487932727908 0.6580631363423591 0.5899551605103072 0.34948556218561333 0.6357613394734358 0.5582113293157572 0.5732857138419646 0.5732857138419646 0.5582113293157572 0.44554890769079414 0.5582113293157572 0.5765981043683883 0.5899551605103072 0.40923009551213935 0.6357613394734358 0.5018026105093196 0.4085309130594743 0.6461156041771617 0.642618084905874 0.4809916575120797 0.49557738880991226 

nb-cfs
0.500539874740251 0.44380937236923024 0.6875762134757324 0.7094272836976586 0.7073649907190487 0.4279209547221363 0.6495896851111246 0.4775624605657143 0.5617983795108551 0.6389131488814542 0.5684332357368846 0.6388398418150708 0.7073649907190487 0.4368569527320167 0.6297004436832652 0.5669083184706735 0.6535752939179575 0.6357613394734358 0.7081390544094 0.5552592343417859 0.5804883797310417 0.5765981043683883 0.642618084905874 0.5503038850466431 0.5708273485738905 

nb-dtf
0.7071067811865475 0.6630430142767235 0.6331709168261117 0.7071067811865475 0.6590274653479669 0.7071067811865475 0.7132015912035605 0.5018026105093196 0.7277249739370951 0.6468666434996401 0.6388398418150708 0.7071067811865475 0.7163436908485714 0.5529522643566147 0.5086700617474992 0.6846557256051234 0.6392516400290095 0.7114582486036498 0.5617983795108551 0.6357613394734358 0.70287301194037 0.43074373611810785 0.4841917480255763 0.7071067811865475 0.7081390544094 

nb-svmf
0.7071067811865475 0.6630430142767235 0.6311487932727908 0.7071067811865475 0.6311487932727908 0.7071067811865475 0.7132015912035605 0.7071067811865475 0.7073649907190487 0.7163436908485714 0.709306945891766 0.7071067811865475 0.7071067811865475 0.7071067811865475 0.566008313062185 0.6685039318696695 0.6495896851111246 0.7071067811865475 0.7071067811865475 0.7094272836976586 0.6535752939179575 0.7110134782161207 0.5097768973754208 0.7071067811865475 0.7071067811865475 

rf-def
0.7266684879728461 0.6495896851111246 0.7234464223959012 0.7196501057132079 0.7324773098847379 0.7190040048586447 0.7473406221664698 0.7196501057132079 0.7277249739370951 0.5822303198034705 0.7226068535655779 0.7190040048586447 0.7163436908485714 0.7163436908485714 0.737694273727361 0.7361368805631244 0.7311812626026212 0.7196501057132079 0.7163436908485714 0.7433660832148685 0.6580631363423591 0.7158668688808127 0.7324773098847379 0.7135339882402209 0.7163436908485714 

rf-cfs
0.7226068535655779 0.6495896851111246 0.7163436908485714 0.7234464223959012 0.5958710174833844 0.7158668688808127 0.741526463347651 0.7196501057132079 0.7234464223959012 0.5822303198034705 0.7226068535655779 0.7190040048586447 0.7163436908485714 0.7135339882402209 0.7324773098847379 0.7361368805631244 0.7266684879728461 0.7163436908485714 0.7163436908485714 0.7433660832148685 0.5955048604177496 0.7158668688808127 0.7324773098847379 0.7135339882402209 0.642618084905874 

rf-dtf
0.6388398418150708 0.709306945891766 0.7071067811865475 0.7073649907190487 0.7112268846995009 0.7071067811865475 0.709306945891766 0.7081390544094 0.7071067811865475 0.6357613394734358 0.7071067811865475 0.7071067811865475 0.7073649907190487 0.7071067811865475 0.7071067811865475 0.7110134782161207 0.707351581879769 0.7135339882402209 0.7071067811865475 0.7071067811865475 0.7110134782161207 0.7110134782161207 0.7135339882402209 0.7071067811865475 0.7071067811865475 

rf-svmf
0.7158668688808127 0.7132015912035605 0.7135339882402209 0.6468666434996401 0.7277249739370951 0.7158668688808127 0.7311812626026212 0.7135339882402209 0.7163436908485714 0.7163436908485714 0.7132015912035605 0.7132015912035605 0.7196501057132079 0.7112268846995009 0.7324773098847379 0.7266684879728461 0.6580631363423591 0.7135339882402209 0.7135339882402209 0.737694273727361 0.7158668688808127 0.7158668688808127 0.7324773098847379 0.7081390544094 0.7135339882402209 

svm-def
0.7190040048586447 0.7132015912035605 0.7163436908485714 0.7163436908485714 0.7277249739370951 0.7132015912035605 0.741526463347651 0.7163436908485714 0.7163436908485714 0.7196501057132079 0.7158668688808127 0.7158668688808127 0.7163436908485714 0.7112268846995009 0.7277249739370951 0.7266684879728461 0.7266684879728461 0.7135339882402209 0.7112268846995009 0.7324773098847379 0.7190040048586447 0.7158668688808127 0.7324773098847379 0.7094272836976586 0.7135339882402209 

svm-cfs
0.7190040048586447 0.7132015912035605 0.7112268846995009 0.7163436908485714 0.7196501057132079 0.7110134782161207 0.741526463347651 0.7163436908485714 0.7135339882402209 0.7196501057132079 0.7132015912035605 0.7132015912035605 0.7135339882402209 0.7112268846995009 0.7234464223959012 0.7226068535655779 0.7226068535655779 0.7112268846995009 0.7112268846995009 0.7196501057132079 0.7190040048586447 0.7158668688808127 0.7277249739370951 0.7112268846995009 0.7112268846995009 

svm-dtf
0.7071067811865475 0.7071067811865475 0.7071067811865475 0.7071067811865475 0.7071067811865475 0.7071067811865475 0.7071067811865475 0.7073649907190487 0.7071067811865475 0.7073649907190487 0.7071067811865475 0.7071067811865475 0.7071067811865475 0.7071067811865475 0.7071067811865475 0.707351581879769 0.7071067811865475 0.7081390544094 0.7071067811865475 0.7071067811865475 0.7071067811865475 0.707351581879769 0.7071067811865475 0.7071067811865475 0.7071067811865475 

svm-svmf
0.7071067811865475 0.7071067811865475 0.7071067811865475 0.7071067811865475 0.7071067811865475 0.7071067811865475 0.7071067811865475 0.7071067811865475 0.7071067811865475 0.7071067811865475 0.7071067811865475 0.7080854761617742 0.7071067811865475 0.7071067811865475 0.7071067811865475 0.7080854761617742 0.7071067811865475 0.7071067811865475 0.7071067811865475 0.7094272836976586 0.7071067811865475 0.7071067811865475 0.7071067811865475 0.7071067811865475 0.7071067811865475 

