rand-def
0.5789473684210527 0.6052631578947368 0.5945945945945946 0.5675675675675675 0.5945945945945946 0.6052631578947368 0.5789473684210527 0.6216216216216216 0.7027027027027027 0.6486486486486487 0.6052631578947368 0.6052631578947368 0.5405405405405406 0.6216216216216216 0.5405405405405406 0.631578947368421 0.6052631578947368 0.5945945945945946 0.6216216216216216 0.5675675675675675 0.5789473684210527 0.631578947368421 0.5945945945945946 0.5945945945945946 0.5405405405405406 

oner-def
0.0 0.0 0.0 0.0 0.0 0.0 0.0 0.0 0.0 0.08108108108108109 0.07894736842105263 0.0 0.0 0.05405405405405406 0.10810810810810811 0.0 0.10526315789473684 0.0 0.0 0.0 0.0 0.05263157894736842 0.0 0.0 0.0 

cart-def
0.2631578947368421 0.15789473684210525 0.1891891891891892 0.21621621621621623 0.2972972972972973 0.18421052631578946 0.34210526315789475 0.1891891891891892 0.21621621621621623 0.21621621621621623 0.2631578947368421 0.18421052631578946 0.16216216216216217 0.16216216216216217 0.2702702702702703 0.2894736842105263 0.2631578947368421 0.16216216216216217 0.16216216216216217 0.2972972972972973 0.23684210526315788 0.15789473684210525 0.2702702702702703 0.13513513513513514 0.13513513513513514 

cart-cfs
0.23684210526315788 0.15789473684210525 0.16216216216216217 0.21621621621621623 0.2702702702702703 0.15789473684210525 0.34210526315789475 0.21621621621621623 0.21621621621621623 0.24324324324324326 0.21052631578947367 0.21052631578947367 0.24324324324324326 0.16216216216216217 0.2702702702702703 0.3157894736842105 0.2631578947368421 0.16216216216216217 0.16216216216216217 0.32432432432432434 0.23684210526315788 0.15789473684210525 0.2702702702702703 0.13513513513513514 0.13513513513513514 

cart-dtf
0.07894736842105263 0.07894736842105263 0.0 0.02702702702702703 0.05405405405405406 0.0 0.07894736842105263 0.05405405405405406 0.0 0.13513513513513514 0.0 0.0 0.02702702702702703 0.0 0.0 0.10526315789473684 0.02631578947368421 0.10810810810810811 0.0 0.0 0.10526315789473684 0.10526315789473684 0.10810810810810811 0.0 0.0 

cart-svmf
0.18421052631578946 0.13157894736842105 0.13513513513513514 0.1891891891891892 0.24324324324324326 0.15789473684210525 0.2631578947368421 0.13513513513513514 0.16216216216216217 0.16216216216216217 0.13157894736842105 0.13157894736842105 0.16216216216216217 0.10810810810810811 0.24324324324324326 0.2894736842105263 0.18421052631578946 0.10810810810810811 0.10810810810810811 0.2702702702702703 0.18421052631578946 0.15789473684210525 0.24324324324324326 0.05405405405405406 0.13513513513513514 

nb-def
0.18421052631578946 0.13157894736842105 0.21621621621621623 0.32432432432432434 0.08108108108108109 0.23684210526315788 0.23684210526315788 0.21621621621621623 0.13513513513513514 0.13513513513513514 0.13157894736842105 0.13157894736842105 0.13513513513513514 0.2972972972972973 0.13513513513513514 0.15789473684210525 0.23684210526315788 0.16216216216216217 0.13513513513513514 0.24324324324324326 0.2894736842105263 0.15789473684210525 0.1891891891891892 0.13513513513513514 0.21621621621621623 

nb-cfs
0.10526315789473684 0.18421052631578946 0.8648648648648649 0.08108108108108109 0.02702702702702703 0.07894736842105263 0.18421052631578946 0.10810810810810811 0.16216216216216217 0.16216216216216217 0.07894736842105263 0.07894736842105263 0.02702702702702703 0.2702702702702703 0.05405405405405406 0.05263157894736842 0.21052631578947367 0.13513513513513514 0.05405405405405406 0.10810810810810811 0.18421052631578946 0.15789473684210525 0.1891891891891892 0.02702702702702703 0.21621621621621623 

nb-dtf
0.0 0.2631578947368421 0.10810810810810811 0.0 0.5135135135135135 0.0 0.13157894736842105 0.24324324324324326 0.24324324324324326 0.21621621621621623 0.07894736842105263 0.0 0.16216216216216217 0.08108108108108109 0.2702702702702703 0.9473684210526315 0.42105263157894735 1.0 0.16216216216216217 0.13513513513513514 0.9736842105263158 0.10526315789473684 0.6756756756756757 0.0 0.05405405405405406 

nb-svmf
0.0 0.2631578947368421 0.08108108108108109 0.0 0.08108108108108109 0.0 0.13157894736842105 0.0 0.02702702702702703 0.16216216216216217 0.07894736842105263 0.0 0.0 0.0 0.1891891891891892 0.2894736842105263 0.18421052631578946 0.0 0.0 0.08108108108108109 0.21052631578947367 0.10526315789473684 0.4594594594594595 0.0 0.0 

rf-def
0.23684210526315788 0.18421052631578946 0.21621621621621623 0.1891891891891892 0.2702702702702703 0.18421052631578946 0.34210526315789475 0.1891891891891892 0.24324324324324326 0.2702702702702703 0.21052631578947367 0.18421052631578946 0.16216216216216217 0.16216216216216217 0.2972972972972973 0.2894736842105263 0.2631578947368421 0.1891891891891892 0.16216216216216217 0.32432432432432434 0.23684210526315788 0.15789473684210525 0.2702702702702703 0.13513513513513514 0.16216216216216217 

rf-cfs
0.21052631578947367 0.18421052631578946 0.16216216216216217 0.21621621621621623 0.32432432432432434 0.15789473684210525 0.3157894736842105 0.1891891891891892 0.21621621621621623 0.2702702702702703 0.21052631578947367 0.18421052631578946 0.16216216216216217 0.13513513513513514 0.2702702702702703 0.2894736842105263 0.23684210526315788 0.16216216216216217 0.16216216216216217 0.32432432432432434 0.2631578947368421 0.15789473684210525 0.2702702702702703 0.13513513513513514 0.1891891891891892 

rf-dtf
0.07894736842105263 0.07894736842105263 0.0 0.02702702702702703 0.10810810810810811 0.0 0.07894736842105263 0.05405405405405406 0.0 0.13513513513513514 0.0 0.0 0.02702702702702703 0.0 0.0 0.10526315789473684 0.02631578947368421 0.13513513513513514 0.0 0.0 0.10526315789473684 0.10526315789473684 0.13513513513513514 0.0 0.0 

rf-svmf
0.15789473684210525 0.13157894736842105 0.13513513513513514 0.21621621621621623 0.24324324324324326 0.15789473684210525 0.2631578947368421 0.13513513513513514 0.16216216216216217 0.16216216216216217 0.13157894736842105 0.13157894736842105 0.1891891891891892 0.10810810810810811 0.2702702702702703 0.23684210526315788 0.23684210526315788 0.13513513513513514 0.13513513513513514 0.2972972972972973 0.15789473684210525 0.15789473684210525 0.2702702702702703 0.05405405405405406 0.13513513513513514 

svm-def
0.18421052631578946 0.13157894736842105 0.16216216216216217 0.16216216216216217 0.24324324324324326 0.13157894736842105 0.3157894736842105 0.16216216216216217 0.16216216216216217 0.1891891891891892 0.15789473684210525 0.15789473684210525 0.16216216216216217 0.10810810810810811 0.24324324324324326 0.23684210526315788 0.23684210526315788 0.13513513513513514 0.10810810810810811 0.2702702702702703 0.18421052631578946 0.15789473684210525 0.2702702702702703 0.08108108108108109 0.13513513513513514 

svm-cfs
0.18421052631578946 0.13157894736842105 0.10810810810810811 0.16216216216216217 0.1891891891891892 0.10526315789473684 0.3157894736842105 0.16216216216216217 0.13513513513513514 0.1891891891891892 0.13157894736842105 0.13157894736842105 0.13513513513513514 0.10810810810810811 0.21621621621621623 0.21052631578947367 0.21052631578947367 0.10810810810810811 0.10810810810810811 0.1891891891891892 0.18421052631578946 0.15789473684210525 0.24324324324324326 0.10810810810810811 0.10810810810810811 

svm-dtf
0.0 0.0 0.0 0.0 0.0 0.0 0.0 0.02702702702702703 0.0 0.02702702702702703 0.0 0.0 0.0 0.0 0.0 0.02631578947368421 0.0 0.05405405405405406 0.0 0.0 0.0 0.02631578947368421 0.0 0.0 0.0 

svm-svmf
0.0 0.0 0.0 0.0 0.0 0.0 0.0 0.0 0.0 0.0 0.0 0.05263157894736842 0.0 0.0 0.0 0.05263157894736842 0.0 0.0 0.0 0.08108108108108109 0.0 0.0 0.0 0.0 0.0 

