svm-def
0.0 0.10000000000000009 0.0 0.03750000000000009 0.0 0.09090909090909083 0.04117647058823537 0.0 0.0 0.0 0.09090909090909083 0.0 0.0 0.10000000000000009 0.0 0.0 0.0 0.10000000000000009 0.10000000000000009 0.0 0.0 0.0 0.0 0.0 -0.0625 

svm-cfs
0.0 0.10000000000000009 0.0 0.03750000000000009 0.0 0.09090909090909083 0.04117647058823537 0.0 0.0 0.0 0.09090909090909083 0.0 0.0 0.10000000000000009 0.0 0.0 0.0 0.10000000000000009 0.10000000000000009 0.0 0.0 0.0 0.0 0.0 -0.0625 

svm-dtf
0.18181818181818188 0.6000000000000001 0.0 0.2749999999999999 0.13749999999999996 0.12299465240641716 0.3411764705882354 0.32352941176470584 0.0 0.03750000000000009 0.005347593582887722 0.30000000000000004 0.04705882352941182 0.19999999999999996 0.03750000000000009 -0.11764705882352944 0.30000000000000004 0.32352941176470584 0.07499999999999996 0.4750000000000001 0.09090909090909083 0.4411764705882353 -0.01764705882352946 -0.125 0.19999999999999996 

svm-svmf
0.09090909090909083 0.38235294117647056 -0.01764705882352946 0.2875000000000001 0.050000000000000044 0.18716577540106938 0.1823529411764706 0.38235294117647056 0.2749999999999999 0.03750000000000009 0.005347593582887722 -0.01764705882352946 0.06470588235294117 0.23750000000000004 0.23750000000000004 0.15508021390374327 0.04117647058823537 -0.03529411764705892 0.10000000000000009 0.5375000000000001 0.18181818181818188 -0.03529411764705892 0.12352941176470589 0.17500000000000004 0.23750000000000004 

