nb-def
0.5 0.4444444444444444 0.5925925925925926 0.5384615384615384 0.5 0.6428571428571429 0.7037037037037037 0.6296296296296297 0.5 0.5 0.5357142857142857 0.5925925925925926 0.6296296296296297 0.5 0.6923076923076923 0.4642857142857143 0.7037037037037037 0.37037037037037035 0.6538461538461539 0.6153846153846154 0.5714285714285714 0.5555555555555556 0.6296296296296297 0.46153846153846156 0.7692307692307693 

nb-cfs
0.6071428571428571 0.48148148148148145 0.6296296296296297 0.5 0.5384615384615384 0.6071428571428571 0.7037037037037037 0.5185185185185185 0.5 0.46153846153846156 0.5357142857142857 0.5185185185185185 0.5925925925925926 0.5 0.7307692307692307 0.4642857142857143 0.6296296296296297 0.4074074074074074 0.6538461538461539 0.6153846153846154 0.4642857142857143 0.5185185185185185 0.5925925925925926 0.5 0.6923076923076923 

nb-dtf
0.6428571428571429 0.4444444444444444 0.6666666666666666 0.5769230769230769 0.6538461538461539 0.5714285714285714 0.6296296296296297 0.7777777777777778 0.5769230769230769 0.5769230769230769 0.5714285714285714 0.5185185185185185 0.6666666666666666 0.5 0.6923076923076923 0.35714285714285715 0.7037037037037037 0.2962962962962963 0.6153846153846154 0.6538461538461539 0.6071428571428571 0.5925925925925926 0.5925925925925926 0.5 0.7692307692307693 

nb-svmf
0.75 0.5185185185185185 0.6666666666666666 0.6923076923076923 0.6153846153846154 0.6428571428571429 0.6296296296296297 0.6296296296296297 0.46153846153846156 0.5384615384615384 0.4642857142857143 0.5185185185185185 0.6666666666666666 0.46153846153846156 0.5769230769230769 0.39285714285714285 0.6666666666666666 0.5555555555555556 0.6923076923076923 0.6923076923076923 0.5714285714285714 0.5185185185185185 0.5925925925925926 0.5384615384615384 0.5 

