nb-def
0.4890051974183671 0.5423420950810344 0.421912764233126 0.450780573006424 0.4880605751338659 0.349235120155202 0.2868514197702731 0.3615613967206896 0.5062885787769659 0.49021678877818936 0.4541520789161238 0.40017297298105764 0.38097035095201076 0.5062885787769659 0.3173375568696526 0.5558025448596199 0.297073383452152 0.6197582964517386 0.3395769426801531 0.38078865529319544 0.4205262727558824 0.4302771296554097 0.3602430936259435 0.552268050859363 0.2320088899158823 

nb-cfs
0.38459943609324754 0.5187821778905728 0.41594516540385146 0.5062885787769659 0.450780573006424 0.38459943609324754 0.29962490968741284 0.4788972338128852 0.5350233639758174 0.6187184335382291 0.503256574226154 0.4788972338128852 0.421912764233126 0.5062885787769659 0.27443123000125186 0.5350934785077407 0.3602430936259435 0.5992498193748257 0.3605551275463989 0.44194173824159216 0.5256578409448529 0.5041179902531607 0.4575396819442366 0.5 0.35355339059327373 

nb-dtf
0.38282944019455484 0.5423420950810344 0.5019167413275966 0.41231056256176596 0.5674091336945503 0.42110389567080275 0.5717695473046055 0.35599171873265306 0.4475628447492039 0.581014737334605 0.43536112164807744 0.4691890965319828 0.3275419622341868 0.5062885787769659 0.4969437845471054 0.6778167156498122 0.2868514197702731 0.8000865005138496 0.38770156048177057 0.5028046340279692 0.42088313345606526 0.4724961324240753 0.5221892960408648 0.5 0.42426406871192845 

nb-svmf
0.2546993198740076 0.4788972338128852 0.3275419622341868 0.565685424949238 0.5725491245299393 0.46695853466772674 0.5717695473046055 0.3602430936259435 0.6736676665834571 0.5420591526761632 0.5248411788655422 0.6577854216229285 0.39074500751724767 0.5488624600025037 0.581014737334605 0.5984169876700908 0.3275419622341868 0.43672261631224907 0.3335416016031584 0.4969437845471054 0.43368291599872505 0.6027044011418112 0.708329092870135 0.5003124024047375 0.49021678877818936 

