rf-def
0.3333333333333334 0.23076923076923087 0.6000000000000001 0.5000000000000001 -0.10000000000000023 0.181818181818182 0.588235294117647 0.5384615384615385 0.14285714285714277 0.625 0.3846153846153847 0.6000000000000001 0.30769230769230765 -0.10000000000000023 0.5 0.4 0.4615384615384615 0.7058823529411764 0.5714285714285715 0.19999999999999987 0.09090909090909113 0.4705882352941176 0.6000000000000001 -0.20000000000000018 0.3124999999999999 

rf-cfs
0.26666666666666655 0.6923076923076923 0.5333333333333333 0.0 0.0 0.181818181818182 0.6470588235294118 0.23076923076923087 0.28571428571428575 0.18749999999999994 0.2307692307692309 0.6000000000000001 0.15384615384615383 -0.10000000000000023 0.6 0.26666666666666655 0.4615384615384615 0.5294117647058824 0.4285714285714285 0.2999999999999998 0.0 0.5294117647058824 0.3333333333333334 0.09999999999999994 0.375 

rf-dtf
0.26666666666666655 0.23076923076923087 0.6666666666666666 0.25000000000000006 -0.10000000000000023 0.181818181818182 0.588235294117647 0.23076923076923087 0.28571428571428575 0.4999999999999999 0.3846153846153847 0.5333333333333333 0.30769230769230765 -0.10000000000000023 -0.10000000000000023 0.4666666666666667 0.4615384615384615 0.2941176470588236 0.5714285714285715 0.5 0.4545454545454546 0.2352941176470588 0.3333333333333334 -0.20000000000000018 0.43749999999999994 

rf-svmf
0.3333333333333334 0.30769230769230765 0.6666666666666666 0.25000000000000006 0.19999999999999987 0.3636363636363637 0.7058823529411764 0.30769230769230765 0.07142857142857138 0.3124999999999999 0.3846153846153847 0.26666666666666666 0.23076923076923087 -0.10000000000000023 0.09999999999999994 0.26666666666666655 0.23076923076923087 0.2941176470588236 0.4285714285714285 0.5 0.3636363636363637 0.2352941176470588 0.5333333333333333 -0.10000000000000023 0.5624999999999999 

