nb-def
0.5 0.4827586206896552 0.6206896551724138 0.5384615384615384 0.48 0.6153846153846154 0.6666666666666666 0.6153846153846154 0.5517241379310345 0.5185185185185185 0.5185185185185185 0.5925925925925926 0.6428571428571429 0.5517241379310345 0.6923076923076923 0.5454545454545454 0.6363636363636364 0.45161290322580644 0.6086956521739131 0.6153846153846154 0.5384615384615384 0.5384615384615384 0.5833333333333334 0.36363636363636365 0.75 

nb-cfs
0.5925925925925926 0.5333333333333333 0.6666666666666666 0.5517241379310345 0.5384615384615384 0.5925925925925926 0.6923076923076923 0.5517241379310345 0.5806451612903226 0.5882352941176471 0.6060606060606061 0.5517241379310345 0.6206896551724138 0.5517241379310345 0.72 0.5161290322580645 0.5833333333333334 0.5 0.6666666666666666 0.6666666666666666 0.4444444444444444 0.5806451612903226 0.6451612903225806 0.43478260869565216 0.7142857142857143 

nb-dtf
0.5454545454545454 0.4827586206896552 0.4 0.56 0.3076923076923077 0.5714285714285714 0.2857142857142857 0.625 0.6206896551724138 0.26666666666666666 0.6 0.48 0.6086956521739131 0.5517241379310345 0.42857142857142855 0.5 0.6666666666666666 0.0 0.5454545454545454 0.4 0.6451612903225806 0.42105263157894735 0.35294117647058826 0.43478260869565216 0.5714285714285714 

nb-svmf
0.6956521739130435 0.5517241379310345 0.6086956521739131 0.3333333333333333 0.2857142857142857 0.4444444444444444 0.2857142857142857 0.5833333333333334 0.125 0.3333333333333333 0.4827586206896552 0.13333333333333333 0.5263157894736842 0.5333333333333333 0.26666666666666666 0.37037037037037035 0.6086956521739131 0.5 0.6 0.42857142857142855 0.5 0.23529411764705882 0.0 0.4 0.5185185185185185 

