rand-def
0.0 0.0 0.0 0.0 0.0 0.0 0.0 0.0 0.0 0.0 0.0 0.0 0.0 0.0 0.0 0.0 0.0 0.0 0.0 0.0 0.0 0.0 0.0 0.0 0.0 

oner-def
-0.11111111111111133 0.4666666666666667 0.14285714285714304 0.46153846153846145 0.4166666666666667 0.11111111111111105 0.5333333333333333 0.2727272727272727 -0.22222222222222232 -0.10000000000000012 0.5333333333333333 0.5384615384615383 0.09090909090909083 0.18181818181818188 0.2 0.18181818181818193 0.0 0.30769230769230776 0.30769230769230776 0.0 0.09090909090909084 -0.09090909090909084 0.46153846153846145 0.36363636363636354 0.2 

oner-cfs
-0.3333333333333334 0.4000000000000001 -0.1428571428571427 0.46153846153846145 0.25 0.0 0.5333333333333333 0.0 -0.22222222222222232 0.2 0.4000000000000001 0.3846153846153846 0.0 0.18181818181818188 0.09999999999999988 0.09090909090909084 0.27272727272727276 0.2307692307692307 0.46153846153846145 0.12499999999999985 0.27272727272727276 -0.09090909090909084 0.0 0.2727272727272727 0.2 

oner-dtf
-0.11111111111111133 0.4000000000000001 -0.8571428571428568 0.30769230769230776 0.4166666666666667 -0.22222222222222238 0.33333333333333326 0.36363636363636354 -0.22222222222222232 0.2 0.4666666666666667 0.30769230769230776 0.2727272727272727 0.0 0.0 0.18181818181818193 0.0 0.07692307692307687 0.46153846153846145 -0.12500000000000014 0.09090909090909084 -0.09090909090909084 0.15384615384615383 0.2727272727272727 0.2 

oner-svmf
-0.3333333333333334 0.26666666666666666 0.0 0.46153846153846145 0.4166666666666667 0.11111111111111105 0.33333333333333326 0.2727272727272727 -0.11111111111111129 0.4 0.4000000000000001 -0.15384615384615383 0.18181818181818188 0.36363636363636354 0.09999999999999988 0.18181818181818193 0.3636363636363636 0.30769230769230776 0.30769230769230776 0.12499999999999985 0.09090909090909084 0.09090909090909084 0.0 0.2727272727272727 0.2999999999999999 

cart-def
0.4444444444444445 0.4666666666666667 -0.8571428571428568 0.6153846153846154 0.4166666666666667 0.4444444444444445 0.6666666666666667 0.18181818181818188 -0.3333333333333335 0.09999999999999988 0.4666666666666667 0.30769230769230776 0.2727272727272727 0.5454545454545454 0.09999999999999988 0.3636363636363636 0.18181818181818193 0.46153846153846145 0.3846153846153846 -0.12500000000000014 0.18181818181818193 0.18181818181818193 0.07692307692307687 0.4545454545454546 0.09999999999999988 

cart-cfs
-0.22222222222222238 0.4666666666666667 -0.5714285714285712 0.7692307692307693 0.3333333333333334 0.11111111111111105 0.7333333333333334 0.36363636363636354 0.22222222222222204 0.2 0.4000000000000001 0.07692307692307696 0.18181818181818188 0.36363636363636354 -0.3000000000000001 0.4545454545454545 0.27272727272727276 0.2307692307692307 0.3846153846153846 0.25 0.4545454545454545 0.18181818181818193 0.30769230769230776 0.18181818181818188 0.09999999999999988 

cart-dtf
-0.22222222222222238 0.4666666666666667 0.0 0.30769230769230776 0.3333333333333334 -0.22222222222222238 0.5333333333333333 -0.18181818181818177 0.3333333333333333 0.6 0.4000000000000001 0.2307692307692307 0.36363636363636354 0.2727272727272727 0.0 -0.09090909090909084 0.27272727272727276 0.46153846153846145 0.30769230769230776 0.0 0.18181818181818193 0.18181818181818193 0.3846153846153846 0.36363636363636354 0.2 

cart-svmf
0.0 0.5333333333333333 -0.5714285714285712 0.46153846153846145 0.5833333333333334 0.33333333333333315 0.4666666666666667 0.18181818181818188 0.11111111111111102 0.4 0.0 -0.07692307692307686 0.2727272727272727 0.09090909090909083 0.0 0.18181818181818193 0.09090909090909084 0.15384615384615383 0.3846153846153846 -0.37500000000000017 0.0 0.18181818181818193 0.15384615384615383 0.0 0.0 

nb-def
-0.11111111111111133 0.5333333333333333 0.14285714285714304 0.46153846153846145 0.5000000000000001 0.2222222222222221 0.5333333333333333 0.18181818181818188 0.22222222222222204 0.4999999999999999 0.5333333333333333 0.5384615384615383 0.5454545454545454 0.36363636363636354 0.2 0.3636363636363636 0.18181818181818193 0.6923076923076924 0.5384615384615385 0.0 0.27272727272727276 0.5454545454545455 0.2307692307692307 0.36363636363636354 0.4 

nb-cfs
-0.11111111111111133 0.4000000000000001 0.28571428571428575 0.5384615384615385 0.3333333333333334 0.2222222222222221 0.6666666666666667 0.18181818181818188 0.22222222222222204 0.2999999999999999 0.5333333333333333 0.30769230769230776 0.36363636363636354 0.09090909090909083 0.0 0.18181818181818193 0.0 0.6923076923076924 0.6153846153846154 -0.12500000000000014 0.18181818181818193 0.3636363636363636 0.30769230769230776 0.36363636363636354 0.2999999999999999 

nb-dtf
-0.11111111111111133 0.4666666666666667 -0.9999999999999997 0.46153846153846145 0.4166666666666667 -0.3333333333333334 0.4666666666666667 -0.18181818181818177 0.0 -0.40000000000000013 0.4666666666666667 0.30769230769230776 0.18181818181818188 0.18181818181818188 0.2 0.09090909090909084 0.3636363636363636 0.6153846153846154 -0.07692307692307696 -0.12500000000000014 0.27272727272727276 0.09090909090909084 0.2307692307692307 -0.2727272727272727 0.2 

nb-svmf
-0.11111111111111133 0.5333333333333333 -0.8571428571428568 0.3846153846153846 0.5000000000000001 0.33333333333333315 0.26666666666666666 0.2727272727272727 0.0 0.0 0.4666666666666667 0.07692307692307696 0.4545454545454546 0.18181818181818188 0.4999999999999999 -0.27272727272727265 0.3636363636363636 0.46153846153846145 0.46153846153846145 -0.12500000000000014 0.09090909090909084 0.5454545454545455 0.2307692307692307 0.36363636363636354 -0.20000000000000012 

rf-def
-0.22222222222222238 0.6 -0.4285714285714285 0.6923076923076924 0.4166666666666667 0.0 0.6666666666666667 0.18181818181818188 0.11111111111111102 0.4 0.4666666666666667 0.46153846153846145 0.36363636363636354 0.6363636363636365 0.2999999999999999 0.4545454545454545 0.27272727272727276 0.2307692307692307 0.3846153846153846 0.12499999999999985 0.27272727272727276 0.09090909090909084 0.3846153846153846 0.5454545454545454 0.4 

rf-cfs
-0.3333333333333334 0.4666666666666667 0.14285714285714304 0.5384615384615385 0.16666666666666677 0.33333333333333315 0.6666666666666667 0.2727272727272727 0.3333333333333333 0.2 0.4000000000000001 0.3846153846153846 0.09090909090909083 0.36363636363636354 0.0 0.09090909090909084 0.09090909090909084 0.46153846153846145 0.6153846153846154 -0.12500000000000014 0.5454545454545455 0.18181818181818193 0.15384615384615383 0.5454545454545454 0.2999999999999999 

rf-dtf
-0.44444444444444464 0.33333333333333326 -0.7142857142857141 0.46153846153846145 0.5000000000000001 -0.3333333333333334 0.5333333333333333 0.0 0.11111111111111102 0.2999999999999999 0.33333333333333326 0.30769230769230776 0.18181818181818188 0.09090909090909083 0.4 -0.09090909090909084 0.18181818181818193 0.46153846153846145 0.46153846153846145 -0.12500000000000014 0.27272727272727276 -0.1818181818181818 0.07692307692307687 0.4545454545454546 0.2999999999999999 

rf-svmf
-0.22222222222222238 0.26666666666666666 -0.4285714285714285 0.46153846153846145 0.3333333333333334 0.11111111111111105 0.5333333333333333 0.18181818181818188 0.11111111111111102 0.4 0.20000000000000004 0.07692307692307696 0.5454545454545454 0.5454545454545454 0.09999999999999988 0.09090909090909084 0.0 0.2307692307692307 0.6153846153846154 -0.12500000000000014 0.4545454545454545 0.0 0.15384615384615383 0.36363636363636354 -0.20000000000000012 

svm-def
0.11111111111111105 0.33333333333333326 -0.4285714285714285 0.46153846153846145 0.25 0.0 0.4666666666666667 0.18181818181818188 0.0 0.09999999999999988 0.4000000000000001 0.07692307692307696 0.18181818181818188 0.2727272727272727 0.09999999999999988 0.18181818181818193 0.09090909090909084 0.3846153846153846 0.3846153846153846 -0.12500000000000014 0.0 0.09090909090909084 0.30769230769230776 0.2727272727272727 0.09999999999999988 

svm-cfs
0.11111111111111105 0.4000000000000001 -0.5714285714285712 0.3846153846153846 0.25 -0.11111111111111133 0.4000000000000001 0.18181818181818188 0.0 0.09999999999999988 0.4666666666666667 0.15384615384615383 0.09090909090909083 0.4545454545454546 0.0 0.18181818181818193 0.18181818181818193 0.30769230769230776 0.3846153846153846 0.0 0.27272727272727276 0.09090909090909084 0.3846153846153846 0.18181818181818188 0.09999999999999988 

svm-dtf
0.11111111111111105 0.26666666666666666 -0.7142857142857141 0.30769230769230776 0.25 -0.22222222222222238 0.5333333333333333 0.2727272727272727 -0.11111111111111129 0.2 0.4000000000000001 0.15384615384615383 0.09090909090909083 0.09090909090909083 -0.3000000000000001 0.0 0.09090909090909084 0.30769230769230776 0.30769230769230776 0.0 0.09090909090909084 0.09090909090909084 0.15384615384615383 0.18181818181818188 -0.10000000000000012 

svm-svmf
0.0 0.4000000000000001 -0.9999999999999997 0.3846153846153846 0.25 -0.22222222222222238 0.26666666666666666 0.2727272727272727 0.0 0.6 0.4000000000000001 0.07692307692307696 0.36363636363636354 0.18181818181818188 0.2999999999999999 -0.09090909090909084 0.18181818181818193 0.30769230769230776 0.3846153846153846 0.0 0.18181818181818193 -0.09090909090909084 0.0 0.2727272727272727 0.0 

