rand-def
0.3958333333333333 0.4375 0.3541666666666667 0.3617021276595745 0.3829787234042553 0.3958333333333333 0.4166666666666667 0.375 0.44680851063829785 0.3829787234042553 0.3958333333333333 0.4166666666666667 0.375 0.40425531914893614 0.40425531914893614 0.4166666666666667 0.3541666666666667 0.375 0.3617021276595745 0.3829787234042553 0.375 0.4166666666666667 0.4583333333333333 0.40425531914893614 0.3829787234042553 

oner-def
1.0 0.9791666666666666 1.0 1.0 0.9787234042553191 0.9583333333333334 1.0 1.0 1.0 1.0 1.0 0.9791666666666666 0.9791666666666666 1.0 1.0 0.9166666666666666 0.9791666666666666 1.0 1.0 0.9787234042553191 1.0 1.0 1.0 0.9787234042553191 0.9787234042553191 

cart-def
0.875 0.8541666666666666 0.8958333333333334 0.9361702127659575 0.9148936170212766 0.75 0.8333333333333334 0.9166666666666666 0.8936170212765957 0.9361702127659575 0.875 0.8333333333333334 0.9166666666666666 0.8936170212765957 0.7872340425531915 0.7916666666666666 0.8333333333333334 0.8333333333333334 0.9361702127659575 0.9148936170212766 0.8541666666666666 0.8333333333333334 0.8958333333333334 0.8085106382978723 0.7446808510638298 

cart-cfs
0.8958333333333334 0.875 0.875 0.9148936170212766 0.851063829787234 0.8333333333333334 0.9166666666666666 0.8958333333333334 0.8297872340425532 0.8723404255319149 0.9166666666666666 0.8958333333333334 0.875 0.9574468085106383 0.8936170212765957 0.875 0.7708333333333334 0.8958333333333334 0.8936170212765957 0.8936170212765957 0.9166666666666666 0.8125 0.9166666666666666 0.8936170212765957 0.8085106382978723 

cart-dtf
1.0 0.8333333333333334 1.0 0.9787234042553191 0.9787234042553191 0.8958333333333334 0.9791666666666666 0.8958333333333334 1.0 1.0 0.9166666666666666 0.9791666666666666 0.9791666666666666 1.0 1.0 0.9375 0.9791666666666666 1.0 0.8936170212765957 0.9787234042553191 0.8958333333333334 1.0 1.0 0.9787234042553191 0.9787234042553191 

cart-svmf
0.9375 0.8541666666666666 0.9583333333333334 0.9787234042553191 0.8297872340425532 0.875 0.8125 0.9166666666666666 0.8085106382978723 0.9574468085106383 0.9375 0.9166666666666666 0.875 0.8936170212765957 0.9574468085106383 0.8333333333333334 0.9166666666666666 0.9375 0.8723404255319149 0.851063829787234 0.8958333333333334 0.8125 0.9375 0.9148936170212766 0.8723404255319149 

nb-def
0.5416666666666666 0.375 0.3125 0.7872340425531915 0.5531914893617021 0.5416666666666666 0.22916666666666666 0.6666666666666666 0.574468085106383 0.5319148936170213 0.375 0.2708333333333333 0.7291666666666666 0.6595744680851063 0.46808510638297873 0.3958333333333333 0.5416666666666666 0.5416666666666666 0.574468085106383 0.5531914893617021 0.5 0.5625 0.4375 0.574468085106383 0.6170212765957447 

nb-cfs
0.3333333333333333 0.4583333333333333 0.3125 0.8936170212765957 0.7021276595744681 0.7083333333333334 0.5416666666666666 0.8541666666666666 0.6170212765957447 0.44680851063829785 0.7708333333333334 0.5416666666666666 0.9166666666666666 0.9574468085106383 0.5106382978723404 0.9166666666666666 0.6666666666666666 0.25 0.7659574468085106 0.723404255319149 0.4791666666666667 0.6041666666666666 0.6458333333333334 0.46808510638297873 0.7659574468085106 

nb-dtf
0.9166666666666666 0.9791666666666666 0.9166666666666666 0.9148936170212766 0.9787234042553191 0.8541666666666666 1.0 0.9791666666666666 0.9361702127659575 0.8936170212765957 0.9166666666666666 0.9791666666666666 0.9791666666666666 1.0 0.9361702127659575 1.0 0.8541666666666666 1.0 0.9148936170212766 0.9361702127659575 0.9375 0.9166666666666666 1.0 0.8936170212765957 0.9148936170212766 

nb-svmf
0.9166666666666666 0.9375 0.9375 0.8936170212765957 0.8723404255319149 0.9166666666666666 1.0 0.9166666666666666 0.0425531914893617 0.9574468085106383 0.9791666666666666 0.9583333333333334 0.8333333333333334 0.9361702127659575 0.9361702127659575 1.0 0.8541666666666666 0.9166666666666666 0.9148936170212766 0.8723404255319149 0.9583333333333334 0.9791666666666666 0.875 0.9787234042553191 0.9148936170212766 

rf-def
0.8541666666666666 0.8333333333333334 0.875 0.9148936170212766 0.8297872340425532 0.8125 0.8125 0.9791666666666666 0.8297872340425532 0.8723404255319149 0.8958333333333334 0.875 0.8541666666666666 0.9361702127659575 0.8723404255319149 0.875 0.8333333333333334 0.8541666666666666 0.8723404255319149 0.8936170212765957 0.875 0.8125 0.8958333333333334 0.8723404255319149 0.8297872340425532 

rf-cfs
0.875 0.8541666666666666 0.8958333333333334 0.9148936170212766 0.8936170212765957 0.8125 0.8958333333333334 0.9166666666666666 0.8297872340425532 0.8723404255319149 0.9583333333333334 0.9166666666666666 0.875 0.9787234042553191 0.9148936170212766 0.9166666666666666 0.875 0.9166666666666666 0.9148936170212766 0.8936170212765957 0.9375 0.8958333333333334 0.9375 0.9148936170212766 0.851063829787234 

rf-dtf
1.0 0.8541666666666666 1.0 0.9787234042553191 0.9787234042553191 0.8958333333333334 0.9791666666666666 0.8958333333333334 1.0 1.0 0.9166666666666666 0.9791666666666666 0.9791666666666666 1.0 1.0 0.9375 0.9791666666666666 1.0 0.9574468085106383 0.9787234042553191 0.9375 1.0 1.0 0.9787234042553191 0.9787234042553191 

rf-svmf
0.9583333333333334 0.9166666666666666 0.9583333333333334 0.9574468085106383 0.8723404255319149 0.875 0.7708333333333334 0.9166666666666666 0.9148936170212766 0.9787234042553191 0.9375 0.9166666666666666 0.875 0.9574468085106383 0.9574468085106383 0.875 0.9166666666666666 0.9583333333333334 0.8936170212765957 0.8723404255319149 0.8958333333333334 0.9166666666666666 1.0 0.8723404255319149 0.9574468085106383 

svm-def
1.0 0.9583333333333334 0.9583333333333334 1.0 1.0 0.9791666666666666 0.9791666666666666 1.0 0.9787234042553191 1.0 0.9375 0.9791666666666666 1.0 1.0 1.0 1.0 0.9791666666666666 1.0 0.9787234042553191 0.9787234042553191 1.0 0.9791666666666666 1.0 1.0 0.9787234042553191 

svm-cfs
1.0 0.9583333333333334 0.9791666666666666 0.9148936170212766 0.9787234042553191 0.9791666666666666 1.0 1.0 0.9787234042553191 0.8723404255319149 0.9583333333333334 0.9791666666666666 1.0 1.0 0.9787234042553191 1.0 0.9583333333333334 1.0 0.9787234042553191 0.9787234042553191 0.9583333333333334 0.9791666666666666 0.9791666666666666 1.0 0.851063829787234 

svm-dtf
1.0 0.9583333333333334 1.0 0.9787234042553191 0.9787234042553191 0.9583333333333334 0.9791666666666666 0.9375 1.0 1.0 1.0 0.9791666666666666 0.9791666666666666 1.0 1.0 1.0 0.9791666666666666 1.0 1.0 0.9787234042553191 0.9583333333333334 1.0 1.0 0.9787234042553191 0.9787234042553191 

svm-svmf
0.9583333333333334 0.9375 1.0 1.0 0.9574468085106383 0.9166666666666666 1.0 0.9583333333333334 0.9787234042553191 1.0 0.9791666666666666 0.9791666666666666 0.9166666666666666 0.9574468085106383 1.0 1.0 0.9583333333333334 1.0 0.9574468085106383 0.9787234042553191 0.9375 0.9375 1.0 0.9787234042553191 0.9787234042553191 

