rand-def
0.6041666666666666 0.5625 0.6458333333333334 0.6382978723404256 0.6170212765957447 0.6041666666666666 0.5833333333333334 0.625 0.5531914893617021 0.6170212765957447 0.6041666666666666 0.5833333333333334 0.625 0.5957446808510638 0.5957446808510638 0.5833333333333334 0.6458333333333334 0.625 0.6382978723404256 0.6170212765957447 0.625 0.5833333333333334 0.5416666666666666 0.5957446808510638 0.6170212765957447 

oner-def
0.0 0.020833333333333332 0.0 0.0 0.02127659574468085 0.041666666666666664 0.0 0.0 0.0 0.0 0.0 0.020833333333333332 0.020833333333333332 0.0 0.0 0.08333333333333333 0.020833333333333332 0.0 0.0 0.02127659574468085 0.0 0.0 0.0 0.02127659574468085 0.02127659574468085 

cart-def
0.125 0.14583333333333334 0.10416666666666667 0.06382978723404255 0.0851063829787234 0.25 0.16666666666666666 0.08333333333333333 0.10638297872340426 0.06382978723404255 0.125 0.16666666666666666 0.08333333333333333 0.10638297872340426 0.2127659574468085 0.20833333333333334 0.16666666666666666 0.16666666666666666 0.06382978723404255 0.0851063829787234 0.14583333333333334 0.16666666666666666 0.10416666666666667 0.19148936170212766 0.2553191489361702 

cart-cfs
0.10416666666666667 0.125 0.125 0.0851063829787234 0.14893617021276595 0.16666666666666666 0.08333333333333333 0.10416666666666667 0.1702127659574468 0.1276595744680851 0.08333333333333333 0.10416666666666667 0.125 0.0425531914893617 0.10638297872340426 0.125 0.22916666666666666 0.10416666666666667 0.10638297872340426 0.10638297872340426 0.08333333333333333 0.1875 0.08333333333333333 0.10638297872340426 0.19148936170212766 

cart-dtf
0.0 0.16666666666666666 0.0 0.02127659574468085 0.02127659574468085 0.10416666666666667 0.020833333333333332 0.10416666666666667 0.0 0.0 0.08333333333333333 0.020833333333333332 0.020833333333333332 0.0 0.0 0.0625 0.020833333333333332 0.0 0.10638297872340426 0.02127659574468085 0.10416666666666667 0.0 0.0 0.02127659574468085 0.02127659574468085 

cart-svmf
0.0625 0.14583333333333334 0.041666666666666664 0.02127659574468085 0.1702127659574468 0.125 0.1875 0.08333333333333333 0.19148936170212766 0.0425531914893617 0.0625 0.08333333333333333 0.125 0.10638297872340426 0.0425531914893617 0.16666666666666666 0.08333333333333333 0.0625 0.1276595744680851 0.14893617021276595 0.10416666666666667 0.1875 0.0625 0.0851063829787234 0.1276595744680851 

nb-def
0.4583333333333333 0.625 0.6875 0.2127659574468085 0.44680851063829785 0.4583333333333333 0.7708333333333334 0.3333333333333333 0.425531914893617 0.46808510638297873 0.625 0.7291666666666666 0.2708333333333333 0.3404255319148936 0.5319148936170213 0.6041666666666666 0.4583333333333333 0.4583333333333333 0.425531914893617 0.44680851063829785 0.5 0.4375 0.5625 0.425531914893617 0.3829787234042553 

nb-cfs
0.6666666666666666 0.5416666666666666 0.6875 0.10638297872340426 0.2978723404255319 0.2916666666666667 0.4583333333333333 0.14583333333333334 0.3829787234042553 0.5531914893617021 0.22916666666666666 0.4583333333333333 0.08333333333333333 0.0425531914893617 0.48936170212765956 0.08333333333333333 0.3333333333333333 0.75 0.23404255319148937 0.2765957446808511 0.5208333333333334 0.3958333333333333 0.3541666666666667 0.5319148936170213 0.23404255319148937 

nb-dtf
0.08333333333333333 0.020833333333333332 0.08333333333333333 0.0851063829787234 0.02127659574468085 0.14583333333333334 0.0 0.020833333333333332 0.06382978723404255 0.10638297872340426 0.08333333333333333 0.020833333333333332 0.020833333333333332 0.0 0.06382978723404255 0.0 0.14583333333333334 0.0 0.0851063829787234 0.06382978723404255 0.0625 0.08333333333333333 0.0 0.10638297872340426 0.0851063829787234 

nb-svmf
0.08333333333333333 0.0625 0.0625 0.10638297872340426 0.1276595744680851 0.08333333333333333 0.0 0.08333333333333333 0.9574468085106383 0.0425531914893617 0.020833333333333332 0.041666666666666664 0.16666666666666666 0.06382978723404255 0.06382978723404255 0.0 0.14583333333333334 0.08333333333333333 0.0851063829787234 0.1276595744680851 0.041666666666666664 0.020833333333333332 0.125 0.02127659574468085 0.0851063829787234 

rf-def
0.14583333333333334 0.16666666666666666 0.125 0.0851063829787234 0.1702127659574468 0.1875 0.1875 0.020833333333333332 0.1702127659574468 0.1276595744680851 0.10416666666666667 0.125 0.14583333333333334 0.06382978723404255 0.1276595744680851 0.125 0.16666666666666666 0.14583333333333334 0.1276595744680851 0.10638297872340426 0.125 0.1875 0.10416666666666667 0.1276595744680851 0.1702127659574468 

rf-cfs
0.125 0.14583333333333334 0.10416666666666667 0.0851063829787234 0.10638297872340426 0.1875 0.10416666666666667 0.08333333333333333 0.1702127659574468 0.1276595744680851 0.041666666666666664 0.08333333333333333 0.125 0.02127659574468085 0.0851063829787234 0.08333333333333333 0.125 0.08333333333333333 0.0851063829787234 0.10638297872340426 0.0625 0.10416666666666667 0.0625 0.0851063829787234 0.14893617021276595 

rf-dtf
0.0 0.14583333333333334 0.0 0.02127659574468085 0.02127659574468085 0.10416666666666667 0.020833333333333332 0.10416666666666667 0.0 0.0 0.08333333333333333 0.020833333333333332 0.020833333333333332 0.0 0.0 0.0625 0.020833333333333332 0.0 0.0425531914893617 0.02127659574468085 0.0625 0.0 0.0 0.02127659574468085 0.02127659574468085 

rf-svmf
0.041666666666666664 0.08333333333333333 0.041666666666666664 0.0425531914893617 0.1276595744680851 0.125 0.22916666666666666 0.08333333333333333 0.0851063829787234 0.02127659574468085 0.0625 0.08333333333333333 0.125 0.0425531914893617 0.0425531914893617 0.125 0.08333333333333333 0.041666666666666664 0.10638297872340426 0.1276595744680851 0.10416666666666667 0.08333333333333333 0.0 0.1276595744680851 0.0425531914893617 

svm-def
0.0 0.041666666666666664 0.041666666666666664 0.0 0.0 0.020833333333333332 0.020833333333333332 0.0 0.02127659574468085 0.0 0.0625 0.020833333333333332 0.0 0.0 0.0 0.0 0.020833333333333332 0.0 0.02127659574468085 0.02127659574468085 0.0 0.020833333333333332 0.0 0.0 0.02127659574468085 

svm-cfs
0.0 0.041666666666666664 0.020833333333333332 0.0851063829787234 0.02127659574468085 0.020833333333333332 0.0 0.0 0.02127659574468085 0.1276595744680851 0.041666666666666664 0.020833333333333332 0.0 0.0 0.02127659574468085 0.0 0.041666666666666664 0.0 0.02127659574468085 0.02127659574468085 0.041666666666666664 0.020833333333333332 0.020833333333333332 0.0 0.14893617021276595 

svm-dtf
0.0 0.041666666666666664 0.0 0.02127659574468085 0.02127659574468085 0.041666666666666664 0.020833333333333332 0.0625 0.0 0.0 0.0 0.020833333333333332 0.020833333333333332 0.0 0.0 0.0 0.020833333333333332 0.0 0.0 0.02127659574468085 0.041666666666666664 0.0 0.0 0.02127659574468085 0.02127659574468085 

svm-svmf
0.041666666666666664 0.0625 0.0 0.0 0.0425531914893617 0.08333333333333333 0.0 0.041666666666666664 0.02127659574468085 0.0 0.020833333333333332 0.020833333333333332 0.08333333333333333 0.0425531914893617 0.0 0.0 0.041666666666666664 0.0 0.0425531914893617 0.02127659574468085 0.0625 0.0625 0.0 0.02127659574468085 0.02127659574468085 

