rand-def
0.17142857142857143 0.22857142857142856 0.11428571428571428 0.14285714285714285 0.17142857142857143 0.17142857142857143 0.2 0.14285714285714285 0.2571428571428571 0.17142857142857143 0.17142857142857143 0.2 0.14285714285714285 0.2 0.2 0.2 0.11428571428571428 0.14285714285714285 0.14285714285714285 0.17142857142857143 0.14285714285714285 0.2 0.2571428571428571 0.2 0.17142857142857143 

oner-def
1.0 0.5 1.0 1.0 0.5 0.6666666666666666 1.0 1.0 1.0 0 1.0 0.75 0.75 1.0 1.0 0.5 0.6666666666666666 1.0 1.0 0.5 0 1.0 1.0 0.6666666666666666 0.75 

cart-def
0.5384615384615384 0.2222222222222222 0.5833333333333334 0.4 0.5 0.29411764705882354 0.2 0.42857142857142855 0.4444444444444444 0.5 0.3333333333333333 0.2727272727272727 0.6 0.4444444444444444 0.375 0.3333333333333333 0.2727272727272727 0.3333333333333333 0.5714285714285714 0.42857142857142855 0.46153846153846156 0.3333333333333333 0.16666666666666666 0.3076923076923077 0.29411764705882354 

cart-cfs
0.5454545454545454 0.4 0.5384615384615384 0.3333333333333333 0.36363636363636365 0.42857142857142855 0.3333333333333333 0.4444444444444444 0.42857142857142855 0.25 0.5 0.4444444444444444 0.5384615384615384 0.7142857142857143 0.375 0.5 0.35294117647058826 0.375 0.375 0.5454545454545454 0.5555555555555556 0.25 0.42857142857142855 0.5454545454545454 0.3076923076923077 

cart-dtf
1.0 0.1111111111111111 1.0 0.5 0.5 0.4444444444444444 0.5 0.4444444444444444 1.0 0 0.3333333333333333 0.75 0.75 1.0 1.0 0.5714285714285714 0.6666666666666666 1.0 0.4444444444444444 0.5 0.5 1.0 1.0 0.6666666666666666 0.75 

cart-svmf
0.6666666666666666 0.3 0.7142857142857143 0.8 0.3333333333333333 0.4 0.1 0.42857142857142855 0.4 0.7142857142857143 0.625 0.5 0.4 0.5 0.5 0.3333333333333333 0.6 0.6666666666666666 0.3333333333333333 0.2222222222222222 0.4444444444444444 0.4375 0.4 0.2 0.45454545454545453 

nb-def
0.2903225806451613 0.1891891891891892 0.175 0.3333333333333333 0.2222222222222222 0.2413793103448276 0.13953488372093023 0.2727272727272727 0.23076923076923078 0.21428571428571427 0.14285714285714285 0.16666666666666666 0.35 0.36 0.21875 0.23684210526315788 0.21428571428571427 0.2903225806451613 0.23076923076923078 0.2222222222222222 0.25 0.25 0.18181818181818182 0.2 0.3076923076923077 

nb-cfs
0.21951219512195122 0.1875 0.1951219512195122 0.4444444444444444 0.3 0.2222222222222222 0.21428571428571427 0.3 0.3076923076923077 0.16129032258064516 0.3125 0.18518518518518517 0.5 0.3333333333333333 0.25806451612903225 0.5 0.2727272727272727 0.21739130434782608 0.26666666666666666 0.23529411764705882 0.2647058823529412 0.24 0.19047619047619047 0.24242424242424243 0.3125 

nb-dtf
0.5 0.5 0.5 0.42857142857142855 0.5 0.36363636363636365 1.0 0.75 0.5 0.2857142857142857 0.3333333333333333 0.75 0.75 1.0 0.4 1.0 0.2222222222222222 1.0 0.3333333333333333 0.25 0.5714285714285714 0.2 1.0 0.2857142857142857 0.42857142857142855 

nb-svmf
0.5 0.4 0.5714285714285714 0.2857142857142857 0.25 0.5 1.0 0.42857142857142855 0.16666666666666666 0.5 0.8333333333333334 0.6 0.4666666666666667 0.4 0.4 1.0 0.2222222222222222 0.42857142857142855 0.5 0.14285714285714285 0.6666666666666666 0.6666666666666666 0.14285714285714285 0.6666666666666666 0.42857142857142855 

rf-def
0.4166666666666667 0.1111111111111111 0.45454545454545453 0.3333333333333333 0.1111111111111111 0.3076923076923077 0.1 0.75 0.3333333333333333 0.14285714285714285 0.2857142857142857 0.3333333333333333 0.4166666666666667 0.25 0.25 0.4 0.2 0.36363636363636365 0.25 0.16666666666666666 0.4 0.18181818181818182 0.16666666666666666 0.25 0.3333333333333333 

rf-cfs
0.5 0.125 0.5 0.3333333333333333 0.2857142857142857 0.3076923076923077 0.16666666666666666 0.42857142857142855 0.2727272727272727 0.14285714285714285 0.6666666666666666 0.5 0.45454545454545453 0.5 0.42857142857142855 0.5 0.25 0.5555555555555556 0.42857142857142855 0.375 0.625 0.2857142857142857 0.25 0.2 0.36363636363636365 

rf-dtf
1.0 0.125 1.0 0.5 0.5 0.4444444444444444 0.5 0.5 1.0 0 0.3333333333333333 0.75 0.75 1.0 1.0 0.5714285714285714 0.6666666666666666 1.0 0.6 0.5 0.5714285714285714 1.0 1.0 0.6666666666666666 0.75 

rf-svmf
0.7777777777777778 0.42857142857142855 0.7142857142857143 0.6 0.4 0.4 0.08333333333333333 0.42857142857142855 0.6363636363636364 0.6666666666666666 0.5714285714285714 0.5 0.4 0.6 0.5 0.4 0.5 0.6 0.375 0.25 0.4444444444444444 0.5 1.0 0.14285714285714285 0.6666666666666666 

svm-def
0 0.0 0.0 0 0 0.0 0.0 0 0.0 0 0.0 0.0 0 0 0 0 0.0 0 0.0 0.0 0 0.0 0 0 0.0 

svm-cfs
0 0.0 0.8333333333333334 0.0 0.0 0.0 0 0 0.0 0.0 0.0 0.0 0 0 0.5 0 0.3333333333333333 0 0.0 0.6666666666666666 0.5 0.0 0.0 0 0.0 

svm-dtf
1.0 0.3333333333333333 1.0 0.5 0.5 0.6666666666666666 0.5 0.5 1.0 0 1.0 0.75 0.75 1.0 1.0 1.0 0.6666666666666666 1.0 1.0 0.5 0.5 1.0 1.0 0.6666666666666666 0.75 

svm-svmf
0.6666666666666666 0.25 1.0 1.0 0.3333333333333333 0.5 1.0 0.6 0.75 0 0.6666666666666666 0.5 0.5 0.5 1.0 1.0 0.6666666666666666 1.0 0.5 0.75 0.4 0.4 0 0.6666666666666666 0.8 

