rand-def
0.0 0.0 0.0 0.0 0.0 0.0 0.0 0.0 0.0 0.0 0.0 0.0 0.0 0.0 0.0 0.0 0.0 0.0 0.0 0.0 0.0 0.0 0.0 0.0 0.0 

oner-def
0.7941176470588235 0.6551724137931034 0.8378378378378378 0.7428571428571428 0.696969696969697 0.7352941176470588 0.7096774193548386 0.7999999999999999 0.7407407407407407 0.696969696969697 0.7352941176470588 0.7419354838709675 0.7714285714285714 0.7096774193548386 0.7419354838709677 0.6562500000000001 0.7567567567567567 0.7999999999999999 0.7714285714285715 0.696969696969697 0.6944444444444445 0.7096774193548386 0.6666666666666667 0.7096774193548386 0.7575757575757576 

oner-cfs
0.6764705882352943 0.6551724137931034 0.7297297297297296 0.7428571428571428 0.696969696969697 0.7352941176470588 0.7096774193548386 0.7999999999999999 0.7407407407407407 0.696969696969697 0.7352941176470588 0.7419354838709675 0.7714285714285714 0.7096774193548386 0.7419354838709677 0.6562500000000001 0.7567567567567567 0.7142857142857143 0.7714285714285715 0.696969696969697 0.8055555555555556 0.7096774193548386 0.6666666666666667 0.6774193548387097 0.7575757575757576 

oner-dtf
0.7941176470588235 0.6551724137931034 0.8378378378378378 0.7428571428571428 0.696969696969697 0.7352941176470588 0.7096774193548386 0.7999999999999999 0.7407407407407407 0.696969696969697 0.7352941176470588 0.7419354838709675 0.7714285714285714 0.7096774193548386 0.7419354838709677 0.6562500000000001 0.7567567567567567 0.7999999999999999 0.7714285714285715 0.696969696969697 0.6944444444444445 0.7096774193548386 0.6666666666666667 0.7096774193548386 0.7575757575757576 

oner-svmf
0.7941176470588235 0.6551724137931034 0.8378378378378378 0.7428571428571428 0.696969696969697 0.7352941176470588 0.7096774193548386 0.7999999999999999 0.7407407407407407 0.696969696969697 0.7352941176470588 0.7419354838709675 0.7714285714285714 0.7096774193548386 0.7419354838709677 0.6562500000000001 0.7567567567567567 0.7999999999999999 0.7714285714285715 0.696969696969697 0.8055555555555556 0.7096774193548386 0.6666666666666667 0.7096774193548386 0.7575757575757576 

cart-def
0.7058823529411765 0.48275862068965525 0.7837837837837837 0.6857142857142856 0.696969696969697 0.47058823529411775 0.48387096774193544 0.6857142857142856 0.5925925925925926 0.696969696969697 0.588235294117647 0.5161290322580645 0.7714285714285714 0.6451612903225806 0.5483870967741936 0.4999999999999999 0.5945945945945946 0.6 0.7428571428571428 0.6666666666666666 0.6666666666666667 0.5483870967741934 0.48148148148148145 0.5161290322580645 0.4848484848484848 

cart-cfs
0.7058823529411765 0.5862068965517242 0.7567567567567567 0.6571428571428571 0.606060606060606 0.6176470588235294 0.6129032258064516 0.6857142857142856 0.5555555555555556 0.5757575757575758 0.6764705882352943 0.6451612903225805 0.7428571428571429 0.7741935483870966 0.6129032258064516 0.6562500000000001 0.5945945945945946 0.6571428571428571 0.6571428571428571 0.7272727272727272 0.7222222222222223 0.48387096774193544 0.5925925925925926 0.7096774193548386 0.5454545454545454 

cart-dtf
0.7941176470588235 0.4137931034482758 0.8378378378378378 0.7142857142857143 0.696969696969697 0.6470588235294118 0.6774193548387096 0.6857142857142856 0.7407407407407407 0.696969696969697 0.6176470588235294 0.7419354838709675 0.7714285714285714 0.7096774193548386 0.7419354838709677 0.6875 0.7567567567567567 0.7999999999999999 0.6857142857142856 0.696969696969697 0.6944444444444445 0.7096774193548386 0.6666666666666667 0.7096774193548386 0.7575757575757576 

cart-svmf
0.7647058823529412 0.5172413793103448 0.8108108108108106 0.7999999999999999 0.5757575757575758 0.6176470588235294 0.4193548387096775 0.6857142857142856 0.5185185185185185 0.7878787878787878 0.7352941176470588 0.6774193548387096 0.6571428571428571 0.6774193548387097 0.6774193548387097 0.53125 0.7837837837837837 0.7999999999999999 0.6285714285714286 0.5454545454545454 0.6666666666666667 0.6129032258064516 0.5925925925925926 0.5806451612903225 0.6666666666666666 

nb-def
0.2941176470588235 -0.13793103448275867 0.02702702702702699 0.5714285714285714 0.2424242424242424 0.23529411764705876 -0.3225806451612903 0.4285714285714285 0.11111111111111122 0.2121212121212122 -0.05882352941176464 -0.22580645161290314 0.5428571428571428 0.4516129032258064 0.09677419354838719 0.03125000000000002 0.29729729729729726 0.3428571428571428 0.31428571428571433 0.2424242424242424 0.25 0.22580645161290314 -0.14814814814814808 0.19354838709677416 0.393939393939394 

nb-cfs
0.0 -0.03448275862068961 0.05405405405405407 0.6857142857142856 0.4545454545454546 0.3823529411764705 0.16129032258064516 0.6 0.25925925925925936 0.0606060606060606 0.5 0.12903225806451607 0.7142857142857143 0.6451612903225806 0.19354838709677416 0.6562500000000001 0.4594594594594594 -0.02857142857142863 0.5142857142857142 0.4242424242424242 0.25 0.2580645161290322 0.1481481481481482 0.12903225806451613 0.5151515151515152 

nb-dtf
0.6764705882352943 0.6551724137931034 0.7297297297297296 0.6857142857142856 0.696969696969697 0.588235294117647 0.7096774193548386 0.7714285714285714 0.6296296296296297 0.606060606060606 0.6176470588235294 0.7419354838709675 0.7714285714285714 0.7096774193548386 0.6451612903225806 0.75 0.5945945945945946 0.7999999999999999 0.6571428571428571 0.6363636363636364 0.7222222222222223 0.5806451612903225 0.6666666666666667 0.5806451612903225 0.6666666666666666 

nb-svmf
0.6764705882352943 0.6206896551724137 0.7567567567567567 0.6285714285714286 0.5757575757575758 0.6764705882352943 0.7096774193548386 0.6857142857142856 -0.7037037037037036 0.696969696969697 0.7941176470588235 0.7096774193548386 0.6857142857142856 0.6451612903225806 0.6451612903225806 0.75 0.5945945945945946 0.6857142857142856 0.7142857142857143 0.5454545454545454 0.75 0.7096774193548386 0.4444444444444446 0.7096774193548386 0.6666666666666666 

rf-def
0.6176470588235294 0.4137931034482758 0.7027027027027025 0.6571428571428571 0.4848484848484848 0.5294117647058822 0.4193548387096775 0.7714285714285714 0.48148148148148157 0.5454545454545454 0.588235294117647 0.5806451612903225 0.6571428571428571 0.6129032258064516 0.5483870967741936 0.5937500000000001 0.5675675675675675 0.6285714285714286 0.6000000000000001 0.5757575757575758 0.638888888888889 0.4516129032258064 0.48148148148148145 0.5483870967741936 0.5757575757575758 

rf-cfs
0.6764705882352943 0.4482758620689655 0.7297297297297296 0.6571428571428571 0.606060606060606 0.5294117647058822 0.5483870967741934 0.6857142857142856 0.4444444444444444 0.5454545454545454 0.7352941176470588 0.6774193548387096 0.6857142857142856 0.6774193548387097 0.6451612903225806 0.6562500000000001 0.6216216216216215 0.7428571428571429 0.6857142857142856 0.6363636363636364 0.75 0.5806451612903225 0.5555555555555557 0.5806451612903225 0.606060606060606 

rf-dtf
0.7941176470588235 0.4482758620689655 0.8378378378378378 0.7142857142857143 0.696969696969697 0.6470588235294118 0.6774193548387096 0.7142857142857143 0.7407407407407407 0.696969696969697 0.6176470588235294 0.7419354838709675 0.7714285714285714 0.7096774193548386 0.7419354838709677 0.6875 0.7567567567567567 0.7999999999999999 0.7428571428571428 0.696969696969697 0.7222222222222223 0.7096774193548386 0.6666666666666667 0.7096774193548386 0.7575757575757576 

rf-svmf
0.823529411764706 0.6206896551724137 0.8108108108108106 0.7428571428571428 0.6363636363636364 0.6176470588235294 0.3548387096774193 0.6857142857142856 0.7407407407407407 0.7272727272727272 0.7058823529411765 0.6774193548387096 0.6571428571428571 0.7096774193548386 0.6774193548387097 0.5937500000000001 0.7297297297297296 0.7428571428571429 0.6571428571428571 0.5757575757575758 0.6666666666666667 0.6774193548387096 0.6666666666666667 0.5161290322580645 0.7575757575757576 

svm-def
0.6764705882352943 0.5862068965517242 0.6756756756756757 0.7142857142857143 0.696969696969697 0.6470588235294118 0.6451612903225805 0.7142857142857143 0.5925925925925926 0.696969696969697 0.588235294117647 0.6451612903225805 0.7142857142857143 0.6774193548387097 0.6774193548387097 0.6562500000000001 0.7027027027027025 0.7142857142857143 0.6857142857142856 0.6666666666666666 0.6944444444444445 0.6451612903225805 0.6296296296296297 0.6774193548387097 0.6666666666666666 

svm-cfs
0.6764705882352943 0.5862068965517242 0.8378378378378378 0.6000000000000001 0.6666666666666666 0.6470588235294118 0.6774193548387096 0.7142857142857143 0.5925925925925926 0.5151515151515152 0.6176470588235294 0.6451612903225805 0.7142857142857143 0.6774193548387097 0.6774193548387097 0.6562500000000001 0.7027027027027025 0.7142857142857143 0.6857142857142856 0.7272727272727272 0.6944444444444445 0.6451612903225805 0.5925925925925926 0.6774193548387097 0.4848484848484848 

svm-dtf
0.7941176470588235 0.6206896551724137 0.8378378378378378 0.7142857142857143 0.696969696969697 0.7352941176470588 0.6774193548387096 0.7142857142857143 0.7407407407407407 0.696969696969697 0.7352941176470588 0.7419354838709675 0.7714285714285714 0.7096774193548386 0.7419354838709677 0.75 0.7567567567567567 0.7999999999999999 0.7999999999999999 0.696969696969697 0.6944444444444445 0.7096774193548386 0.6666666666666667 0.7096774193548386 0.7575757575757576 

svm-svmf
0.7352941176470588 0.5862068965517242 0.8378378378378378 0.7714285714285715 0.6666666666666666 0.6764705882352943 0.7096774193548386 0.7428571428571429 0.7037037037037037 0.696969696969697 0.7058823529411765 0.6774193548387096 0.7142857142857143 0.6774193548387097 0.7419354838709677 0.75 0.7837837837837837 0.7714285714285714 0.7142857142857143 0.7575757575757576 0.6666666666666667 0.6451612903225805 0.6296296296296297 0.7096774193548386 0.7878787878787878 

