rand-def
0.5346161853886603 0.422141119769207 0.6233380681638353 0.5733341843263465 0.5199592559863909 0.5346161853886603 0.46383066833585823 0.5659615711335885 0.3975052351241542 0.5199592559863909 0.5346161853886603 0.46383066833585823 0.5659615711335885 0.4716522684999701 0.4716522684999701 0.48606027544763186 0.6233380681638353 0.5659615711335885 0.5733341843263465 0.5199592559863909 0.5865772162115678 0.46383066833585823 0.3894886248517264 0.4716522684999701 0.5199592559863909 

oner-def
0.4499770425732575 0.6365665824474993 0.42426406871192845 0.6363961030678927 0.6365739130401443 0.4509405663704816 0.6363961030678927 0.4949747468305832 0.4949747468305832 0.7071067811865475 0.5785419118799026 0.49519391544009184 0.49519391544009184 0.6363961030678927 0.565685424949238 0.45381886371678887 0.5658772074301004 0.4949747468305832 0.565685424949238 0.6365739130401443 0.7071067811865475 0.6363961030678927 0.6363961030678927 0.5658854537477008 0.495203338804618 

cart-def
0.27189741168194087 0.5750075482596342 0.22455588886115235 0.5674831458899653 0.428510849584769 0.4242762432407834 0.5778311941119906 0.49846988095793926 0.430881270283395 0.4970282898077045 0.5218000669963117 0.5088112507491248 0.2889155970559953 0.430881270283395 0.32036647191010575 0.4128700999919966 0.5088112507491248 0.44032816045409684 0.4266580842655762 0.4986196428259325 0.3375492048272703 0.44032816045409684 0.6406444780236712 0.4453471542769125 0.39698102461798485 

cart-cfs
0.3297440406530331 0.43337339558399285 0.22980970388562794 0.568877445687435 0.43713955597591825 0.3423370765968183 0.5687461843583851 0.4306104355705075 0.3073860648231183 0.5728424595616899 0.45381886371678887 0.4306104355705075 0.22980970388562794 0.3548314910671897 0.5006582358066549 0.33334409417892336 0.3259734353525691 0.5004251664557071 0.5006582358066549 0.29267502298800996 0.390169902479336 0.5124237748192407 0.49846988095793926 0.29267502298800996 0.4453471542769125 

cart-dtf
0.4499770425732575 0.6472162612982533 0.42426406871192845 0.6365739130401443 0.6365739130401443 0.45596566325239596 0.6365665824474993 0.4306104355705075 0.4949747468305832 0.7071067811865475 0.5815350084250088 0.49519391544009184 0.49519391544009184 0.6363961030678927 0.565685424949238 0.45214208368938097 0.5658772074301004 0.4949747468305832 0.430881270283395 0.6365739130401443 0.3926648415643226 0.6363961030678927 0.6363961030678927 0.5658854537477008 0.495203338804618 

cart-svmf
0.32443629594107826 0.5056022948479916 0.35477888262346663 0.424530737124229 0.4410058875428335 0.4585758812268425 0.6500600933759894 0.49846988095793926 0.313582665054279 0.3548314910671897 0.38821830917476363 0.42833657586321316 0.43337339558399285 0.3614673831496171 0.5664851163560832 0.465153982818447 0.2889155970559953 0.28627456226496967 0.5031386324629487 0.575405067234225 0.45596566325239596 0.25015620120236876 0.5674091336945503 0.6392351274858575 0.3648951677902659 

nb-def
0.34865978810590836 0.49021678877818936 0.5304037377319281 0.38423258102889785 0.4240506132402203 0.4137033051615143 0.6140781822283616 0.3681787005729087 0.41296332197486285 0.4353755085082098 0.5865772162115678 0.5575320743140154 0.28578899072956293 0.25088796581296824 0.43181793272837055 0.4461363089632923 0.4301566252218164 0.331714820624919 0.41296332197486285 0.4240506132402203 0.40272829878793975 0.3751041522030914 0.4880605751338659 0.4642614622133892 0.3055099855817753 

nb-cfs
0.48862168171506354 0.4761316928003101 0.5062885787769659 0.430881270283395 0.3526527549804368 0.49498895044758057 0.4301566252218164 0.5056022948479916 0.3055099855817753 0.5272669266615431 0.4183527353012861 0.4796193513842224 0.42833657586321316 0.6371070452074479 0.3738147104577883 0.45381886371678887 0.3681787005729087 0.5303300858899106 0.4553986806658486 0.46717513096030405 0.39008025606968405 0.3979221203814748 0.49266318503505907 0.4018292261966562 0.3903690028065696 

nb-dtf
0.45381886371678887 0.6365665824474993 0.42833657586321316 0.4986196428259325 0.6365739130401443 0.4616416569142463 0.6363961030678927 0.49519391544009184 0.4970282898077045 0.5706651111475383 0.5815350084250088 0.49519391544009184 0.49519391544009184 0.6363961030678927 0.5674831458899653 0.5142594772265799 0.5750075482596342 0.4949747468305832 0.568877445687435 0.6379946088088609 0.45214208368938097 0.6391183162938003 0.6363961030678927 0.5706651111475383 0.4986196428259325 

nb-svmf
0.45381886371678887 0.5674091336945503 0.4265596382687888 0.5706651111475383 0.5728424595616899 0.45381886371678887 0.6363961030678927 0.49846988095793926 0.680699783725251 0.5664851163560832 0.3859758340458651 0.4958508400270745 0.24267032964268392 0.5674831458899653 0.5674831458899653 0.5142594772265799 0.5750075482596342 0.49846988095793926 0.428510849584769 0.6427662743771536 0.4509405663704816 0.5658772074301004 0.6425048637948197 0.5658854537477008 0.4986196428259325 

rf-def
0.3992417953246728 0.6472162612982533 0.36443449342783124 0.568877445687435 0.6476775377048691 0.4691028286452504 0.6500600933759894 0.49519391544009184 0.4410058875428335 0.6427662743771536 0.5832118748995729 0.5028046340279692 0.3682847818679935 0.6379946088088609 0.5728424595616899 0.4585758812268425 0.5778311941119906 0.4366161707444601 0.5728424595616899 0.6408265514794406 0.4585758812268425 0.581014737334605 0.6406444780236712 0.5728424595616899 0.4410058875428335 

rf-cfs
0.33334409417892336 0.6446965802263539 0.36114449631999407 0.568877445687435 0.5706651111475383 0.4691028286452504 0.6406444780236712 0.49846988095793926 0.5093978728336448 0.6427662743771536 0.4509405663704816 0.42833657586321316 0.36443449342783124 0.6365739130401443 0.4986196428259325 0.45381886371678887 0.5725491245299393 0.3584302194601094 0.4986196428259325 0.5006582358066549 0.38821830917476363 0.5704606447619522 0.6379287773725214 0.6392351274858575 0.43713955597591825 

rf-dtf
0.4499770425732575 0.6446965802263539 0.42426406871192845 0.6365739130401443 0.6365739130401443 0.45596566325239596 0.6365665824474993 0.36114449631999407 0.4949747468305832 0.7071067811865475 0.5815350084250088 0.49519391544009184 0.49519391544009184 0.6363961030678927 0.565685424949238 0.45214208368938097 0.5658772074301004 0.4949747468305832 0.49588848247662 0.6365739130401443 0.45214208368938097 0.6363961030678927 0.6363961030678927 0.5658854537477008 0.495203338804618 

rf-svmf
0.25881220611650907 0.49846988095793926 0.35477888262346663 0.49588848247662 0.43376085977954054 0.4585758812268425 0.6567028860569715 0.49846988095793926 0.22050294377141674 0.5658854537477008 0.45214208368938097 0.42833657586321316 0.43337339558399285 0.49588848247662 0.5664851163560832 0.4585758812268425 0.42833657586321316 0.4958508400270745 0.5006582358066549 0.5728424595616899 0.45596566325239596 0.42833657586321316 0.6363961030678927 0.6427662743771536 0.4253297392059073 

svm-def
0.7071067811865475 0.7077203229776261 0.7077203229776261 0.7071067811865475 0.7071067811865475 0.7072602165319981 0.7072602165319981 0.7071067811865475 0.7072668144082834 0.7071067811865475 0.7084865030471647 0.7072602165319981 0.7071067811865475 0.7071067811865475 0.7071067811865475 0.7071067811865475 0.7072602165319981 0.7071067811865475 0.7072668144082834 0.7072668144082834 0.7071067811865475 0.7072602165319981 0.7071067811865475 0.7071067811865475 0.7072668144082834 

svm-cfs
0.7071067811865475 0.7077203229776261 0.35386016148881305 0.7096629821343794 0.7072668144082834 0.7072602165319981 0.7071067811865475 0.7071067811865475 0.7072668144082834 0.7128453433085512 0.7077203229776261 0.7072602165319981 0.7071067811865475 0.7071067811865475 0.6365739130401443 0.7071067811865475 0.637077746868901 0.7071067811865475 0.7072668144082834 0.5658854537477008 0.5792916358426112 0.7072602165319981 0.7072602165319981 0.7071067811865475 0.714906281549423 

svm-dtf
0.4499770425732575 0.637077746868901 0.42426406871192845 0.6365739130401443 0.6365739130401443 0.4509405663704816 0.6365665824474993 0.4969437845471054 0.4949747468305832 0.7071067811865475 0.5785419118799026 0.49519391544009184 0.49519391544009184 0.6363961030678927 0.565685424949238 0.5142594772265799 0.5658772074301004 0.4949747468305832 0.4949747468305832 0.6365739130401443 0.5792916358426112 0.6363961030678927 0.6363961030678927 0.5658854537477008 0.495203338804618 

svm-svmf
0.4509405663704816 0.6379287773725214 0.42426406871192845 0.565685424949238 0.6371070452074479 0.45381886371678887 0.6363961030678927 0.4958508400270745 0.495203338804618 0.7071067811865475 0.5787294339244737 0.6365665824474993 0.42833657586321316 0.5664851163560832 0.565685424949238 0.5142594772265799 0.4252858515816809 0.565685424949238 0.5664851163560832 0.495203338804618 0.5802274285154511 0.5674091336945503 0.7071067811865475 0.5658854537477008 0.424530737124229 

