rand-def
0.45454545454545453 0.2 0.6 0.5 0.4 0.45454545454545453 0.3 0.5 0.1 0.4 0.45454545454545453 0.3 0.5 0.3 0.3 0.36363636363636365 0.6 0.5 0.5 0.4 0.5454545454545454 0.3 0.1 0.3 0.4 

oner-def
0.6363636363636364 0.9 0.6 0.9 0.9 0.6363636363636364 0.9 0.7 0.7 1.0 0.8181818181818182 0.7 0.7 0.9 0.8 0.6363636363636364 0.8 0.7 0.8 0.9 1.0 0.9 0.9 0.8 0.7 

cart-def
0.36363636363636365 0.8 0.3 0.8 0.6 0.5454545454545454 0.8 0.7 0.6 0.7 0.7272727272727273 0.7 0.4 0.6 0.4 0.5454545454545454 0.7 0.6 0.6 0.7 0.45454545454545453 0.6 0.9 0.6 0.5 

cart-cfs
0.45454545454545453 0.6 0.3 0.8 0.6 0.45454545454545453 0.8 0.6 0.4 0.8 0.6363636363636364 0.6 0.3 0.5 0.7 0.45454545454545453 0.4 0.7 0.7 0.4 0.5454545454545454 0.7 0.7 0.4 0.6 

cart-dtf
0.6363636363636364 0.9 0.6 0.9 0.9 0.6363636363636364 0.9 0.6 0.7 1.0 0.8181818181818182 0.7 0.7 0.9 0.8 0.6363636363636364 0.8 0.7 0.6 0.9 0.5454545454545454 0.9 0.9 0.8 0.7 

cart-svmf
0.45454545454545453 0.7 0.5 0.6 0.6 0.6363636363636364 0.9 0.7 0.4 0.5 0.5454545454545454 0.6 0.6 0.5 0.8 0.6363636363636364 0.4 0.4 0.7 0.8 0.6363636363636364 0.3 0.8 0.9 0.5 

nb-def
0.18181818181818182 0.3 0.3 0.5 0.4 0.36363636363636365 0.4 0.4 0.4 0.4 0.5454545454545454 0.3 0.3 0.1 0.3 0.18181818181818182 0.4 0.1 0.4 0.4 0.2727272727272727 0.3 0.4 0.5 0.2 

nb-cfs
0.18181818181818182 0.4 0.2 0.6 0.4 0.6363636363636364 0.4 0.7 0.2 0.5 0.5454545454545454 0.5 0.6 0.9 0.2 0.6363636363636364 0.4 0.0 0.6 0.6 0.18181818181818182 0.4 0.6 0.2 0.5 

nb-dtf
0.6363636363636364 0.9 0.6 0.7 0.9 0.6363636363636364 0.9 0.7 0.7 0.8 0.8181818181818182 0.7 0.7 0.9 0.8 0.7272727272727273 0.8 0.7 0.8 0.9 0.6363636363636364 0.9 0.9 0.8 0.7 

nb-svmf
0.6363636363636364 0.8 0.6 0.8 0.8 0.6363636363636364 0.9 0.7 0.1 0.8 0.5454545454545454 0.7 0.3 0.8 0.8 0.7272727272727273 0.8 0.7 0.6 0.9 0.6363636363636364 0.8 0.9 0.8 0.7 

rf-def
0.5454545454545454 0.9 0.5 0.8 0.9 0.6363636363636364 0.9 0.7 0.6 0.9 0.8181818181818182 0.7 0.5 0.9 0.8 0.6363636363636364 0.8 0.6 0.8 0.9 0.6363636363636364 0.8 0.9 0.8 0.6 

rf-cfs
0.45454545454545453 0.9 0.5 0.8 0.8 0.6363636363636364 0.9 0.7 0.7 0.9 0.6363636363636364 0.6 0.5 0.9 0.7 0.6363636363636364 0.8 0.5 0.7 0.7 0.5454545454545454 0.8 0.9 0.9 0.6 

rf-dtf
0.6363636363636364 0.9 0.6 0.9 0.9 0.6363636363636364 0.9 0.5 0.7 1.0 0.8181818181818182 0.7 0.7 0.9 0.8 0.6363636363636364 0.8 0.7 0.7 0.9 0.6363636363636364 0.9 0.9 0.8 0.7 

rf-svmf
0.36363636363636365 0.7 0.5 0.7 0.6 0.6363636363636364 0.9 0.7 0.3 0.8 0.6363636363636364 0.6 0.6 0.7 0.8 0.6363636363636364 0.6 0.7 0.7 0.8 0.6363636363636364 0.6 0.9 0.9 0.6 

svm-def
1.0 1.0 1.0 1.0 1.0 1.0 1.0 1.0 1.0 1.0 1.0 1.0 1.0 1.0 1.0 1.0 1.0 1.0 1.0 1.0 1.0 1.0 1.0 1.0 1.0 

svm-cfs
1.0 1.0 0.5 1.0 1.0 1.0 1.0 1.0 1.0 1.0 1.0 1.0 1.0 1.0 0.9 1.0 0.9 1.0 1.0 0.8 0.8181818181818182 1.0 1.0 1.0 1.0 

svm-dtf
0.6363636363636364 0.9 0.6 0.9 0.9 0.6363636363636364 0.9 0.7 0.7 1.0 0.8181818181818182 0.7 0.7 0.9 0.8 0.7272727272727273 0.8 0.7 0.7 0.9 0.8181818181818182 0.9 0.9 0.8 0.7 

svm-svmf
0.6363636363636364 0.9 0.6 0.8 0.9 0.6363636363636364 0.9 0.7 0.7 1.0 0.8181818181818182 0.9 0.6 0.8 0.8 0.7272727272727273 0.6 0.8 0.8 0.7 0.8181818181818182 0.8 1.0 0.8 0.6 

