rand-def
-0.058712121212121327 0.23750000000000004 -0.24583333333333335 -0.13829787234042556 -0.017021276595744705 -0.058712121212121327 0.1166666666666667 -0.125 0.3468085106382979 -0.017021276595744705 -0.058712121212121327 0.1166666666666667 -0.125 0.10425531914893615 0.10425531914893615 0.05303030303030298 -0.24583333333333335 -0.125 -0.13829787234042556 -0.017021276595744705 -0.17045454545454541 0.1166666666666667 0.3583333333333334 0.10425531914893615 -0.017021276595744705 

oner-def
0.36363636363636376 0.07916666666666661 0.3999999999999999 0.10000000000000009 0.0787234042553191 0.321969696969697 0.10000000000000009 0.30000000000000004 0.30000000000000004 0.0 0.18181818181818188 0.27916666666666656 0.27916666666666656 0.10000000000000009 0.19999999999999996 0.2803030303030303 0.1791666666666667 0.30000000000000004 0.19999999999999996 0.0787234042553191 0.0 0.10000000000000009 0.10000000000000009 0.17872340425531918 0.27872340425531905 

oner-cfs
0.0 0.07916666666666661 0.0 0.10000000000000009 0.0787234042553191 0.321969696969697 0.10000000000000009 0.30000000000000004 0.30000000000000004 0.0 0.18181818181818188 0.27916666666666656 0.27916666666666656 0.10000000000000009 0.19999999999999996 0.2803030303030303 0.1791666666666667 0.0 0.19999999999999996 0.0787234042553191 0.36363636363636376 0.10000000000000009 0.10000000000000009 0.0 0.27872340425531905 

oner-dtf
0.36363636363636376 0.07916666666666661 0.3999999999999999 0.10000000000000009 0.0787234042553191 0.321969696969697 0.10000000000000009 0.30000000000000004 0.30000000000000004 0.0 0.18181818181818188 0.27916666666666656 0.27916666666666656 0.10000000000000009 0.19999999999999996 0.2803030303030303 0.1791666666666667 0.30000000000000004 0.19999999999999996 0.0787234042553191 0.0 0.10000000000000009 0.10000000000000009 0.17872340425531918 0.27872340425531905 

oner-svmf
0.36363636363636376 0.07916666666666661 0.3999999999999999 0.10000000000000009 0.0787234042553191 0.321969696969697 0.10000000000000009 0.30000000000000004 0.30000000000000004 0.0 0.18181818181818188 0.27916666666666656 0.27916666666666656 0.10000000000000009 0.19999999999999996 0.2803030303030303 0.1791666666666667 0.30000000000000004 0.19999999999999996 0.0787234042553191 0.36363636363636376 0.10000000000000009 0.10000000000000009 0.17872340425531918 0.27872340425531905 

cart-def
0.5113636363636362 0.054166666666666696 0.5958333333333332 0.13617021276595742 0.3148936170212766 0.20454545454545459 0.03333333333333344 0.21666666666666656 0.29361702127659584 0.2361702127659575 0.1477272727272727 0.1333333333333333 0.5166666666666666 0.29361702127659584 0.3872340425531915 0.2462121212121211 0.1333333333333333 0.2333333333333334 0.3361702127659574 0.21489361702127652 0.39962121212121193 0.2333333333333334 -0.004166666666666652 0.2085106382978723 0.24468085106382986 

cart-cfs
0.4412878787878789 0.2749999999999999 0.575 0.11489361702127665 0.25106382978723407 0.3787878787878789 0.1166666666666667 0.2958333333333334 0.42978723404255303 0.07234042553191489 0.2803030303030303 0.2958333333333334 0.575 0.45744680851063846 0.19361702127659575 0.4204545454545454 0.37083333333333335 0.1958333333333333 0.19361702127659575 0.49361702127659557 0.3712121212121211 0.11250000000000004 0.21666666666666656 0.49361702127659557 0.2085106382978723 

cart-dtf
0.36363636363636376 -0.06666666666666665 0.3999999999999999 0.0787234042553191 0.0787234042553191 0.259469696969697 0.07916666666666661 0.2958333333333334 0.30000000000000004 0.0 0.0984848484848484 0.27916666666666656 0.27916666666666656 0.10000000000000009 0.19999999999999996 0.30113636363636376 0.1791666666666667 0.30000000000000004 0.29361702127659584 0.0787234042553191 0.35037878787878785 0.10000000000000009 0.10000000000000009 0.17872340425531918 0.27872340425531905 

cart-svmf
0.4829545454545454 0.15416666666666656 0.4583333333333335 0.37872340425531914 0.2297872340425533 0.23863636363636376 -0.08750000000000002 0.21666666666666656 0.40851063829787226 0.45744680851063846 0.3920454545454546 0.31666666666666665 0.2749999999999999 0.3936170212765957 0.15744680851063841 0.19696969696969702 0.5166666666666666 0.5375000000000001 0.17234042553191498 0.051063829787234116 0.259469696969697 0.5125 0.13749999999999996 0.014893617021276562 0.37234042553191493 

nb-def
0.35984848484848486 0.07499999999999996 0.012499999999999956 0.2872340425531914 0.15319148936170213 0.17803030303030298 -0.1708333333333334 0.2666666666666666 0.1744680851063829 0.13191489361702136 -0.17045454545454541 -0.029166666666666785 0.4291666666666667 0.5595744680851062 0.1680851063829787 0.2140151515151516 0.1416666666666666 0.44166666666666665 0.1744680851063829 0.15319148936170213 0.2272727272727273 0.26249999999999996 0.03750000000000009 0.07446808510638303 0.4170212765957446 

nb-cfs
0.1515151515151516 0.05833333333333335 0.11250000000000004 0.29361702127659584 0.30212765957446797 0.07196969696969702 0.1416666666666666 0.15416666666666656 0.4170212765957446 -0.05319148936170215 0.22537878787878785 0.04166666666666652 0.31666666666666665 0.057446808510638325 0.31063829787234054 0.2803030303030303 0.2666666666666666 0.25 0.16595744680851077 0.123404255319149 0.29734848484848486 0.2041666666666666 0.04583333333333339 0.2680851063829788 0.26595744680851063 

nb-dtf
0.2803030303030303 0.07916666666666661 0.31666666666666665 0.21489361702127652 0.0787234042553191 0.21780303030303028 0.10000000000000009 0.27916666666666656 0.2361702127659575 0.09361702127659566 0.0984848484848484 0.27916666666666656 0.27916666666666656 0.10000000000000009 0.13617021276595742 0.2727272727272727 0.054166666666666696 0.30000000000000004 0.11489361702127665 0.036170212765957555 0.30113636363636376 0.016666666666666607 0.10000000000000009 0.09361702127659566 0.21489361702127652 

nb-svmf
0.2803030303030303 0.13749999999999996 0.3374999999999999 0.09361702127659566 0.07234042553191489 0.2803030303030303 0.10000000000000009 0.21666666666666656 -0.057446808510638325 0.15744680851063841 0.4337121212121211 0.2583333333333333 0.5333333333333332 0.13617021276595742 0.13617021276595742 0.2727272727272727 0.054166666666666696 0.21666666666666656 0.3148936170212766 -0.02765957446808509 0.321969696969697 0.1791666666666667 -0.025000000000000022 0.17872340425531918 0.21489361702127652 

rf-def
0.21780303030303028 -0.04583333333333339 0.13749999999999996 0.11489361702127665 0.17234042553191498 0.2670454545454546 -0.025000000000000022 0.23750000000000004 0.15106382978723398 -0.1063829787234043 0.18939393939393945 0.1958333333333333 0.3541666666666665 -0.06382978723404253 0.17234042553191498 0.35037878787878785 0.012499999999999956 0.09583333333333344 0.21489361702127652 -0.00638297872340432 0.259469696969697 0.13749999999999996 0.016666666666666607 0.07234042553191489 0.051063829787234116 

rf-cfs
0.39962121212121193 0.03750000000000009 0.3958333333333335 0.13617021276595742 0.11489361702127665 0.21780303030303028 0.05833333333333335 0.17500000000000004 0.35106382978723394 -0.02765957446808509 0.23106060606060597 0.4166666666666665 0.31666666666666665 -0.04255319148936165 0.2361702127659575 0.2803030303030303 0.1958333333333333 0.21666666666666656 0.15744680851063841 0.07234042553191489 0.3712121212121211 0.4583333333333335 0.05833333333333335 0.036170212765957555 0.25106382978723407 

rf-dtf
0.36363636363636376 -0.025000000000000022 0.3999999999999999 0.0787234042553191 0.0787234042553191 0.259469696969697 0.07916666666666661 0.5375000000000001 0.30000000000000004 0.0 0.16856060606060597 0.27916666666666656 0.27916666666666656 0.10000000000000009 0.19999999999999996 0.30113636363636376 0.1791666666666667 0.30000000000000004 0.17872340425531918 0.0787234042553191 0.321969696969697 0.10000000000000009 0.10000000000000009 0.17872340425531918 0.27872340425531905 

rf-svmf
0.615530303030303 0.17500000000000004 0.4583333333333335 0.2574468085106383 0.21489361702127652 0.3295454545454546 -0.06666666666666665 0.21666666666666656 0.43617021276595747 0.2361702127659575 0.321969696969697 0.31666666666666665 0.2958333333333334 0.13617021276595742 0.2361702127659575 0.19696969696969702 0.4375 0.2583333333333333 0.09361702127659566 0.051063829787234116 0.3920454545454546 0.3374999999999999 -0.04166666666666663 0.07234042553191489 0.27872340425531905 

svm-def
0.0 -0.04166666666666663 -0.04166666666666663 0.0 0.0 -0.02083333333333337 -0.02083333333333337 0.0 -0.021276595744680882 0.0 -0.0625 -0.02083333333333337 0.0 0.0 0.0 0.0 -0.02083333333333337 0.0 -0.021276595744680882 -0.021276595744680882 0.0 -0.02083333333333337 0.0 0.0 -0.021276595744680882 

svm-cfs
0.0 -0.04166666666666663 0.4791666666666665 -0.08510638297872342 -0.021276595744680882 -0.02083333333333337 0.0 0.0 -0.021276595744680882 -0.12765957446808507 -0.04166666666666663 -0.02083333333333337 0.0 0.0 0.0787234042553191 0.0 0.05833333333333335 0.0 -0.021276595744680882 0.17872340425531918 0.14015151515151514 -0.02083333333333337 -0.02083333333333337 0.0 -0.14893617021276595 

svm-dtf
0.36363636363636376 0.05833333333333335 0.3999999999999999 0.0787234042553191 0.0787234042553191 0.321969696969697 0.07916666666666661 0.23750000000000004 0.30000000000000004 0.0 0.18181818181818188 0.27916666666666656 0.27916666666666656 0.10000000000000009 0.19999999999999996 0.2727272727272727 0.1791666666666667 0.30000000000000004 0.30000000000000004 0.0787234042553191 0.14015151515151514 0.10000000000000009 0.10000000000000009 0.17872340425531918 0.27872340425531905 

svm-svmf
0.321969696969697 0.03750000000000009 0.3999999999999999 0.19999999999999996 0.057446808510638325 0.2803030303030303 0.10000000000000009 0.2583333333333333 0.27872340425531905 0.0 0.1609848484848484 0.07916666666666661 0.31666666666666665 0.15744680851063841 0.19999999999999996 0.2727272727272727 0.3583333333333334 0.19999999999999996 0.15744680851063841 0.27872340425531905 0.11931818181818188 0.13749999999999996 0.0 0.17872340425531918 0.37872340425531914 

