rand-def
0.4444444444444444 0.48 0.4 0.5 0.5833333333333334 0.5925925925925926 0.32 0.48 0.4166666666666667 0.3333333333333333 0.5185185185185185 0.4 0.48 0.5833333333333334 0.5833333333333334 0.4444444444444444 0.48 0.32 0.4166666666666667 0.5833333333333334 0.5925925925925926 0.32 0.4 0.5833333333333334 0.3333333333333333 

oner-def
0.5714285714285714 0.4827586206896552 0.6666666666666666 0.6206896551724138 0.2857142857142857 0.6206896551724138 0.0 0.5384615384615384 0.625 0.6 0.6 0.6428571428571429 0.6896551724137931 0.6 0.0 0.4 0.0 0.5806451612903226 0.0 0.6153846153846154 0.5 0.5806451612903226 0.6666666666666666 0.5517241379310345 0.0 

oner-cfs
0.5714285714285714 0.0 0.0 0.0 0.5833333333333334 0.48 0.0 0.5384615384615384 0.0 0.0 0.0 0.0 0.5714285714285714 0.0 0.0 0.4 0.6086956521739131 0.0 0.0 0.0 0.6206896551724138 0.0 0.6206896551724138 0.0 0.64 

oner-dtf
0.5714285714285714 0.4827586206896552 0.6666666666666666 0.0 0.0 0.48 0.0 0.46153846153846156 0.6 0.0 0.0 0.46153846153846156 0.48 0.0 0.0 0.0 0.6086956521739131 0.0 0.0 0.0 0.0 0.0 0.3076923076923077 0.5517241379310345 0.3333333333333333 

oner-svmf
0.45454545454545453 0.4827586206896552 0.0 0.6206896551724138 0.2857142857142857 0.6206896551724138 0.3076923076923077 0.46153846153846156 0.0 0.0 0.6 0.5806451612903226 0.3076923076923077 0.0 0.0 0.0 0.0 0.0 0.0 0.46153846153846156 0.0 0.4827586206896552 0.3076923076923077 0.5517241379310345 0.3333333333333333 

cart-def
0.45454545454545453 0.5714285714285714 0.5454545454545454 0.42105263157894735 0.5 0.5714285714285714 0.5555555555555556 0.5714285714285714 0.5 0.6363636363636364 0.48 0.5 0.6956521739130435 0.47619047619047616 0.5882352941176471 0.38095238095238093 0.7272727272727273 0.7272727272727273 0.5217391304347826 0.5263157894736842 0.631578947368421 0.5517241379310345 0.5 0.35294117647058826 0.7619047619047619 

cart-cfs
0.42105263157894735 0.5882352941176471 0.47058823529411764 0.42105263157894735 0.45454545454545453 0.4444444444444444 0.6 0.631578947368421 0.43478260869565216 0.4166666666666667 0.6666666666666666 0.6363636363636364 0.5217391304347826 0.4 0.631578947368421 0.4 0.4444444444444444 0.5263157894736842 0.7368421052631579 0.6 0.782608695652174 0.45454545454545453 0.6086956521739131 0.3157894736842105 0.6 

cart-dtf
0.4 0.5454545454545454 0.631578947368421 0.56 0.5263157894736842 0.6086956521739131 0.7 0.7 0.5454545454545454 0.5714285714285714 0.64 0.75 0.6666666666666666 0.47619047619047616 0.2857142857142857 0.5714285714285714 0.6956521739130435 0.5454545454545454 0.5263157894736842 0.7 0.47058823529411764 0.46153846153846156 0.375 0.5555555555555556 0.8 

cart-svmf
0.47619047619047616 0.7 0.5882352941176471 0.5454545454545454 0.5833333333333334 0.6666666666666666 0.6666666666666666 0.7 0.43478260869565216 0.3333333333333333 0.8 0.5833333333333334 0.6086956521739131 0.6086956521739131 0.42105263157894735 0.5 0.47058823529411764 0.2727272727272727 0.6363636363636364 0.42857142857142855 0.5714285714285714 0.45454545454545453 0.4444444444444444 0.5263157894736842 0.5555555555555556 

nb-def
0.5 0.4827586206896552 0.6206896551724138 0.5384615384615384 0.48 0.6153846153846154 0.6666666666666666 0.6153846153846154 0.5517241379310345 0.5185185185185185 0.5185185185185185 0.5925925925925926 0.6428571428571429 0.5517241379310345 0.6923076923076923 0.5454545454545454 0.6363636363636364 0.45161290322580644 0.6086956521739131 0.6153846153846154 0.5384615384615384 0.5384615384615384 0.5833333333333334 0.36363636363636365 0.75 

nb-cfs
0.5925925925925926 0.5333333333333333 0.6666666666666666 0.5517241379310345 0.5384615384615384 0.5925925925925926 0.6923076923076923 0.5517241379310345 0.5806451612903226 0.5882352941176471 0.6060606060606061 0.5517241379310345 0.6206896551724138 0.5517241379310345 0.72 0.5161290322580645 0.5833333333333334 0.5 0.6666666666666666 0.6666666666666666 0.4444444444444444 0.5806451612903226 0.6451612903225806 0.43478260869565216 0.7142857142857143 

nb-dtf
0.6153846153846154 0.25 0.5 0.5 0.16666666666666666 0.64 0.16666666666666666 0.4444444444444444 0.3076923076923077 0.5714285714285714 0.5806451612903226 0.5 0.4 0.5806451612903226 0.3333333333333333 0.38461538461538464 0.6153846153846154 0.0 0.64 0.5 0.6206896551724138 0.5714285714285714 0.25 0.3870967741935484 0.3076923076923077 

nb-svmf
0.5294117647058824 0.5625 0.6428571428571429 0.3333333333333333 0.5263157894736842 0.4117647058823529 0.2857142857142857 0.7368421052631579 0.5625 0.5 0.4166666666666667 0.47619047619047616 0.6451612903225806 0.5517241379310345 0.47058823529411764 0.38095238095238093 0.6363636363636364 0.5333333333333333 0.46153846153846156 0.42857142857142855 0.5 0.4444444444444444 0.6363636363636364 0.38095238095238093 0.4 

rf-def
0.4444444444444444 0.5 0.6666666666666666 0.7 0.42105263157894735 0.47058823529411764 0.5333333333333333 0.6666666666666666 0.45454545454545453 0.7 0.6 0.5714285714285714 0.5263157894736842 0.42105263157894735 0.6666666666666666 0.5263157894736842 0.5333333333333333 0.7619047619047619 0.5714285714285714 0.5555555555555556 0.2857142857142857 0.5263157894736842 0.625 0.25 0.35294117647058826 

rf-cfs
0.26666666666666666 0.8 0.5333333333333333 0.3333333333333333 0.4444444444444444 0.47058823529411764 0.6666666666666666 0.5 0.5 0.3157894736842105 0.5 0.625 0.42105263157894735 0.42105263157894735 0.75 0.47619047619047616 0.5882352941176471 0.6 0.6 0.631578947368421 0.26666666666666666 0.5555555555555556 0.375 0.3076923076923077 0.5 

rf-dtf
0.35294117647058826 0.5714285714285714 0.6 0.5454545454545454 0.375 0.35294117647058826 0.5555555555555556 0.42105263157894735 0.47058823529411764 0.4444444444444444 0.7272727272727273 0.5882352941176471 0.6666666666666666 0.38095238095238093 0.16666666666666666 0.5714285714285714 0.6 0.5714285714285714 0.5555555555555556 0.7368421052631579 0.42857142857142855 0.64 0.2857142857142857 0.42105263157894735 0.5 

rf-svmf
0.3157894736842105 0.47058823529411764 0.4 0.5714285714285714 0.6 0.5 0.7 0.375 0.4 0.26666666666666666 0.5714285714285714 0.5454545454545454 0.4444444444444444 0.6 0.6 0.4444444444444444 0.5263157894736842 0.10526315789473684 0.6666666666666666 0.16666666666666666 0.5263157894736842 0.5263157894736842 0.35294117647058826 0.4444444444444444 0.3076923076923077 

svm-def
0.0 0.18181818181818182 0.0 0.16666666666666666 0.0 0.16666666666666666 0.16666666666666666 0.0 0.0 0.0 0.16666666666666666 0.0 0.0 0.18181818181818182 0.0 0.0 0.0 0.18181818181818182 0.18181818181818182 0.0 0.0 0.0 0.0 0.0 0.0 

svm-cfs
0.0 0.18181818181818182 0.0 0.16666666666666666 0.0 0.16666666666666666 0.16666666666666666 0.0 0.0 0.0 0.16666666666666666 0.0 0.0 0.18181818181818182 0.0 0.0 0.0 0.18181818181818182 0.18181818181818182 0.0 0.0 0.0 0.0 0.0 0.0 

svm-dtf
0.3076923076923077 0.5555555555555556 0.16666666666666666 0.6666666666666666 0.4 0.15384615384615385 0.3333333333333333 0.631578947368421 0.0 0.0 0.25 0.6666666666666666 0.47619047619047616 0.16666666666666666 0.18181818181818182 0.3076923076923077 0.18181818181818182 0.5 0.42857142857142855 0.5333333333333333 0.0 0.2857142857142857 0.2857142857142857 0.4 0.47058823529411764 

svm-svmf
0.16666666666666666 0.5882352941176471 0.47058823529411764 0.5714285714285714 0.5555555555555556 0.5882352941176471 0.4 0.5555555555555556 0.4 0.16666666666666666 0.26666666666666666 0.5714285714285714 0.35294117647058826 0.42857142857142855 0.5 0.25 0.42857142857142855 0.47619047619047616 0.4 0.3076923076923077 0.3076923076923077 0.625 0.375 0.26666666666666666 0.16666666666666666 

