rand-def
0.4444444444444444 0.48 0.4 0.5 0.5833333333333334 0.5925925925925926 0.32 0.48 0.4166666666666667 0.3333333333333333 0.5185185185185185 0.4 0.48 0.5833333333333334 0.5833333333333334 0.4444444444444444 0.48 0.32 0.4166666666666667 0.5833333333333334 0.5925925925925926 0.32 0.4 0.5833333333333334 0.3333333333333333 

rand-def-smote
0.4444444444444444 0.48 0.4 0.5 0.5833333333333334 0.5925925925925926 0.32 0.48 0.4166666666666667 0.3333333333333333 0.5185185185185185 0.4 0.48 0.5833333333333334 0.5833333333333334 0.4444444444444444 0.48 0.32 0.4166666666666667 0.5833333333333334 0.5925925925925926 0.32 0.4 0.5833333333333334 0.3333333333333333 

oner-def
0.5714285714285714 0.4827586206896552 0.6666666666666666 0.6206896551724138 0.2857142857142857 0.6206896551724138 0.0 0.5384615384615384 0.625 0.6 0.6 0.6428571428571429 0.6896551724137931 0.6 0.0 0.4 0.0 0.5806451612903226 0.0 0.6153846153846154 0.5 0.5806451612903226 0.6666666666666666 0.5517241379310345 0.0 

oner-def-smote
0.5714285714285714 0.4827586206896552 0.6666666666666666 0.6206896551724138 0.7142857142857143 0.6206896551724138 0.72 0.7407407407407407 0.625 0.6 0.6 0.6428571428571429 0.6896551724137931 0.6 0.7692307692307693 0.6666666666666666 0.7142857142857143 0.5806451612903226 0.6206896551724138 0.6153846153846154 0.7096774193548387 0.5806451612903226 0.6666666666666666 0.5517241379310345 0.8 

oner-cfs
0.5714285714285714 0.0 0.0 0.0 0.5833333333333334 0.48 0.0 0.5384615384615384 0.0 0.0 0.0 0.0 0.5714285714285714 0.0 0.0 0.4 0.6086956521739131 0.0 0.0 0.0 0.6206896551724138 0.0 0.6206896551724138 0.0 0.64 

oner-cfs-smote
0.5714285714285714 0.5625 0.72 0.6 0.625 0.48 0.6666666666666666 0.5384615384615384 0.6060606060606061 0.5882352941176471 0.6060606060606061 0.6060606060606061 0.5714285714285714 0.5806451612903226 0.6666666666666666 0.4 0.6896551724137931 0.5454545454545454 0.6428571428571429 0.6666666666666666 0.6206896551724138 0.6060606060606061 0.625 0.5333333333333333 0.6896551724137931 

oner-dtf
0.5714285714285714 0.4827586206896552 0.6666666666666666 0.0 0.0 0.48 0.0 0.46153846153846156 0.6 0.0 0.0 0.46153846153846156 0.48 0.0 0.0 0.0 0.6086956521739131 0.0 0.0 0.0 0.0 0.0 0.3076923076923077 0.5517241379310345 0.3333333333333333 

oner-dtf-smote
0.5714285714285714 0.4827586206896552 0.6666666666666666 0.5517241379310345 0.625 0.6666666666666666 0.6666666666666666 0.46153846153846156 0.6 0.5882352941176471 0.6060606060606061 0.5517241379310345 0.48 0.5806451612903226 0.7692307692307693 0.5 0.46153846153846156 0.5161290322580645 0.6206896551724138 0.6428571428571429 0.6875 0.5454545454545454 0.3076923076923077 0.5517241379310345 0.4444444444444444 

oner-svmf
0.45454545454545453 0.4827586206896552 0.0 0.6206896551724138 0.2857142857142857 0.6206896551724138 0.3076923076923077 0.46153846153846156 0.0 0.0 0.6 0.5806451612903226 0.3076923076923077 0.0 0.0 0.0 0.0 0.0 0.0 0.46153846153846156 0.0 0.4827586206896552 0.3076923076923077 0.5517241379310345 0.3333333333333333 

oner-svmf-smote
0.45454545454545453 0.4827586206896552 0.5454545454545454 0.6206896551724138 0.7142857142857143 0.6206896551724138 0.3076923076923077 0.5454545454545454 0.4 0.5185185185185185 0.6 0.5454545454545454 0.46153846153846156 0.5806451612903226 0.7692307692307693 0.0 0.7142857142857143 0.5161290322580645 0.6206896551724138 0.5833333333333334 0.6875 0.4827586206896552 0.16666666666666666 0.5517241379310345 0.3333333333333333 

cart-def
0.45454545454545453 0.5714285714285714 0.5454545454545454 0.42105263157894735 0.5 0.5714285714285714 0.5555555555555556 0.5714285714285714 0.5 0.6363636363636364 0.48 0.5 0.6956521739130435 0.47619047619047616 0.5882352941176471 0.38095238095238093 0.7272727272727273 0.7272727272727273 0.5217391304347826 0.5263157894736842 0.631578947368421 0.5517241379310345 0.5 0.35294117647058826 0.7619047619047619 

cart-def-smote
0.64 0.5454545454545454 0.5555555555555556 0.42105263157894735 0.56 0.45454545454545453 0.5263157894736842 0.6 0.4 0.56 0.4 0.5714285714285714 0.6363636363636364 0.5 0.7368421052631579 0.6 0.6 0.5555555555555556 0.5882352941176471 0.6 0.375 0.5 0.6 0.4 0.7272727272727273 

cart-cfs
0.42105263157894735 0.5882352941176471 0.47058823529411764 0.42105263157894735 0.45454545454545453 0.4444444444444444 0.6 0.631578947368421 0.43478260869565216 0.4166666666666667 0.6666666666666666 0.6363636363636364 0.5217391304347826 0.4 0.631578947368421 0.4 0.4444444444444444 0.5263157894736842 0.7368421052631579 0.6 0.782608695652174 0.45454545454545453 0.6086956521739131 0.3157894736842105 0.6 

cart-cfs-smote
0.6363636363636364 0.7368421052631579 0.5882352941176471 0.5555555555555556 0.4 0.4444444444444444 0.7 0.5 0.5185185185185185 0.43478260869565216 0.6666666666666666 0.56 0.6086956521739131 0.5 0.7619047619047619 0.4166666666666667 0.4444444444444444 0.6086956521739131 0.5454545454545454 0.6363636363636364 0.5714285714285714 0.3157894736842105 0.5454545454545454 0.2222222222222222 0.64 

cart-dtf
0.4 0.5454545454545454 0.631578947368421 0.56 0.5263157894736842 0.6086956521739131 0.7 0.7 0.5454545454545454 0.5714285714285714 0.64 0.75 0.6666666666666666 0.47619047619047616 0.2857142857142857 0.5714285714285714 0.6956521739130435 0.5454545454545454 0.5263157894736842 0.7 0.47058823529411764 0.46153846153846156 0.375 0.5555555555555556 0.8 

cart-dtf-smote
0.4 0.5217391304347826 0.7777777777777778 0.5384615384615384 0.5714285714285714 0.6956521739130435 0.6666666666666666 0.7 0.5454545454545454 0.6666666666666666 0.7692307692307693 0.6086956521739131 0.6666666666666666 0.5 0.26666666666666666 0.6956521739130435 0.56 0.5454545454545454 0.631578947368421 0.7368421052631579 0.5555555555555556 0.48 0.35294117647058826 0.42105263157894735 0.7619047619047619 

cart-svmf
0.47619047619047616 0.7 0.5882352941176471 0.5454545454545454 0.5833333333333334 0.6666666666666666 0.6666666666666666 0.7 0.43478260869565216 0.3333333333333333 0.8 0.5833333333333334 0.6086956521739131 0.6086956521739131 0.42105263157894735 0.5 0.47058823529411764 0.2727272727272727 0.6363636363636364 0.42857142857142855 0.5714285714285714 0.45454545454545453 0.4444444444444444 0.5263157894736842 0.5555555555555556 

cart-svmf-smote
0.45454545454545453 0.7 0.47058823529411764 0.47619047619047616 0.6428571428571429 0.6666666666666666 0.7 0.5555555555555556 0.5217391304347826 0.4 0.9166666666666666 0.6666666666666666 0.6 0.6666666666666666 0.47058823529411764 0.5555555555555556 0.6363636363636364 0.2857142857142857 0.7619047619047619 0.5 0.6 0.5 0.631578947368421 0.45454545454545453 0.5263157894736842 

nb-def
0.5 0.4827586206896552 0.6206896551724138 0.5384615384615384 0.48 0.6153846153846154 0.6666666666666666 0.6153846153846154 0.5517241379310345 0.5185185185185185 0.5185185185185185 0.5925925925925926 0.6428571428571429 0.5517241379310345 0.6923076923076923 0.5454545454545454 0.6363636363636364 0.45161290322580644 0.6086956521739131 0.6153846153846154 0.5384615384615384 0.5384615384615384 0.5833333333333334 0.36363636363636365 0.75 

nb-def-smote
0.5925925925925926 0.4827586206896552 0.6206896551724138 0.5384615384615384 0.48 0.6666666666666666 0.5217391304347826 0.56 0.5517241379310345 0.5714285714285714 0.46153846153846156 0.6428571428571429 0.6428571428571429 0.5517241379310345 0.72 0.5454545454545454 0.6363636363636364 0.4666666666666667 0.5454545454545454 0.6666666666666666 0.5185185185185185 0.5185185185185185 0.6666666666666666 0.36363636363636365 0.64 

nb-cfs
0.5925925925925926 0.5333333333333333 0.6666666666666666 0.5517241379310345 0.5384615384615384 0.5925925925925926 0.6923076923076923 0.5517241379310345 0.5806451612903226 0.5882352941176471 0.6060606060606061 0.5517241379310345 0.6206896551724138 0.5517241379310345 0.72 0.5161290322580645 0.5833333333333334 0.5 0.6666666666666666 0.6666666666666666 0.4444444444444444 0.5806451612903226 0.6451612903225806 0.43478260869565216 0.7142857142857143 

nb-cfs-smote
0.6428571428571429 0.5333333333333333 0.6451612903225806 0.5517241379310345 0.5185185185185185 0.5925925925925926 0.6923076923076923 0.5517241379310345 0.625 0.5882352941176471 0.5625 0.5333333333333333 0.6206896551724138 0.5517241379310345 0.72 0.5161290322580645 0.5833333333333334 0.5 0.6666666666666666 0.6666666666666666 0.4444444444444444 0.5806451612903226 0.6451612903225806 0.5 0.7142857142857143 

nb-dtf
0.6153846153846154 0.25 0.5 0.5 0.16666666666666666 0.64 0.16666666666666666 0.4444444444444444 0.3076923076923077 0.5714285714285714 0.5806451612903226 0.5 0.4 0.5806451612903226 0.3333333333333333 0.38461538461538464 0.6153846153846154 0.0 0.64 0.5 0.6206896551724138 0.5714285714285714 0.25 0.3870967741935484 0.3076923076923077 

nb-dtf-smote
0.6153846153846154 0.2 0.782608695652174 0.5517241379310345 0.16666666666666666 0.5714285714285714 0.15384615384615385 0.6666666666666666 0.42857142857142855 0.5333333333333333 0.6060606060606061 0.5 0.5882352941176471 0.5806451612903226 0.3333333333333333 0.6 0.6153846153846154 0.6206896551724138 0.64 0.47058823529411764 0.6206896551724138 0.5333333333333333 0.25 0.3870967741935484 0.42857142857142855 

nb-svmf
0.5294117647058824 0.5625 0.6428571428571429 0.3333333333333333 0.5263157894736842 0.4117647058823529 0.2857142857142857 0.7368421052631579 0.5625 0.5 0.4166666666666667 0.47619047619047616 0.6451612903225806 0.5517241379310345 0.47058823529411764 0.38095238095238093 0.6363636363636364 0.5333333333333333 0.46153846153846156 0.42857142857142855 0.5 0.4444444444444444 0.6363636363636364 0.38095238095238093 0.4 

nb-svmf-smote
0.3870967741935484 0.5625 0.5714285714285714 0.3333333333333333 0.64 0.4117647058823529 0.2857142857142857 0.7368421052631579 0.5625 0.5 0.5517241379310345 0.47619047619047616 0.625 0.5517241379310345 0.5555555555555556 0.34782608695652173 0.7142857142857143 0.5185185185185185 0.5 0.4 0.5517241379310345 0.47619047619047616 0.6923076923076923 0.38095238095238093 0.46153846153846156 

rf-def
0.4444444444444444 0.5 0.6666666666666666 0.7 0.42105263157894735 0.47058823529411764 0.5333333333333333 0.6666666666666666 0.45454545454545453 0.7 0.6 0.5714285714285714 0.5263157894736842 0.42105263157894735 0.6666666666666666 0.5263157894736842 0.5333333333333333 0.7619047619047619 0.5714285714285714 0.5555555555555556 0.2857142857142857 0.5263157894736842 0.625 0.25 0.35294117647058826 

rf-def-smote
0.5263157894736842 0.5882352941176471 0.5882352941176471 0.5263157894736842 0.5 0.5 0.6666666666666666 0.5263157894736842 0.48 0.8571428571428571 0.5882352941176471 0.8 0.47619047619047616 0.4 0.7 0.56 0.631578947368421 0.6666666666666666 0.8235294117647058 0.4 0.3333333333333333 0.6086956521739131 0.47058823529411764 0.3157894736842105 0.6666666666666666 

rf-cfs
0.26666666666666666 0.8 0.5333333333333333 0.3333333333333333 0.4444444444444444 0.47058823529411764 0.6666666666666666 0.5 0.5 0.3157894736842105 0.5 0.625 0.42105263157894735 0.42105263157894735 0.75 0.47619047619047616 0.5882352941176471 0.6 0.6 0.631578947368421 0.26666666666666666 0.5555555555555556 0.375 0.3076923076923077 0.5 

rf-cfs-smote
0.38095238095238093 0.5714285714285714 0.6 0.5 0.47619047619047616 0.5882352941176471 0.7368421052631579 0.631578947368421 0.4 0.42105263157894735 0.6 0.5 0.5263157894736842 0.42105263157894735 0.8181818181818182 0.5714285714285714 0.375 0.5714285714285714 0.7368421052631579 0.6666666666666666 0.5714285714285714 0.6 0.4 0.3157894736842105 0.6363636363636364 

rf-dtf
0.35294117647058826 0.5714285714285714 0.6 0.5454545454545454 0.375 0.35294117647058826 0.5555555555555556 0.42105263157894735 0.47058823529411764 0.4444444444444444 0.7272727272727273 0.5882352941176471 0.6666666666666666 0.38095238095238093 0.16666666666666666 0.5714285714285714 0.6 0.5714285714285714 0.5555555555555556 0.7368421052631579 0.42857142857142855 0.64 0.2857142857142857 0.42105263157894735 0.5 

rf-dtf-smote
0.3157894736842105 0.5454545454545454 0.6 0.56 0.42105263157894735 0.5882352941176471 0.631578947368421 0.631578947368421 0.5 0.7 0.75 0.6 0.6666666666666666 0.36363636363636365 0.3333333333333333 0.6363636363636364 0.6086956521739131 0.5454545454545454 0.631578947368421 0.6666666666666666 0.6666666666666666 0.6153846153846154 0.26666666666666666 0.375 0.7368421052631579 

rf-svmf
0.3157894736842105 0.47058823529411764 0.4 0.5714285714285714 0.6 0.5 0.7 0.375 0.4 0.26666666666666666 0.5714285714285714 0.5454545454545454 0.4444444444444444 0.6 0.6 0.4444444444444444 0.5263157894736842 0.10526315789473684 0.6666666666666666 0.16666666666666666 0.5263157894736842 0.5263157894736842 0.35294117647058826 0.4444444444444444 0.3076923076923077 

rf-svmf-smote
0.4 0.5882352941176471 0.4444444444444444 0.7272727272727273 0.6666666666666666 0.4444444444444444 0.8 0.47058823529411764 0.5 0.375 0.6666666666666666 0.5714285714285714 0.5217391304347826 0.6086956521739131 0.5 0.26666666666666666 0.6666666666666666 0.1111111111111111 0.75 0.15384615384615385 0.5 0.5263157894736842 0.46153846153846156 0.4444444444444444 0.47058823529411764 

svm-def
0.0 0.18181818181818182 0.0 0.16666666666666666 0.0 0.16666666666666666 0.16666666666666666 0.0 0.0 0.0 0.16666666666666666 0.0 0.0 0.18181818181818182 0.0 0.0 0.0 0.18181818181818182 0.18181818181818182 0.0 0.0 0.0 0.0 0.0 0.0 

svm-def-smote
0.6111111111111112 0.5806451612903226 0.6896551724137931 0.6451612903225806 0.6060606060606061 0.6111111111111112 0.7142857142857143 0.6666666666666666 0.5454545454545454 0.6666666666666666 0.6666666666666666 0.5882352941176471 0.625 0.6451612903225806 0.7142857142857143 0.625 0.6060606060606061 0.5555555555555556 0.6451612903225806 0.7142857142857143 0.6470588235294118 0.5882352941176471 0.6451612903225806 0.6 0.7142857142857143 

svm-cfs
0.0 0.18181818181818182 0.0 0.16666666666666666 0.0 0.16666666666666666 0.16666666666666666 0.0 0.0 0.0 0.16666666666666666 0.0 0.0 0.18181818181818182 0.0 0.0 0.0 0.18181818181818182 0.18181818181818182 0.0 0.0 0.0 0.0 0.0 0.0 

svm-cfs-smote
0.5945945945945946 0.5806451612903226 0.6666666666666666 0.6451612903225806 0.6060606060606061 0.6111111111111112 0.6666666666666666 0.6666666666666666 0.5454545454545454 0.6666666666666666 0.6470588235294118 0.5882352941176471 0.6060606060606061 0.625 0.7142857142857143 0.6470588235294118 0.6060606060606061 0.5555555555555556 0.6451612903225806 0.6896551724137931 0.6470588235294118 0.5882352941176471 0.6451612903225806 0.5806451612903226 0.7142857142857143 

svm-dtf
0.3076923076923077 0.5555555555555556 0.16666666666666666 0.6666666666666666 0.4 0.15384615384615385 0.3333333333333333 0.631578947368421 0.0 0.0 0.25 0.6666666666666666 0.47619047619047616 0.16666666666666666 0.18181818181818182 0.3076923076923077 0.18181818181818182 0.5 0.42857142857142855 0.5333333333333333 0.0 0.2857142857142857 0.2857142857142857 0.4 0.47058823529411764 

svm-dtf-smote
0.5806451612903226 0.631578947368421 0.6666666666666666 0.6363636363636364 0.5833333333333334 0.5714285714285714 0.7142857142857143 0.631578947368421 0.5454545454545454 0.6428571428571429 0.6875 0.7058823529411765 0.5454545454545454 0.43478260869565216 0.631578947368421 0.6451612903225806 0.6666666666666666 0.5555555555555556 0.6428571428571429 0.5333333333333333 0.625 0.5806451612903226 0.3 0.4 0.631578947368421 

svm-svmf
0.16666666666666666 0.5882352941176471 0.47058823529411764 0.5714285714285714 0.5555555555555556 0.5882352941176471 0.4 0.5555555555555556 0.4 0.16666666666666666 0.26666666666666666 0.5714285714285714 0.35294117647058826 0.42857142857142855 0.5 0.25 0.42857142857142855 0.47619047619047616 0.4 0.3076923076923077 0.3076923076923077 0.625 0.375 0.26666666666666666 0.16666666666666666 

svm-svmf-smote
0.3076923076923077 0.5882352941176471 0.5263157894736842 0.6363636363636364 0.5555555555555556 0.5555555555555556 0.5882352941176471 0.631578947368421 0.5 0.6428571428571429 0.7096774193548387 0.5882352941176471 0.4444444444444444 0.47058823529411764 0.6666666666666666 0.5 0.5 0.45454545454545453 0.5555555555555556 0.625 0.47058823529411764 0.5882352941176471 0.375 0.25 0.16666666666666666 

