rand-def
-0.042780748663101664 0.07058823529411762 -0.08823529411764708 0.10000000000000009 0.26249999999999996 0.25668449197860976 -0.24705882352941178 0.07058823529411762 -0.0625 -0.22499999999999998 0.106951871657754 -0.08823529411764708 0.07058823529411762 0.26249999999999996 0.26249999999999996 -0.042780748663101664 0.07058823529411762 -0.24705882352941178 -0.0625 0.26249999999999996 0.25668449197860976 -0.24705882352941178 -0.08823529411764708 0.26249999999999996 -0.22499999999999998 

rand-def-smote
-0.042780748663101664 0.07058823529411762 -0.08823529411764708 0.10000000000000009 0.26249999999999996 0.25668449197860976 -0.24705882352941178 0.07058823529411762 -0.0625 -0.22499999999999998 0.106951871657754 -0.08823529411764708 0.07058823529411762 0.26249999999999996 0.26249999999999996 -0.042780748663101664 0.07058823529411762 -0.24705882352941178 -0.0625 0.26249999999999996 0.25668449197860976 -0.24705882352941178 -0.08823529411764708 0.26249999999999996 -0.22499999999999998 

oner-def
0.19786096256684482 -0.00588235294117645 0.4117647058823528 0.2749999999999999 0.07499999999999996 0.2887700534759359 0.0 0.17058823529411749 0.25 0.2124999999999999 0.22994652406417115 0.37058823529411766 0.47058823529411775 0.2124999999999999 0.0 -0.07486631016042788 0.0 0.1941176470588235 0.0 0.30000000000000004 0.048128342245989275 0.1941176470588235 0.4294117647058824 0.11250000000000004 0.0 

oner-def-smote
0.19786096256684482 -0.00588235294117645 0.4117647058823528 0.2749999999999999 0.5 0.2887700534759359 0.5470588235294118 0.5882352941176472 0.25 0.2124999999999999 0.22994652406417115 0.37058823529411766 0.47058823529411775 0.2124999999999999 0.625 0.3529411764705883 0.5294117647058822 0.1941176470588235 0.2749999999999999 0.30000000000000004 0.47058823529411775 0.1941176470588235 0.4294117647058824 0.11250000000000004 0.6875 

oner-cfs
0.19786096256684482 0.0 0.0 0.0 0.26249999999999996 0.07486631016042766 0.0 0.17058823529411749 0.0 0.0 0.0 0.0 0.21176470588235308 0.0 0.0 -0.07486631016042788 0.34705882352941186 0.0 0.0 0.0 0.2887700534759359 0.0 0.31176470588235294 0.0 0.36250000000000004 

oner-cfs-smote
0.19786096256684482 0.1352941176470588 0.5470588235294118 0.2124999999999999 0.25 0.07486631016042766 0.4294117647058824 0.17058823529411749 0.1875 0.125 0.20320855614973254 0.23529411764705888 0.21176470588235308 0.1499999999999999 0.42500000000000004 -0.07486631016042788 0.47058823529411775 0.07647058823529407 0.3374999999999999 0.375 0.2887700534759359 0.23529411764705888 0.2941176470588236 0.050000000000000044 0.4375 

oner-dtf
0.19786096256684482 -0.00588235294117645 0.4117647058823528 0.0 0.0 0.07486631016042766 0.0 0.30000000000000004 0.2124999999999999 0.0 0.0 0.30000000000000004 0.07058823529411762 0.0 0.0 -0.05882352941176472 0.34705882352941186 0.0 0.0 0.0 0.0 0.0 0.14117647058823524 0.11250000000000004 0.19999999999999996 

oner-dtf-smote
0.19786096256684482 -0.00588235294117645 0.4117647058823528 0.11250000000000004 0.25 0.3796791443850267 0.4294117647058824 0.30000000000000004 0.2124999999999999 0.125 0.20320855614973254 0.15294117647058836 0.07058823529411762 0.1499999999999999 0.625 0.1336898395721926 0.30000000000000004 0.03529411764705892 0.2749999999999999 0.3374999999999999 0.4117647058823528 0.07647058823529407 0.14117647058823524 0.11250000000000004 0.1499999999999999 

oner-svmf
0.10160427807486627 -0.00588235294117645 0.0 0.2749999999999999 0.07499999999999996 0.2887700534759359 0.14117647058823524 0.30000000000000004 0.0 0.0 0.22994652406417115 0.1941176470588235 0.14117647058823524 0.0 0.0 -0.05882352941176472 0.0 0.0 0.0 0.30000000000000004 0.0 -0.00588235294117645 0.14117647058823524 0.11250000000000004 0.19999999999999996 

oner-svmf-smote
0.10160427807486627 -0.00588235294117645 0.07647058823529407 0.2749999999999999 0.5 0.2887700534759359 0.14117647058823524 0.24705882352941178 -0.125 0.07499999999999996 0.22994652406417115 0.07647058823529407 0.0117647058823529 0.1499999999999999 0.625 -0.05882352941176472 0.5294117647058822 0.03529411764705892 0.2749999999999999 0.26249999999999996 0.4117647058823528 -0.00588235294117645 0.04117647058823537 0.11250000000000004 0.19999999999999996 

cart-def
0.10160427807486627 0.3058823529411765 0.24705882352941178 0.08749999999999991 0.1875 0.31016042780748654 0.32352941176470584 0.3058823529411765 0.012499999999999956 0.38749999999999996 0.07486631016042766 0.20588235294117663 0.5058823529411764 0.125 0.375 0.010695187165775444 0.5647058823529412 0.5647058823529412 0.1625000000000001 0.25 0.427807486631016 0.15294117647058836 0.20588235294117663 0.050000000000000044 0.6125 

cart-def-smote
0.3743315508021392 0.24705882352941178 0.32352941176470584 0.08749999999999991 0.19999999999999996 0.10160427807486627 0.2647058823529411 0.3647058823529412 -0.125 0.19999999999999996 -0.07486631016042788 0.3058823529411765 0.40588235294117636 0.1875 0.575 0.22994652406417115 0.3647058823529412 0.32352941176470584 0.375 0.3500000000000001 0.15508021390374327 0.12941176470588234 0.3647058823529412 0.02499999999999991 0.55 

cart-cfs
0.12834224598930488 0.38235294117647056 0.22352941176470598 0.08749999999999991 0.0625 0.18716577540106938 0.3647058823529412 0.4235294117647057 0.0 -0.0625 0.4598930481283423 0.40588235294117636 0.18823529411764706 0.02499999999999991 0.4125000000000001 0.06951871657754016 0.16470588235294104 0.2647058823529411 0.575 0.3500000000000001 0.641711229946524 0.08823529411764719 0.34705882352941186 -0.07499999999999996 0.3500000000000001 

cart-cfs-smote
0.40106951871657737 0.5823529411764705 0.38235294117647056 0.3125 0.02499999999999991 0.18716577540106938 0.5235294117647058 0.2823529411764705 0.07499999999999996 0.0 0.4866310160427807 0.22941176470588243 0.34705882352941186 0.1875 0.6125 -0.016042780748663166 0.16470588235294104 0.34705882352941186 0.2250000000000001 0.38749999999999996 0.31016042780748654 -0.05294117647058827 0.24705882352941178 -0.17500000000000004 0.36250000000000004 

cart-dtf
0.06951871657754016 0.24705882352941178 0.4235294117647057 0.19999999999999996 0.25 0.34224598930481287 0.5235294117647058 0.5235294117647058 0.2250000000000001 0.2875000000000001 0.3743315508021392 0.6000000000000001 0.4647058823529411 0.125 0.07499999999999996 0.31016042780748654 0.5058823529411764 0.24705882352941178 0.25 0.5125 0.24598930481283432 0.0117647058823529 0.12352941176470589 0.3125 0.675 

cart-dtf-smote
0.06951871657754016 0.18823529411764706 0.6411764705882352 0.13749999999999996 0.2875000000000001 0.4919786096256684 0.48235294117647065 0.5235294117647058 0.2250000000000001 0.44999999999999996 0.6149732620320856 0.34705882352941186 0.4647058823529411 0.10000000000000009 0.012499999999999956 0.4919786096256684 0.22941176470588243 0.24705882352941178 0.4125000000000001 0.575 0.33689839572192515 0.07058823529411762 0.06470588235294117 0.08749999999999991 0.6125 

cart-svmf
0.160427807486631 0.5235294117647058 0.38235294117647056 0.2250000000000001 0.26249999999999996 0.4866310160427807 0.48235294117647065 0.5235294117647058 0.0 -0.012499999999999956 0.6684491978609626 0.2882352941176469 0.34705882352941186 0.32499999999999996 0.08749999999999991 0.2192513368983957 0.22352941176470598 -0.22941176470588243 0.38749999999999996 0.23750000000000004 0.31016042780748654 0.08823529411764719 0.16470588235294104 0.25 0.3125 

cart-svmf-smote
0.10160427807486627 0.5235294117647058 0.22352941176470598 0.125 0.3374999999999999 0.4598930481283423 0.5235294117647058 0.32352941176470584 0.1625000000000001 0.17500000000000004 0.8823529411764706 0.44705882352941195 0.3647058823529412 0.42500000000000004 0.2124999999999999 0.33689839572192515 0.40588235294117636 -0.1705882352941177 0.6125 0.2749999999999999 0.36898395721925126 0.20588235294117663 0.4235294117647057 0.0625 0.25 

nb-def
0.048128342245989275 -0.00588235294117645 0.31176470588235294 0.13749999999999996 0.03750000000000009 0.31550802139037426 0.44705882352941195 0.3294117647058825 0.11250000000000004 0.07499999999999996 0.106951871657754 0.2705882352941176 0.37058823529411766 0.11250000000000004 0.4624999999999999 0.053475935828877 0.40588235294117636 -0.12352941176470589 0.32499999999999996 0.30000000000000004 0.1657754010695187 0.17058823529411749 0.2882352941176469 -0.09999999999999998 0.5874999999999999 

nb-def-smote
0.25668449197860976 -0.00588235294117645 0.31176470588235294 0.13749999999999996 0.03750000000000009 0.4064171122994653 0.18823529411764706 0.22941176470588243 0.11250000000000004 0.17500000000000004 0.016042780748663166 0.37058823529411766 0.37058823529411766 0.11250000000000004 0.5249999999999999 0.053475935828877 0.40588235294117636 -0.06470588235294117 0.2250000000000001 0.3999999999999999 0.106951871657754 0.11176470588235299 0.4294117647058824 -0.09999999999999998 0.36250000000000004 

nb-cfs
0.25668449197860976 0.09411764705882364 0.4117647058823528 0.11250000000000004 0.13749999999999996 0.25668449197860976 0.4882352941176471 0.15294117647058836 0.1499999999999999 0.125 0.20320855614973254 0.15294117647058836 0.31176470588235294 0.11250000000000004 0.5249999999999999 0.021390374331550888 0.2882352941176469 -0.0235294117647058 0.3999999999999999 0.375 -0.042780748663101664 0.1941176470588235 0.3529411764705883 0.0 0.5 

nb-cfs-smote
0.3475935828877006 0.09411764705882364 0.3529411764705883 0.11250000000000004 0.07499999999999996 0.25668449197860976 0.4882352941176471 0.15294117647058836 0.25 0.125 0.11229946524064172 0.09411764705882364 0.31176470588235294 0.11250000000000004 0.5249999999999999 0.021390374331550888 0.2882352941176469 -0.0235294117647058 0.3999999999999999 0.375 -0.042780748663101664 0.1941176470588235 0.3529411764705883 0.10000000000000009 0.5 

nb-dtf
0.31550802139037426 -0.03529411764705892 0.2823529411764705 0.012499999999999956 0.03750000000000009 0.3743315508021392 0.04117647058823537 0.16470588235294104 0.13749999999999996 0.17500000000000004 0.17112299465240643 0.20588235294117663 0.1823529411764706 0.1499999999999999 0.19999999999999996 -0.1336898395721926 0.3294117647058825 -0.11764705882352944 0.36250000000000004 0.2749999999999999 0.2887700534759359 0.21176470588235308 -0.03529411764705892 -0.3375 0.13749999999999996 

nb-dtf-smote
0.31550802139037426 -0.2705882352941176 0.664705882352941 0.11250000000000004 0.03750000000000009 0.19786096256684482 -0.01764705882352946 0.5 0.23750000000000004 0.050000000000000044 0.20320855614973254 0.12941176470588234 0.38235294117647056 0.1499999999999999 0.19999999999999996 0.22994652406417115 0.3294117647058825 0.31176470588235294 0.36250000000000004 0.2124999999999999 0.2887700534759359 0.09411764705882364 -0.03529411764705892 -0.3375 -0.15000000000000002 

nb-svmf
-0.005347593582887611 0.1352941176470588 0.37058823529411766 0.19999999999999996 0.25 -0.3048128342245989 0.08235294117647052 0.5823529411764705 0.08749999999999991 0.10000000000000009 -0.016042780748663166 0.1470588235294117 0.3529411764705883 0.11250000000000004 0.2124999999999999 0.010695187165775444 0.40588235294117636 0.3411764705882354 0.30000000000000004 0.23750000000000004 0.1336898395721926 0.16470588235294104 0.40588235294117636 -0.03749999999999998 0.17500000000000004 

nb-svmf-smote
-0.27807486631016043 0.1352941176470588 0.21176470588235308 0.19999999999999996 0.36250000000000004 -0.3048128342245989 0.08235294117647052 0.5823529411764705 0.08749999999999991 0.012499999999999956 0.13903743315508033 0.1470588235294117 0.2941176470588236 0.11250000000000004 0.3125 -0.106951871657754 0.5294117647058822 0.11176470588235299 0.2749999999999999 0.17500000000000004 0.13903743315508033 0.1470588235294117 0.4882352941176471 -0.03749999999999998 -0.025000000000000022 

rf-def
0.18716577540106938 0.20588235294117663 0.48235294117647065 0.5125 0.08749999999999991 0.24598930481283432 0.3411764705882354 0.48235294117647065 0.0625 0.5125 0.36898395721925126 0.3999999999999999 0.2647058823529411 0.08749999999999991 0.5 0.27807486631016043 0.3411764705882354 0.6235294117647059 0.3999999999999999 0.3125 0.12299465240641716 0.2647058823529411 0.4411764705882353 -0.050000000000000044 0.050000000000000044 

rf-def-smote
0.27807486631016043 0.38235294117647056 0.38235294117647056 0.25 0.10000000000000009 0.2192513368983957 0.48235294117647065 0.2647058823529411 0.03750000000000009 0.7749999999999999 0.39572192513368987 0.6823529411764706 0.1470588235294117 0.02499999999999991 0.5125 0.22459893048128343 0.4235294117647057 0.4647058823529411 0.7 0.17500000000000004 0.03743315508021383 0.34705882352941186 0.22352941176470598 -0.07499999999999996 0.44999999999999996 

rf-cfs
0.06417112299465244 0.6823529411764706 0.3411764705882354 -0.012499999999999956 0.1499999999999999 0.24598930481283432 0.48235294117647065 0.20588235294117663 0.1875 -0.07499999999999996 0.2192513368983957 0.4411764705882353 0.10588235294117654 0.08749999999999991 0.6000000000000001 0.160427807486631 0.38235294117647056 0.3647058823529412 0.3500000000000001 0.4125000000000001 0.06417112299465244 0.32352941176470584 0.12352941176470589 0.13749999999999996 0.1875 

rf-cfs-smote
0.010695187165775444 0.3058823529411765 0.3647058823529412 0.1875 0.125 0.39572192513368987 0.5823529411764705 0.4235294117647057 0.02499999999999991 0.08749999999999991 0.36898395721925126 0.20588235294117663 0.2647058823529411 0.08749999999999991 0.7124999999999999 0.31016042780748654 0.12352941176470589 0.3058823529411765 0.575 0.44999999999999996 0.31016042780748654 0.3647058823529412 0.1823529411764706 -0.07499999999999996 0.38749999999999996 

rf-dtf
0.09625668449197855 0.3058823529411765 0.3647058823529412 0.2250000000000001 0.11250000000000004 0.09625668449197855 0.32352941176470584 0.10588235294117654 0.2124999999999999 0.1499999999999999 0.5508021390374331 0.38235294117647056 0.4647058823529411 -0.03749999999999998 0.03750000000000009 0.31016042780748654 0.3647058823529412 0.3058823529411765 0.3125 0.575 0.2727272727272727 0.388235294117647 0.08235294117647052 0.08749999999999991 0.2749999999999999 

rf-dtf-smote
-0.021390374331550777 0.24705882352941178 0.3647058823529412 0.19999999999999996 0.08749999999999991 0.39572192513368987 0.4235294117647057 0.4235294117647057 0.1875 0.5125 0.5828877005347595 0.3647058823529412 0.4647058823529411 -0.09999999999999998 0.19999999999999996 0.40106951871657737 0.34705882352941186 0.24705882352941178 0.4125000000000001 0.4750000000000001 0.4866310160427807 0.3294117647058825 0.0235294117647058 0.11250000000000004 0.575 

rf-svmf
-0.021390374331550777 0.22352941176470598 0.1823529411764706 0.2875000000000001 0.3500000000000001 0.3048128342245988 0.5235294117647058 0.12352941176470589 0.02499999999999991 0.012499999999999956 0.31016042780748654 0.24705882352941178 0.16470588235294104 0.3500000000000001 0.3500000000000001 0.18716577540106938 0.2647058823529411 -0.37058823529411766 0.44999999999999996 0.03750000000000009 0.27807486631016043 0.2647058823529411 0.06470588235294117 0.1499999999999999 0.13749999999999996 

rf-svmf-smote
0.06951871657754016 0.38235294117647056 0.16470588235294104 0.55 0.42500000000000004 0.18716577540106938 0.6823529411764706 0.22352941176470598 0.10000000000000009 0.11250000000000004 0.4598930481283423 0.3058823529411765 0.18823529411764706 0.32499999999999996 0.1875 0.06417112299465244 0.4647058823529411 -0.31176470588235294 0.5874999999999999 -0.025000000000000022 0.2192513368983957 0.2647058823529411 0.30000000000000004 0.1499999999999999 0.2124999999999999 

svm-def
0.0 0.10000000000000009 0.0 0.03750000000000009 0.0 0.09090909090909083 0.04117647058823537 0.0 0.0 0.0 0.09090909090909083 0.0 0.0 0.10000000000000009 0.0 0.0 0.0 0.10000000000000009 0.10000000000000009 0.0 0.0 0.0 0.0 0.0 -0.0625 

svm-def-smote
0.17647058823529416 0.1941176470588235 0.47058823529411775 0.3125 0.1875 0.17647058823529416 0.5294117647058822 0.4117647058823528 0.02499999999999991 0.375 0.3529411764705883 0.17647058823529416 0.2941176470588236 0.3125 0.5 0.26203208556149726 0.23529411764705888 0.05882352941176472 0.3125 0.5 0.2941176470588236 0.17647058823529416 0.3529411764705883 0.2124999999999999 0.5 

svm-cfs
0.0 0.10000000000000009 0.0 0.03750000000000009 0.0 0.09090909090909083 0.04117647058823537 0.0 0.0 0.0 0.09090909090909083 0.0 0.0 0.10000000000000009 0.0 0.0 0.0 0.10000000000000009 0.10000000000000009 0.0 0.0 0.0 0.0 0.0 -0.0625 

svm-cfs-smote
0.11764705882352944 0.1941176470588235 0.4117647058823528 0.3125 0.1875 0.17647058823529416 0.4117647058823528 0.4117647058823528 0.02499999999999991 0.375 0.2941176470588236 0.17647058823529416 0.23529411764705888 0.25 0.5 0.2941176470588236 0.23529411764705888 0.05882352941176472 0.3125 0.4375 0.2941176470588236 0.17647058823529416 0.3529411764705883 0.1499999999999999 0.5 

svm-dtf
0.18181818181818188 0.32352941176470584 0.04117647058823537 0.44999999999999996 0.17500000000000004 0.03208556149732611 0.19999999999999996 0.4235294117647057 0.0 -0.0625 0.005347593582887722 0.5 0.1470588235294117 0.03750000000000009 0.10000000000000009 0.18181818181818188 0.10000000000000009 0.20588235294117663 0.23750000000000004 0.3374999999999999 0.0 0.08235294117647052 0.08235294117647052 0.17500000000000004 0.2124999999999999 

svm-dtf-smote
0.17112299465240643 0.4235294117647057 0.44705882352941195 0.38749999999999996 0.26249999999999996 0.0855614973262031 0.5294117647058822 0.4235294117647057 0.02499999999999991 0.3374999999999999 0.4117647058823528 0.5411764705882351 0.24705882352941178 0.0 0.4125000000000001 0.320855614973262 0.4294117647058824 0.32352941176470584 0.3374999999999999 0.3374999999999999 0.26203208556149726 0.1941176470588235 -0.11176470588235299 0.17500000000000004 0.4125000000000001 

svm-svmf
0.09090909090909083 0.38235294117647056 0.22352941176470598 0.2875000000000001 0.3125 0.39572192513368987 0.1823529411764706 0.32352941176470584 0.17500000000000004 0.03750000000000009 0.06417112299465244 0.3999999999999999 0.06470588235294117 0.23750000000000004 0.2749999999999999 0.005347593582887722 0.24117647058823533 0.1470588235294117 0.17500000000000004 0.13749999999999996 0.18181818181818188 0.4411764705882353 0.12352941176470589 0.012499999999999956 0.03750000000000009 

svm-svmf-smote
0.18181818181818188 0.38235294117647056 0.2647058823529411 0.38749999999999996 0.3125 0.33689839572192515 0.38235294117647056 0.4235294117647057 0.2749999999999999 0.3374999999999999 0.47058823529411775 0.38235294117647056 0.16470588235294104 0.2124999999999999 0.4750000000000001 0.2192513368983957 0.2823529411764705 0.08823529411764719 0.3125 0.4375 0.24598930481283432 0.38235294117647056 0.12352941176470589 -0.050000000000000044 0.03750000000000009 

