rand-def
0.5256578409448529 0.4691890965319828 0.5459032703903113 0.4527692569068708 0.3751041522030914 0.38459943609324754 0.6239732049965233 0.4691890965319828 0.5321683239352 0.6126275377421423 0.4541520789161238 0.5459032703903113 0.4691890965319828 0.3751041522030914 0.3751041522030914 0.5256578409448529 0.4691890965319828 0.6239732049965233 0.5321683239352 0.3751041522030914 0.38459943609324754 0.6239732049965233 0.5459032703903113 0.3751041522030914 0.6126275377421423 

rand-def-smote
0.5256578409448529 0.4691890965319828 0.5459032703903113 0.4527692569068708 0.3751041522030914 0.38459943609324754 0.6239732049965233 0.4691890965319828 0.5321683239352 0.6126275377421423 0.4541520789161238 0.5459032703903113 0.4691890965319828 0.3751041522030914 0.3751041522030914 0.5256578409448529 0.4691890965319828 0.6239732049965233 0.5321683239352 0.3751041522030914 0.38459943609324754 0.6239732049965233 0.5459032703903113 0.3751041522030914 0.6126275377421423 

oner-def
0.42110389567080275 0.5423420950810344 0.41594516540385146 0.4475628447492039 0.5725491245299393 0.3958122457988547 0.7071067811865475 0.4302771296554097 0.5303300858899106 0.4912515903282146 0.43536112164807744 0.38097035095201076 0.3743506488634663 0.4912515903282146 0.7071067811865475 0.5374930128690145 0.7071067811865475 0.5041179902531607 0.7071067811865475 0.38078865529319544 0.4890051974183671 0.5041179902531607 0.3401861896059508 0.5062885787769659 0.7071067811865475 

oner-def-smote
0.42110389567080275 0.5423420950810344 0.41594516540385146 0.4475628447492039 0.35355339059327373 0.3958122457988547 0.2593910889452864 0.291161615782696 0.5303300858899106 0.4912515903282146 0.43536112164807744 0.38097035095201076 0.3743506488634663 0.4912515903282146 0.2651650429449553 0.4575396819442366 0.33275613232308116 0.5041179902531607 0.4475628447492039 0.38078865529319544 0.3743506488634663 0.5041179902531607 0.3401861896059508 0.5062885787769659 0.22097086912079608 

oner-cfs
0.42110389567080275 0.7071067811865475 0.7071067811865475 0.7071067811865475 0.3751041522030914 0.46263638931949874 0.7071067811865475 0.4302771296554097 0.7071067811865475 0.7071067811865475 0.7071067811865475 0.7071067811865475 0.43932946705500797 0.7071067811865475 0.7071067811865475 0.5374930128690145 0.3275419622341868 0.7071067811865475 0.7071067811865475 0.7071067811865475 0.3958122457988547 0.7071067811865475 0.421912764233126 0.7071067811865475 0.34015162060469445 

oner-cfs-smote
0.42110389567080275 0.5453325070565619 0.2593910889452864 0.4912515903282146 0.5303300858899106 0.46263638931949874 0.3401861896059508 0.4302771296554097 0.5745242597140698 0.6187184335382291 0.503256574226154 0.5407287150250069 0.43932946705500797 0.5350233639758174 0.30052038200428266 0.5374930128690145 0.3743506488634663 0.5866006699798093 0.40398406527980774 0.44194173824159216 0.3958122457988547 0.5407287150250069 0.49913419848462176 0.5488624600025037 0.397747564417433 

oner-dtf
0.42110389567080275 0.5423420950810344 0.41594516540385146 0.7071067811865475 0.7071067811865475 0.46263638931949874 0.7071067811865475 0.4949747468305832 0.4912515903282146 0.7071067811865475 0.7071067811865475 0.4949747468305832 0.4691890965319828 0.7071067811865475 0.7071067811865475 0.708329092870135 0.3275419622341868 0.7071067811865475 0.7071067811865475 0.7071067811865475 0.7071067811865475 0.7071067811865475 0.5672125737377729 0.5062885787769659 0.565685424949238 

oner-dtf-smote
0.42110389567080275 0.5423420950810344 0.41594516540385146 0.5062885787769659 0.5303300858899106 0.3798297509535778 0.3401861896059508 0.4949747468305832 0.4912515903282146 0.6187184335382291 0.503256574226154 0.4788972338128852 0.4691890965319828 0.5350233639758174 0.2651650429449553 0.43368291599872505 0.4949747468305832 0.5589164009515154 0.4475628447492039 0.40398406527980774 0.41594516540385146 0.5866006699798093 0.5672125737377729 0.5062885787769659 0.4596194077712559 

oner-svmf
0.45939532823346585 0.5423420950810344 0.7071067811865475 0.4475628447492039 0.5725491245299393 0.3958122457988547 0.5672125737377729 0.4949747468305832 0.7071067811865475 0.7071067811865475 0.43536112164807744 0.5041179902531607 0.5672125737377729 0.7071067811865475 0.7071067811865475 0.708329092870135 0.7071067811865475 0.7071067811865475 0.7071067811865475 0.4949747468305832 0.7071067811865475 0.5423420950810344 0.5672125737377729 0.5062885787769659 0.565685424949238 

oner-svmf-smote
0.45939532823346585 0.5423420950810344 0.5866006699798093 0.4475628447492039 0.35355339059327373 0.3958122457988547 0.5672125737377729 0.377205165691327 0.5659615711335885 0.49021678877818936 0.43536112164807744 0.5866006699798093 0.5030013723866341 0.5350233639758174 0.2651650429449553 0.708329092870135 0.33275613232308116 0.5589164009515154 0.4475628447492039 0.3751041522030914 0.41594516540385146 0.5423420950810344 0.637753952403455 0.5062885787769659 0.565685424949238 

cart-def
0.45939532823346585 0.3510734896794535 0.377205165691327 0.4783598279538113 0.4169270020039479 0.3619218783434084 0.3749279054112342 0.3510734896794535 0.5304037377319281 0.30631376887107115 0.46263638931949874 0.410186049440628 0.25150068619331706 0.44194173824159216 0.36443449342783124 0.5145513345305759 0.21836130815612453 0.21836130815612453 0.4191695659276804 0.3952847075210474 0.3320033137618967 0.4788972338128852 0.410186049440628 0.5255949010407159 0.19385078024088528 

cart-def-smote
0.3153947045669117 0.377205165691327 0.3749279054112342 0.4783598279538113 0.41231056256176596 0.45939532823346585 0.39074500751724767 0.32814883955250246 0.5659615711335885 0.41231056256176596 0.5374930128690145 0.3510734896794535 0.297073383452152 0.4169270020039479 0.22980970388562794 0.43536112164807744 0.32814883955250246 0.3749279054112342 0.36443449342783124 0.3335416016031584 0.5209445509286654 0.43672261631224907 0.32814883955250246 0.5003124024047375 0.2263846284534354 

cart-cfs
0.4797509768021626 0.3632085010361314 0.4422340265697059 0.4783598279538113 0.4697905118241534 0.46695853466772674 0.32814883955250246 0.30914549043460976 0.5 0.5321683239352 0.28580874153075553 0.297073383452152 0.4059249764490851 0.5003124024047375 0.312374974989995 0.4957135604345361 0.4557210340763897 0.39074500751724767 0.22980970388562794 0.3335416016031584 0.17916433762300485 0.4580121030116893 0.3275419622341868 0.561526936130405 0.3335416016031584 

cart-cfs-smote
0.30626355215564394 0.22786051703819485 0.3632085010361314 0.37759518667483033 0.5003124024047375 0.46695853466772674 0.2461116296643768 0.43234293705912835 0.49021678877818936 0.5 0.32409240801073275 0.3946221529496487 0.3275419622341868 0.4169270020039479 0.19385078024088528 0.5093986397480152 0.4557210340763897 0.3275419622341868 0.38770156048177057 0.30631376887107115 0.3619218783434084 0.5543317932648473 0.377205165691327 0.62474994997999 0.34015162060469445 

cart-dtf
0.4957135604345361 0.377205165691327 0.30914549043460976 0.41231056256176596 0.3952847075210474 0.3307087807044865 0.2461116296643768 0.2461116296643768 0.38770156048177057 0.3589263503840307 0.3153947045669117 0.282842712474619 0.2695953651301408 0.44194173824159216 0.5725491245299393 0.3619218783434084 0.25150068619331706 0.377205165691327 0.3952847075210474 0.25015620120236876 0.45760217882773313 0.5030013723866341 0.5104614914526416 0.37759518667483033 0.1667708008015792 

cart-dtf-smote
0.4957135604345361 0.4059249764490851 0.21617146852956418 0.450780573006424 0.3589263503840307 0.2546993198740076 0.29482268437980397 0.2461116296643768 0.38770156048177057 0.2761340254296815 0.21768056082403872 0.3275419622341868 0.2695953651301408 0.4527692569068708 0.581014737334605 0.2546993198740076 0.3946221529496487 0.377205165691327 0.312374974989995 0.22980970388562794 0.3945639945603575 0.4691890965319828 0.5221892960408648 0.4783598279538113 0.19385078024088528 

cart-svmf
0.4381927951646646 0.2461116296643768 0.3632085010361314 0.38770156048177057 0.3751041522030914 0.32409240801073275 0.29482268437980397 0.2461116296643768 0.5 0.5420591526761632 0.19728199728017876 0.3602430936259435 0.3275419622341868 0.3395769426801531 0.4783598279538113 0.4200499868803311 0.4422340265697059 0.6205952048674709 0.30631376887107115 0.4969437845471054 0.3619218783434084 0.4580121030116893 0.4557210340763897 0.3952847075210474 0.37759518667483033 

cart-svmf-smote
0.45939532823346585 0.2461116296643768 0.4422340265697059 0.44194173824159216 0.40398406527980774 0.28580874153075553 0.2461116296643768 0.3749279054112342 0.4191695659276804 0.5028046340279692 0.08318903308077029 0.2868514197702731 0.32814883955250246 0.30052038200428266 0.4444976096673636 0.3945639945603575 0.297073383452152 0.5964282384315953 0.19385078024088528 0.43337339558399285 0.34478503357892765 0.410186049440628 0.30914549043460976 0.4697905118241534 0.3952847075210474 

nb-def
0.4890051974183671 0.5423420950810344 0.421912764233126 0.450780573006424 0.4880605751338659 0.349235120155202 0.2868514197702731 0.3615613967206896 0.5062885787769659 0.49021678877818936 0.4541520789161238 0.40017297298105764 0.38097035095201076 0.5062885787769659 0.3173375568696526 0.5558025448596199 0.297073383452152 0.6197582964517386 0.3395769426801531 0.38078865529319544 0.4205262727558824 0.4302771296554097 0.3602430936259435 0.552268050859363 0.2320088899158823 

nb-def-smote
0.38459943609324754 0.5423420950810344 0.421912764233126 0.450780573006424 0.4880605751338659 0.31828291208455567 0.4059249764490851 0.3946221529496487 0.5062885787769659 0.4640177798317646 0.4934006419011483 0.38097035095201076 0.38097035095201076 0.5062885787769659 0.27443123000125186 0.5558025448596199 0.297073383452152 0.5808507065095084 0.38770156048177057 0.3605551275463989 0.4541520789161238 0.4669158174905165 0.3401861896059508 0.552268050859363 0.34015162060469445 

nb-cfs
0.38459943609324754 0.5187821778905728 0.41594516540385146 0.5062885787769659 0.450780573006424 0.38459943609324754 0.29962490968741284 0.4788972338128852 0.5350233639758174 0.6187184335382291 0.503256574226154 0.4788972338128852 0.421912764233126 0.5062885787769659 0.27443123000125186 0.5350934785077407 0.3602430936259435 0.5992498193748257 0.3605551275463989 0.44194173824159216 0.5256578409448529 0.5041179902531607 0.4575396819442366 0.5 0.35355339059327373 

nb-cfs-smote
0.3567289856718271 0.5187821778905728 0.4575396819442366 0.5062885787769659 0.49021678877818936 0.38459943609324754 0.29962490968741284 0.4788972338128852 0.5303300858899106 0.6187184335382291 0.5154259148672296 0.5187821778905728 0.421912764233126 0.5062885787769659 0.27443123000125186 0.5350934785077407 0.3602430936259435 0.5992498193748257 0.3605551275463989 0.44194173824159216 0.5256578409448529 0.5041179902531607 0.4575396819442366 0.4527692569068708 0.35355339059327373 

nb-dtf
0.349235120155202 0.5896453687596079 0.43234293705912835 0.5304037377319281 0.6379287773725214 0.3153947045669117 0.637753952403455 0.4557210340763897 0.5674091336945503 0.4640177798317646 0.47525938830649933 0.410186049440628 0.5019167413275966 0.5350233639758174 0.565685424949238 0.5672483681786574 0.3615613967206896 0.7119834374653061 0.34015162060469445 0.43337339558399285 0.3958122457988547 0.43932946705500797 0.5896453687596079 0.7207309657562938 0.5674091336945503 

nb-dtf-smote
0.349235120155202 0.6562976791050049 0.1807806983603448 0.5062885787769659 0.6379287773725214 0.42110389567080275 0.6418102641941101 0.35355339059327373 0.4969437845471054 0.5488624600025037 0.503256574226154 0.43672261631224907 0.3632085010361314 0.5350233639758174 0.565685424949238 0.43536112164807744 0.3615613967206896 0.421912764233126 0.34015162060469445 0.4444976096673636 0.3958122457988547 0.5187821778905728 0.5896453687596079 0.7207309657562938 0.6010407640085653 

nb-svmf
0.596346603612862 0.5453325070565619 0.38097035095201076 0.565685424949238 0.3952847075210474 0.7134579713436542 0.5717695473046055 0.22786051703819485 0.5788593309259168 0.4527692569068708 0.5093986397480152 0.4327629108694753 0.4575396819442366 0.5062885787769659 0.4444976096673636 0.5145513345305759 0.297073383452152 0.4262981395763162 0.4949747468305832 0.4969437845471054 0.43368291599872505 0.4557210340763897 0.297073383452152 0.5250743994902055 0.5028046340279692 

nb-svmf-smote
0.6651361748880661 0.5453325070565619 0.43932946705500797 0.565685424949238 0.34015162060469445 0.7134579713436542 0.5717695473046055 0.22786051703819485 0.5788593309259168 0.5304037377319281 0.45847624067934584 0.4327629108694753 0.49913419848462176 0.5062885787769659 0.37759518667483033 0.5596480880353216 0.33275613232308116 0.4669158174905165 0.43337339558399285 0.5028046340279692 0.45847624067934584 0.4327629108694753 0.29962490968741284 0.5250743994902055 0.5247022965453839 

rf-def
0.46695853466772674 0.410186049440628 0.29482268437980397 0.25015620120236876 0.4783598279538113 0.45760217882773313 0.4262981395763162 0.29482268437980397 0.4697905118241534 0.25015620120236876 0.34478503357892765 0.42426406871192845 0.39074500751724767 0.4783598279538113 0.35355339059327373 0.40537792840085374 0.4262981395763162 0.1886025828456635 0.42426406871192845 0.37759518667483033 0.5800352123861803 0.39074500751724767 0.35599171873265306 0.5926634795564849 0.5255949010407159 

rf-def-smote
0.40537792840085374 0.3632085010361314 0.3632085010361314 0.3952847075210474 0.4527692569068708 0.4200499868803311 0.29482268437980397 0.39074500751724767 0.4880605751338659 0.1131923142267177 0.387930966003928 0.16407441977625123 0.4327629108694753 0.5003124024047375 0.25015620120236876 0.3884466359547076 0.30914549043460976 0.2695953651301408 0.21213203435596423 0.5028046340279692 0.5405039045344716 0.3275419622341868 0.4422340265697059 0.561526936130405 0.2761340254296815 

rf-cfs
0.5844922232387411 0.16407441977625123 0.4262981395763162 0.5420591526761632 0.4596194077712559 0.45760217882773313 0.29482268437980397 0.410186049440628 0.4169270020039479 0.561526936130405 0.4200499868803311 0.35599171873265306 0.4724961324240753 0.4783598279538113 0.282842712474619 0.4381927951646646 0.3632085010361314 0.32814883955250246 0.3335416016031584 0.312374974989995 0.5844922232387411 0.3749279054112342 0.5104614914526416 0.5674091336945503 0.4169270020039479 

rf-cfs-smote
0.5145513345305759 0.3510734896794535 0.32814883955250246 0.4169270020039479 0.44194173824159216 0.387930966003928 0.22786051703819485 0.30914549043460976 0.5003124024047375 0.4783598279538113 0.34478503357892765 0.410186049440628 0.39074500751724767 0.4783598279538113 0.15026019100214133 0.3619218783434084 0.5104614914526416 0.3510734896794535 0.22980970388562794 0.2761340254296815 0.3619218783434084 0.32814883955250246 0.5019167413275966 0.561526936130405 0.30631376887107115 

rf-dtf
0.5291821464991149 0.3510734896794535 0.32814883955250246 0.38770156048177057 0.5124237748192407 0.5291821464991149 0.3749279054112342 0.4724961324240753 0.4444976096673636 0.4596194077712559 0.22969766411673292 0.3632085010361314 0.2695953651301408 0.5250743994902055 0.6379287773725214 0.3619218783434084 0.32814883955250246 0.3510734896794535 0.37759518667483033 0.22980970388562794 0.5142594772265799 0.3236897998164142 0.5717695473046055 0.4783598279538113 0.43337339558399285 

rf-dtf-smote
0.5547210155321904 0.377205165691327 0.32814883955250246 0.41231056256176596 0.4783598279538113 0.387930966003928 0.30914549043460976 0.30914549043460976 0.4169270020039479 0.25015620120236876 0.2102631363779412 0.32814883955250246 0.2695953651301408 0.552268050859363 0.565685424949238 0.30626355215564394 0.3275419622341868 0.377205165691327 0.312374974989995 0.29633173977824245 0.32409240801073275 0.3615613967206896 0.5792848472522437 0.5124237748192407 0.22980970388562794 

rf-svmf
0.5547210155321904 0.4422340265697059 0.5019167413275966 0.3589263503840307 0.3335416016031584 0.45189538905503734 0.2461116296643768 0.5104614914526416 0.5003124024047375 0.581014737334605 0.3619218783434084 0.377205165691327 0.4557210340763897 0.3335416016031584 0.3335416016031584 0.46695853466772674 0.39074500751724767 0.7181411028472161 0.2761340254296815 0.6379287773725214 0.40537792840085374 0.39074500751724767 0.5221892960408648 0.4596194077712559 0.5674091336945503 

rf-svmf-smote
0.4957135604345361 0.3632085010361314 0.4557210340763897 0.2263846284534354 0.30052038200428266 0.46695853466772674 0.16407441977625123 0.4422340265697059 0.4527692569068708 0.5124237748192407 0.28580874153075553 0.3510734896794535 0.4059249764490851 0.3395769426801531 0.4169270020039479 0.5844922232387411 0.2695953651301408 0.6998393290643147 0.2320088899158823 0.6425048637948197 0.4200499868803311 0.39074500751724767 0.4949747468305832 0.4596194077712559 0.4444976096673636 

svm-def
0.7071067811865475 0.6363961030678927 0.7071067811865475 0.6379287773725214 0.7071067811865475 0.642824346533225 0.637753952403455 0.7071067811865475 0.7071067811865475 0.7071067811865475 0.642824346533225 0.7071067811865475 0.7071067811865475 0.6363961030678927 0.7071067811865475 0.7071067811865475 0.7071067811865475 0.6363961030678927 0.6363961030678927 0.7071067811865475 0.7071067811865475 0.7071067811865475 0.7071067811865475 0.7071067811865475 0.7084865030471647 

svm-def-smote
0.582323231565392 0.5041179902531607 0.3743506488634663 0.4861359120657514 0.5745242597140698 0.582323231565392 0.33275613232308116 0.41594516540385146 0.6227459353540575 0.44194173824159216 0.4575396819442366 0.582323231565392 0.49913419848462176 0.4861359120657514 0.35355339059327373 0.462033323428724 0.5407287150250069 0.6655122646461623 0.4861359120657514 0.35355339059327373 0.49913419848462176 0.582323231565392 0.4575396819442366 0.4912515903282146 0.35355339059327373 

svm-cfs
0.7071067811865475 0.6363961030678927 0.7071067811865475 0.6379287773725214 0.7071067811865475 0.642824346533225 0.637753952403455 0.7071067811865475 0.7071067811865475 0.7071067811865475 0.642824346533225 0.7071067811865475 0.7071067811865475 0.6363961030678927 0.7071067811865475 0.7071067811865475 0.7071067811865475 0.6363961030678927 0.6363961030678927 0.7071067811865475 0.7071067811865475 0.7071067811865475 0.7071067811865475 0.7071067811865475 0.7084865030471647 

svm-cfs-smote
0.6239177481057772 0.5041179902531607 0.41594516540385146 0.4861359120657514 0.5745242597140698 0.582323231565392 0.41594516540385146 0.41594516540385146 0.6227459353540575 0.44194173824159216 0.49913419848462176 0.582323231565392 0.5407287150250069 0.5303300858899106 0.35355339059327373 0.49913419848462176 0.5407287150250069 0.6655122646461623 0.4861359120657514 0.397747564417433 0.49913419848462176 0.582323231565392 0.4575396819442366 0.5350233639758174 0.35355339059327373 

svm-dtf
0.5785419118799026 0.3749279054112342 0.637753952403455 0.2761340254296815 0.5028046340279692 0.6441686458545589 0.565685424949238 0.30914549043460976 0.7071067811865475 0.7084865030471647 0.5918459918405364 0.35355339059327373 0.4327629108694753 0.6379287773725214 0.6363961030678927 0.5785419118799026 0.6363961030678927 0.410186049440628 0.4969437845471054 0.4265596382687888 0.7071067811865475 0.5717695473046055 0.5717695473046055 0.5028046340279692 0.4444976096673636 

svm-dtf-smote
0.47525938830649933 0.30914549043460976 0.2868514197702731 0.30631376887107115 0.3751041522030914 0.5858605443496941 0.33275613232308116 0.30914549043460976 0.6227459353540575 0.40398406527980774 0.41594516540385146 0.28588477365230275 0.377205165691327 0.5 0.312374974989995 0.42088313345606526 0.3401861896059508 0.3749279054112342 0.40398406527980774 0.4265596382687888 0.462033323428724 0.5041179902531607 0.5742604692168791 0.5028046340279692 0.312374974989995 

svm-svmf
0.642824346533225 0.3632085010361314 0.4422340265697059 0.3589263503840307 0.37759518667483033 0.387930966003928 0.5019167413275966 0.3749279054112342 0.5028046340279692 0.6379287773725214 0.5844922232387411 0.42426406871192845 0.5221892960408648 0.4969437845471054 0.43337339558399285 0.5918459918405364 0.49671934108330057 0.4327629108694753 0.5028046340279692 0.5674091336945503 0.5785419118799026 0.35599171873265306 0.5104614914526416 0.581014737334605 0.6379287773725214 

svm-svmf-smote
0.5785419118799026 0.3632085010361314 0.39074500751724767 0.30631376887107115 0.37759518667483033 0.3945639945603575 0.3632085010361314 0.30914549043460976 0.43337339558399285 0.40398406527980774 0.3743506488634663 0.3632085010361314 0.4557210340763897 0.4444976096673636 0.29633173977824245 0.4200499868803311 0.43234293705912835 0.4580121030116893 0.37759518667483033 0.35630482034348054 0.45760217882773313 0.3632085010361314 0.5104614914526416 0.5926634795564849 0.6379287773725214 

