rand-def
0.0 0.0 0.0 0.0 0.0 0.0 0.0 0.0 0.0 0.0 0.0 0.0 0.0 0.0 0.0 0.0 0.0 0.0 0.0 0.0 0.0 0.0 0.0 0.0 0.0 

rand-def-smote
0.0 0.0 0.0 0.0 0.0 0.0 0.0 0.0 0.0 0.0 0.0 0.0 0.0 0.0 0.0 0.0 0.0 0.0 0.0 0.0 0.0 0.0 0.0 0.0 0.0 

oner-def
0.19999999999999993 -0.15384615384615383 0.3333333333333334 0.08333333333333327 0.0 0.0 0.411764705882353 0.07692307692307702 0.14285714285714277 0.24999999999999992 0.07692307692307689 0.3333333333333334 0.30769230769230765 -0.20000000000000018 0.0 0.0 0.23076923076923087 0.2352941176470588 0.28571428571428575 0.0 -0.2727272727272726 0.2352941176470588 0.39999999999999997 -0.3000000000000001 0.375 

oner-def-smote
0.19999999999999993 -0.15384615384615383 0.3333333333333334 0.08333333333333327 0.19999999999999987 0.0 0.588235294117647 0.4615384615384615 0.14285714285714277 0.24999999999999992 0.07692307692307689 0.3333333333333334 0.30769230769230765 -0.20000000000000018 0.4000000000000001 0.26666666666666655 0.3846153846153847 0.2352941176470588 0.21428571428571416 0.0 0.181818181818182 0.2352941176470588 0.39999999999999997 -0.3000000000000001 0.6875 

oner-cfs
0.19999999999999993 0.23076923076923087 0.3333333333333334 0.1666666666666668 0.0 -0.1818181818181817 0.411764705882353 0.07692307692307702 0.28571428571428575 0.375 0.15384615384615377 0.3333333333333334 0.07692307692307702 0.0 0.0 0.0 0.30769230769230765 0.411764705882353 0.28571428571428575 0.0 0.0 0.411764705882353 0.26666666666666666 0.0 0.43749999999999994 

oner-cfs-smote
0.19999999999999993 -0.07692307692307691 0.5333333333333333 0.0 -0.20000000000000018 -0.1818181818181817 0.4705882352941176 0.07692307692307702 0.07142857142857138 0.125 0.0 0.13333333333333333 0.07692307692307702 -0.3000000000000001 0.19999999999999987 0.0 0.30769230769230765 0.1176470588235294 0.28571428571428575 0.0 0.0 0.2352941176470588 0.20000000000000007 -0.4000000000000001 0.43749999999999994 

oner-dtf
0.19999999999999993 -0.15384615384615383 0.3333333333333334 0.1666666666666668 0.0 -0.1818181818181817 0.411764705882353 0.4615384615384615 0.14285714285714277 0.375 0.15384615384615377 0.5333333333333333 0.0 0.0 0.0 0.19999999999999993 0.30769230769230765 0.411764705882353 0.28571428571428575 0.0 0.0 0.411764705882353 0.39999999999999997 -0.3000000000000001 0.4999999999999999 

oner-dtf-smote
0.19999999999999993 -0.15384615384615383 0.3333333333333334 -0.08333333333333327 -0.20000000000000018 0.09090909090909113 0.4705882352941176 0.4615384615384615 0.14285714285714277 0.125 0.0 0.13333333333333333 0.0 -0.3000000000000001 0.4000000000000001 0.19999999999999993 0.4615384615384615 0.1176470588235294 0.21428571428571416 0.0 0.09090909090909113 0.1176470588235294 0.39999999999999997 -0.3000000000000001 0.375 

oner-svmf
0.19999999999999993 -0.15384615384615383 0.3333333333333334 0.08333333333333327 0.0 0.0 0.4705882352941176 0.4615384615384615 0.28571428571428575 0.375 0.07692307692307689 0.13333333333333333 0.30769230769230765 0.0 0.0 0.19999999999999993 0.23076923076923087 0.411764705882353 0.28571428571428575 0.2999999999999998 0.0 0.1176470588235294 0.39999999999999997 -0.3000000000000001 0.4999999999999999 

oner-svmf-smote
0.19999999999999993 -0.15384615384615383 0.0 0.08333333333333327 0.19999999999999987 0.0 0.4705882352941176 0.23076923076923087 -0.0714285714285715 0.18749999999999994 0.07692307692307689 0.0 -0.07692307692307691 -0.3000000000000001 0.4000000000000001 0.19999999999999993 0.3846153846153847 0.1176470588235294 0.21428571428571416 0.0 0.09090909090909113 0.1176470588235294 0.3333333333333334 -0.3000000000000001 0.4999999999999999 

cart-def
0.19999999999999993 0.30769230769230765 0.3333333333333334 0.08333333333333327 0.0 0.181818181818182 0.5294117647058824 0.30769230769230765 0.0 0.4999999999999999 0.0 0.3333333333333334 0.4615384615384615 -0.10000000000000023 0.2999999999999998 0.13333333333333328 0.5384615384615385 0.6470588235294118 0.21428571428571416 0.09999999999999994 0.3636363636363637 0.2352941176470588 0.3333333333333334 -0.10000000000000023 0.6875 

cart-def-smote
0.4 0.23076923076923087 0.46666666666666673 0.08333333333333327 -0.10000000000000023 -0.09090909090909086 0.4705882352941176 0.3846153846153847 -0.0714285714285715 0.3124999999999999 -0.15384615384615377 0.39999999999999997 0.3846153846153847 0.0 0.5 0.19999999999999993 0.3846153846153847 0.5294117647058824 0.4999999999999999 0.19999999999999987 0.09090909090909113 0.2941176470588236 0.46666666666666673 -0.20000000000000018 0.625 

cart-cfs
0.26666666666666655 0.4615384615384615 0.39999999999999997 0.08333333333333327 -0.20000000000000018 0.09090909090909113 0.5294117647058824 0.4615384615384615 0.07142857142857138 0.125 0.46153846153846156 0.46666666666666673 0.15384615384615383 -0.20000000000000018 0.2999999999999998 0.19999999999999993 0.23076923076923087 0.4705882352941176 0.6428571428571429 0.19999999999999987 0.5454545454545454 0.2941176470588236 0.39999999999999997 -0.3000000000000001 0.4999999999999999 

cart-cfs-smote
0.4666666666666667 0.6153846153846153 0.5333333333333333 0.3333333333333333 -0.20000000000000018 0.09090909090909113 0.6470588235294118 0.3846153846153847 0.07142857142857138 0.18749999999999994 0.5384615384615384 0.26666666666666666 0.30769230769230765 0.0 0.5 0.06666666666666664 0.23076923076923087 0.4705882352941176 0.28571428571428575 0.19999999999999987 0.181818181818182 0.2352941176470588 0.3333333333333334 -0.4000000000000001 0.43749999999999994 

cart-dtf
0.19999999999999993 0.23076923076923087 0.5333333333333333 0.08333333333333327 0.09999999999999994 0.181818181818182 0.6470588235294118 0.5384615384615385 0.28571428571428575 0.43749999999999994 0.30769230769230776 0.7333333333333334 0.4615384615384615 -0.10000000000000023 0.0 0.4 0.4615384615384615 0.411764705882353 0.35714285714285715 0.4000000000000001 0.181818181818182 0.1764705882352941 0.3333333333333334 0.19999999999999987 0.7499999999999999 

cart-dtf-smote
0.19999999999999993 0.15384615384615383 0.7333333333333334 0.0 0.09999999999999994 0.3636363636363637 0.6470588235294118 0.5384615384615385 0.28571428571428575 0.5624999999999999 0.5384615384615384 0.39999999999999997 0.4615384615384615 -0.20000000000000018 -0.10000000000000023 0.5333333333333333 0.15384615384615383 0.411764705882353 0.4999999999999999 0.5 0.2727272727272729 0.2352941176470588 0.26666666666666666 -0.10000000000000023 0.6875 

cart-svmf
0.26666666666666655 0.5384615384615385 0.5333333333333333 0.1666666666666668 0.0 0.4545454545454546 0.6470588235294118 0.5384615384615385 0.07142857142857138 0.24999999999999992 0.6923076923076922 0.3333333333333334 0.30769230769230765 0.09999999999999994 -0.10000000000000023 0.3333333333333334 0.30769230769230765 0.0588235294117647 0.4285714285714285 0.19999999999999987 0.181818181818182 0.2941176470588236 0.3333333333333334 0.09999999999999994 0.4999999999999999 

cart-svmf-smote
0.19999999999999993 0.5384615384615385 0.39999999999999997 0.08333333333333327 0.0 0.3636363636363637 0.6470588235294118 0.3846153846153847 0.21428571428571416 0.43749999999999994 0.8461538461538463 0.46666666666666673 0.3846153846153847 0.19999999999999987 0.09999999999999994 0.4666666666666667 0.3846153846153847 0.1176470588235294 0.6428571428571429 0.19999999999999987 0.2727272727272729 0.411764705882353 0.5333333333333333 -0.20000000000000018 0.43749999999999994 

nb-def
0.06666666666666664 -0.15384615384615383 0.26666666666666666 0.0 -0.3000000000000001 0.09090909090909113 0.5294117647058824 0.23076923076923087 0.07142857142857138 0.18749999999999994 0.0 0.26666666666666666 0.23076923076923087 -0.3000000000000001 0.19999999999999987 0.0 0.3846153846153847 0.0 0.35714285714285715 0.0 -0.09090909090909086 0.2941176470588236 0.3333333333333334 -0.4000000000000001 0.625 

nb-def-smote
0.26666666666666655 -0.15384615384615383 0.26666666666666666 0.0 -0.3000000000000001 0.181818181818182 0.3529411764705882 0.15384615384615383 0.07142857142857138 0.24999999999999992 -0.07692307692307689 0.3333333333333334 0.23076923076923087 -0.3000000000000001 0.2999999999999998 0.0 0.3846153846153847 0.0588235294117647 0.28571428571428575 0.09999999999999994 -0.1818181818181817 0.2352941176470588 0.39999999999999997 -0.4000000000000001 0.43749999999999994 

nb-cfs
0.26666666666666655 -0.07692307692307691 0.3333333333333334 -0.08333333333333327 -0.20000000000000018 0.0 0.5294117647058824 0.0 0.07142857142857138 0.125 0.0 0.13333333333333333 0.15384615384615383 -0.3000000000000001 0.2999999999999998 0.0 0.23076923076923087 0.0588235294117647 0.35714285714285715 0.0 -0.3636363636363634 0.2352941176470588 0.26666666666666666 -0.3000000000000001 0.4999999999999999 

nb-cfs-smote
0.3333333333333334 -0.07692307692307691 0.26666666666666666 -0.08333333333333327 -0.3000000000000001 0.0 0.5294117647058824 0.0 0.14285714285714277 0.125 -0.07692307692307689 0.06666666666666667 0.15384615384615383 -0.3000000000000001 0.2999999999999998 0.0 0.23076923076923087 0.0588235294117647 0.35714285714285715 0.0 -0.3636363636363634 0.2352941176470588 0.26666666666666666 -0.20000000000000018 0.4999999999999999 

nb-dtf
0.3333333333333334 0.07692307692307702 0.46666666666666673 -0.16666666666666655 0.0 0.181818181818182 0.411764705882353 0.23076923076923087 0.35714285714285715 0.24999999999999992 0.0 0.3333333333333334 0.30769230769230765 -0.3000000000000001 0.19999999999999987 -0.06666666666666675 0.23076923076923087 0.2941176470588236 0.35714285714285715 0.19999999999999987 0.0 0.2941176470588236 0.20000000000000007 -0.9000000000000002 0.43749999999999994 

nb-dtf-smote
0.3333333333333334 -0.23076923076923075 0.6666666666666666 -0.08333333333333327 0.0 -0.09090909090909086 0.3529411764705882 0.6153846153846153 0.4285714285714285 0.125 0.0 0.20000000000000007 0.4615384615384615 -0.3000000000000001 0.19999999999999987 0.19999999999999993 0.23076923076923087 0.3529411764705882 0.35714285714285715 0.09999999999999994 0.0 0.1764705882352941 0.20000000000000007 -0.9000000000000002 0.0 

nb-svmf
-0.06666666666666675 -0.07692307692307691 0.3333333333333334 0.3333333333333333 0.09999999999999994 -0.818181818181818 0.411764705882353 0.6153846153846153 0.0 0.24999999999999992 -0.07692307692307689 0.26666666666666666 0.15384615384615383 -0.3000000000000001 0.09999999999999994 0.13333333333333328 0.3846153846153847 0.588235294117647 0.4999999999999999 0.19999999999999987 -0.09090909090909086 0.411764705882353 0.46666666666666673 -0.3000000000000001 0.43749999999999994 

nb-svmf-smote
-0.26666666666666666 -0.07692307692307691 0.20000000000000007 0.3333333333333333 0.09999999999999994 -0.818181818181818 0.411764705882353 0.6153846153846153 0.0 0.125 0.0 0.26666666666666666 0.07692307692307702 -0.3000000000000001 0.19999999999999987 0.0 0.3846153846153847 0.2352941176470588 0.4285714285714285 0.09999999999999994 -0.1818181818181817 0.3529411764705882 0.46666666666666673 -0.3000000000000001 0.125 

rf-def
0.3333333333333334 0.23076923076923087 0.6000000000000001 0.5000000000000001 -0.10000000000000023 0.181818181818182 0.588235294117647 0.5384615384615385 0.14285714285714277 0.625 0.3846153846153847 0.6000000000000001 0.30769230769230765 -0.10000000000000023 0.5 0.4 0.4615384615384615 0.7058823529411764 0.5714285714285715 0.19999999999999987 0.09090909090909113 0.4705882352941176 0.6000000000000001 -0.20000000000000018 0.3124999999999999 

rf-def-smote
0.4 0.4615384615384615 0.5333333333333333 0.25000000000000006 -0.20000000000000018 0.09090909090909113 0.6470588235294118 0.30769230769230765 0.07142857142857138 0.8124999999999999 0.46153846153846156 0.7333333333333334 0.15384615384615383 -0.20000000000000018 0.4000000000000001 0.26666666666666655 0.4615384615384615 0.588235294117647 0.7857142857142856 0.09999999999999994 -0.09090909090909086 0.4705882352941176 0.39999999999999997 -0.3000000000000001 0.5624999999999999 

rf-cfs
0.26666666666666655 0.6923076923076923 0.5333333333333333 0.0 0.0 0.181818181818182 0.6470588235294118 0.23076923076923087 0.28571428571428575 0.18749999999999994 0.2307692307692309 0.6000000000000001 0.15384615384615383 -0.10000000000000023 0.6 0.26666666666666655 0.4615384615384615 0.5294117647058824 0.4285714285714285 0.2999999999999998 0.0 0.5294117647058824 0.3333333333333334 0.09999999999999994 0.375 

rf-cfs-smote
0.13333333333333328 0.30769230769230765 0.46666666666666673 0.1666666666666668 -0.10000000000000023 0.3636363636363637 0.7058823529411764 0.4615384615384615 0.14285714285714277 0.3124999999999999 0.3846153846153847 0.3333333333333334 0.30769230769230765 -0.10000000000000023 0.6 0.4 0.23076923076923087 0.4705882352941176 0.6428571428571429 0.2999999999999998 0.181818181818182 0.5294117647058824 0.39999999999999997 -0.3000000000000001 0.4999999999999999 

rf-dtf
0.26666666666666655 0.30769230769230765 0.46666666666666673 0.1666666666666668 0.0 0.0 0.5294117647058824 0.15384615384615383 0.35714285714285715 0.375 0.5384615384615384 0.5333333333333333 0.4615384615384615 -0.3000000000000001 0.0 0.4 0.3846153846153847 0.4705882352941176 0.4285714285714285 0.5 0.2727272727272729 0.4705882352941176 0.3333333333333334 -0.10000000000000023 0.4999999999999999 

rf-dtf-smote
0.13333333333333328 0.23076923076923087 0.46666666666666673 0.08333333333333327 -0.10000000000000023 0.3636363636363637 0.588235294117647 0.4615384615384615 0.28571428571428575 0.625 0.5384615384615384 0.46666666666666673 0.4615384615384615 -0.4000000000000001 0.19999999999999987 0.4666666666666667 0.30769230769230765 0.411764705882353 0.4999999999999999 0.4000000000000001 0.4545454545454546 0.411764705882353 0.26666666666666666 0.0 0.6875 

rf-svmf
0.13333333333333328 0.30769230769230765 0.39999999999999997 0.25000000000000006 0.19999999999999987 0.2727272727272729 0.6470588235294118 0.23076923076923087 0.14285714285714277 0.3124999999999999 0.30769230769230776 0.3333333333333334 0.23076923076923087 0.19999999999999987 0.19999999999999987 0.3333333333333334 0.30769230769230765 0.0 0.4999999999999999 0.0 0.181818181818182 0.4705882352941176 0.26666666666666666 0.0 0.43749999999999994 

rf-svmf-smote
0.19999999999999993 0.4615384615384615 0.3333333333333334 0.5000000000000001 0.19999999999999987 0.09090909090909113 0.7647058823529412 0.30769230769230765 0.14285714285714277 0.375 0.46153846153846156 0.39999999999999997 0.15384615384615383 0.09999999999999994 0.0 0.26666666666666655 0.4615384615384615 0.0588235294117647 0.5714285714285715 -0.10000000000000023 0.09090909090909113 0.4705882352941176 0.5333333333333333 0.0 0.43749999999999994 

svm-def
0.26666666666666655 0.30769230769230765 0.3333333333333334 0.1666666666666668 0.0 0.09090909090909113 0.411764705882353 0.23076923076923087 0.28571428571428575 0.375 0.2307692307692309 0.3333333333333334 0.23076923076923087 0.09999999999999994 0.0 0.26666666666666655 0.23076923076923087 0.4705882352941176 0.35714285714285715 0.0 0.0 0.411764705882353 0.3333333333333334 0.0 0.3124999999999999 

svm-def-smote
0.06666666666666664 0.0 0.39999999999999997 0.08333333333333327 -0.3000000000000001 -0.2727272727272726 0.5294117647058824 0.23076923076923087 -0.0714285714285715 0.375 0.15384615384615377 0.06666666666666667 0.07692307692307702 -0.10000000000000023 0.19999999999999987 0.19999999999999993 0.0 0.0588235294117647 0.21428571428571416 0.19999999999999987 -0.09090909090909086 0.1764705882352941 0.26666666666666666 -0.20000000000000018 0.4999999999999999 

svm-cfs
0.26666666666666655 0.30769230769230765 0.3333333333333334 0.1666666666666668 0.0 0.09090909090909113 0.411764705882353 0.23076923076923087 0.28571428571428575 0.375 0.2307692307692309 0.3333333333333334 0.23076923076923087 0.09999999999999994 0.0 0.26666666666666655 0.23076923076923087 0.4705882352941176 0.35714285714285715 0.0 0.0 0.411764705882353 0.3333333333333334 0.0 0.3124999999999999 

svm-cfs-smote
0.0 0.0 0.3333333333333334 0.08333333333333327 -0.3000000000000001 -0.2727272727272726 0.411764705882353 0.23076923076923087 -0.0714285714285715 0.375 0.07692307692307689 0.06666666666666667 0.0 -0.20000000000000018 0.19999999999999987 0.19999999999999993 0.0 0.0588235294117647 0.21428571428571416 0.09999999999999994 -0.09090909090909086 0.1764705882352941 0.26666666666666666 -0.3000000000000001 0.4999999999999999 

svm-dtf
0.4 0.3846153846153847 0.3333333333333334 0.41666666666666663 0.09999999999999994 0.0 0.5294117647058824 0.4615384615384615 0.28571428571428575 0.3124999999999999 0.07692307692307689 0.6666666666666666 0.15384615384615383 0.0 0.09999999999999994 0.4 0.30769230769230765 0.411764705882353 0.4285714285714285 0.2999999999999998 0.0 0.411764705882353 0.3333333333333334 0.09999999999999994 0.43749999999999994 

svm-dtf-smote
0.13333333333333328 0.4615384615384615 0.46666666666666673 0.3333333333333333 0.0 -0.3636363636363634 0.5294117647058824 0.4615384615384615 -0.0714285714285715 0.375 0.2307692307692309 0.6666666666666666 0.23076923076923087 -0.3000000000000001 0.2999999999999998 0.26666666666666655 0.30769230769230765 0.5294117647058824 0.28571428571428575 0.2999999999999998 -0.09090909090909086 0.2352941176470588 0.06666666666666667 0.09999999999999994 0.5624999999999999 

svm-svmf
0.3333333333333334 0.4615384615384615 0.39999999999999997 0.25000000000000006 0.19999999999999987 0.3636363636363637 0.4705882352941176 0.3846153846153847 0.35714285714285715 0.375 0.15384615384615377 0.6000000000000001 0.15384615384615383 0.19999999999999987 0.19999999999999987 0.19999999999999993 0.3846153846153847 0.3529411764705882 0.35714285714285715 0.09999999999999994 0.181818181818182 0.6470588235294118 0.3333333333333334 -0.10000000000000023 0.375 

svm-svmf-smote
0.4 0.4615384615384615 0.39999999999999997 0.3333333333333333 0.19999999999999987 0.2727272727272729 0.588235294117647 0.4615384615384615 0.4285714285714285 0.375 0.30769230769230776 0.5333333333333333 0.23076923076923087 0.09999999999999994 0.4000000000000001 0.3333333333333334 0.3846153846153847 0.2941176470588236 0.4285714285714285 0.4000000000000001 0.181818181818182 0.588235294117647 0.3333333333333334 -0.20000000000000018 0.375 

