rand-def
0.358974358974359 0.3076923076923077 0.2777777777777778 0.3333333333333333 0.2777777777777778 0.3076923076923077 0.358974358974359 0.2222222222222222 0.05555555555555555 0.16666666666666666 0.3076923076923077 0.3076923076923077 0.3888888888888889 0.2222222222222222 0.3888888888888889 0.2564102564102564 0.3076923076923077 0.2777777777777778 0.2222222222222222 0.3333333333333333 0.358974358974359 0.2564102564102564 0.2777777777777778 0.2777777777777778 0.3888888888888889

oner-def
0.27586206896551724 0.17142857142857143 0.23529411764705882 0.21428571428571427 0.2857142857142857 0.3783783783783784 0.0 0.3076923076923077 0.15384615384615385 0.14285714285714285 0.10526315789473684 0.2608695652173913 0.2727272727272727 0.3684210526315789 0.2631578947368421 0.3684210526315789 0.4 0.2857142857142857 0.12903225806451613 0.11764705882352941 0.23255813953488372 0.2857142857142857 0.0 0.36363636363636365 0.38095238095238093

cart-def
0.09523809523809523 0.0 0.0 0.0 0.0 0.0 0.0 0.0 0.0 0.0 0.0 0.0 0.09523809523809523 0.2857142857142857 0.0 0.0 0.09090909090909091 0.0 0.0 0.0 0.09090909090909091 0.0 0.08695652173913043 0.0 0.0

cart-def-clust
0.0 0.0 0.0 0.1111111111111111 0.0 0.0 0.0 0.0 0.0 0.10526315789473684 0.0 0.0 0.09523809523809523 0.19047619047619047 0.09523809523809523 0.0 0.09523809523809523 0.0 0.0 0.0 0.18181818181818182 0.0 0.08695652173913043 0.0 0.0

cart-cfs
0.09090909090909091 0.0 0.0 0.10526315789473684 0.17391304347826086 0.0 0.0 0.0 0.0 0.10526315789473684 0.0 0.10526315789473684 0.08333333333333333 0.3 0.0 0.0 0.09523809523809523 0.0 0.0 0.0 0.09090909090909091 0.0 0.0 0.0 0.0

cart-cfs-clust
0.17391304347826086 0.0 0.0 0.0 0.16 0.0 0.0 0.0 0.0 0.10526315789473684 0.0 0.0 0.0 0.11764705882352941 0.09523809523809523 0.0 0.0 0.10526315789473684 0.0 0.0 0.16666666666666666 0.0 0.0 0.0 0.0

cart-dtf
0.19047619047619047 0.3 0.23076923076923078 0.41379310344827586 0.2222222222222222 0.2857142857142857 0.2857142857142857 0.26666666666666666 0.23076923076923078 0.125 0.1111111111111111 0.34782608695652173 0.16 0.3333333333333333 0.2857142857142857 0.07692307692307693 0.29411764705882354 0.21621621621621623 0.24 0.08 0.17391304347826086 0.10526315789473684 0.0 0.45454545454545453 0.08695652173913043

cart-dtf-clust
0.19047619047619047 0.3 0.23076923076923078 0.41379310344827586 0.2222222222222222 0.2857142857142857 0.2857142857142857 0.26666666666666666 0.23076923076923078 0.125 0.1111111111111111 0.34782608695652173 0.08695652173913043 0.3333333333333333 0.2857142857142857 0.07692307692307693 0.29411764705882354 0.21621621621621623 0.24 0.08 0.17391304347826086 0.10526315789473684 0.0 0.45454545454545453 0.08695652173913043

cart-svmf
0.25 0.0 0.0 0.0 0.0 0.0 0.0 0.0 0.0 0.11764705882352941 0.0 0.09523809523809523 0.0 0.32 0.09523809523809523 0.0 0.16666666666666666 0.09523809523809523 0.0 0.0 0.16666666666666666 0.0 0.08695652173913043 0.0 0.1

cart-svmf-clust
0.09090909090909091 0.0 0.0 0.0 0.08695652173913043 0.1111111111111111 0.0 0.0 0.0 0.11764705882352941 0.0 0.17391304347826086 0.0 0.1111111111111111 0.0 0.0 0.09090909090909091 0.10526315789473684 0.0 0.0 0.16666666666666666 0.0 0.07692307692307693 0.0 0.0

nb-def
0.2 0.19047619047619047 0.10526315789473684 0.2608695652173913 0.14285714285714285 0.25 0.19047619047619047 0.4166666666666667 0.25 0.25 0.11764705882352941 0.2222222222222222 0.26666666666666666 0.3333333333333333 0.2857142857142857 0.18181818181818182 0.19047619047619047 0.2608695652173913 0.23529411764705882 0.25 0.43478260869565216 0.11764705882352941 0.1 0.3157894736842105 0.2727272727272727

nb-def-clust
0.1 0.0 0.10526315789473684 0.08695652173913043 0.09090909090909091 0.2 0.08 0.09090909090909091 0.09523809523809523 0.08695652173913043 0.12903225806451613 0.0 0.09090909090909091 0.24 0.24 0.1935483870967742 0.07142857142857142 0.08695652173913043 0.3157894736842105 0.0 0.2727272727272727 0.14814814814814814 0.09090909090909091 0.09523809523809523 0.14814814814814814

nb-cfs
0.3181818181818182 0.33962264150943394 0.2553191489361702 0.0 0.1111111111111111 0.3673469387755102 0.3 0.3 0.25 0.0 0.4 0.21428571428571427 0.0 0.3333333333333333 0.3157894736842105 0.2857142857142857 0.2857142857142857 0.25 0.08 0.2 0.11764705882352941 0.32653061224489793 0.21428571428571427 0.30434782608695654 0.16666666666666666

nb-cfs-clust
0.2978723404255319 0.25 0.20512820512820512 0.2 0.0 0.25 0.14285714285714285 0.27586206896551724 0.17142857142857143 0.2 0.3333333333333333 0.29411764705882354 0.08333333333333333 0.2777777777777778 0.30303030303030304 0.13333333333333333 0.25806451612903225 0.10526315789473684 0.11764705882352941 0.2631578947368421 0.36363636363636365 0.2857142857142857 0.29411764705882354 0.3225806451612903 0.16

nb-dtf
0.34146341463414637 0.26666666666666666 0.42105263157894735 0.35 0.0 0.41025641025641024 0.27586206896551724 0.3333333333333333 0.3076923076923077 0.33962264150943394 0.30303030303030304 0.4 0.35294117647058826 0.38095238095238093 0.36363636363636365 0.23529411764705882 0.2702702702702703 0.2962962962962963 0.24242424242424243 0.3333333333333333 0.23076923076923078 0.35714285714285715 0.2962962962962963 0.42424242424242425 0.32432432432432434

nb-dtf-clust
0.21621621621621623 0.21621621621621623 0.17142857142857143 0.3333333333333333 0.0 0.24390243902439024 0.17142857142857143 0.2857142857142857 0.2857142857142857 0.3137254901960784 0.21621621621621623 0.26666666666666666 0.13333333333333333 0.23529411764705882 0.32432432432432434 0.2777777777777778 0.14814814814814814 0.3076923076923077 0.35294117647058826 0.35294117647058826 0.23529411764705882 0.2692307692307692 0.27450980392156865 0.3225806451612903 0.38461538461538464

nb-svmf
0.4 0.3 0.24 0.27450980392156865 0.16666666666666666 0.35 0.2916666666666667 0.25 0.0 0.3870967741935484 0.2909090909090909 0.2777777777777778 0.14285714285714285 0.32432432432432434 0.36363636363636365 0.24489795918367346 0.24242424242424243 0.3157894736842105 0.2926829268292683 0.2 0.24489795918367346 0.41379310344827586 0.0 0.35 0.16666666666666666

nb-svmf-clust
0.2222222222222222 0.2222222222222222 0.17647058823529413 0.23255813953488372 0.21428571428571427 0.2631578947368421 0.23809523809523808 0.15384615384615385 0.21428571428571427 0.1951219512195122 0.2631578947368421 0.18181818181818182 0.06451612903225806 0.12903225806451613 0.25 0.0 0.2702702702702703 0.2857142857142857 0.2857142857142857 0.11428571428571428 0.358974358974359 0.14285714285714285 0.20689655172413793 0.16666666666666666 0.13333333333333333

rf-def
0.24 0.1 0.0 0.0 0.0 0.0 0.0 0.0 0.0 0.10526315789473684 0.0 0.10526315789473684 0.0 0.2857142857142857 0.09090909090909091 0.0 0.09090909090909091 0.0 0.0 0.0 0.1 0.10526315789473684 0.0 0.0 0.08695652173913043

rf-def-clust
0.09523809523809523 0.0 0.0 0.0 0.0 0.0 0.0 0.0 0.0 0.19047619047619047 0.0 0.10526315789473684 0.10526315789473684 0.3333333333333333 0.0 0.0 0.08695652173913043 0.0 0.0 0.0 0.09090909090909091 0.0 0.09523809523809523 0.11764705882352941 0.0

rf-cfs
0.18181818181818182 0.09090909090909091 0.0 0.10526315789473684 0.17391304347826086 0.0 0.0 0.0 0.0 0.19047619047619047 0.0 0.19047619047619047 0.10526315789473684 0.36363636363636365 0.0 0.0 0.09523809523809523 0.09523809523809523 0.0 0.0 0.21428571428571427 0.0 0.0 0.0 0.08

rf-cfs-clust
0.2962962962962963 0.09090909090909091 0.0 0.19047619047619047 0.17391304347826086 0.0 0.0 0.0 0.0 0.17391304347826086 0.0 0.0 0.19047619047619047 0.36363636363636365 0.09090909090909091 0.0 0.08695652173913043 0.0 0.0 0.0 0.23076923076923078 0.0 0.0 0.1111111111111111 0.07692307692307693

rf-dtf
0.19047619047619047 0.3 0.23076923076923078 0.41379310344827586 0.21621621621621623 0.3448275862068966 0.2857142857142857 0.15384615384615385 0.23076923076923078 0.11764705882352941 0.1111111111111111 0.34782608695652173 0.08695652173913043 0.36363636363636365 0.2857142857142857 0.21428571428571427 0.29411764705882354 0.21052631578947367 0.26666666666666666 0.08 0.17391304347826086 0.10526315789473684 0.0 0.45454545454545453 0.15384615384615385

rf-dtf-clust
0.3333333333333333 0.3 0.23076923076923078 0.36363636363636365 0.21621621621621623 0.2857142857142857 0.2857142857142857 0.26666666666666666 0.23076923076923078 0.11764705882352941 0.09090909090909091 0.34782608695652173 0.08695652173913043 0.3333333333333333 0.2857142857142857 0.21621621621621623 0.29411764705882354 0.21052631578947367 0.24 0.08 0.24 0.10526315789473684 0.0 0.4 0.27586206896551724

rf-svmf
0.1 0.0 0.0 0.0 0.0 0.0 0.08333333333333333 0.0 0.0 0.1111111111111111 0.0 0.10526315789473684 0.0 0.36363636363636365 0.0 0.0 0.17391304347826086 0.09523809523809523 0.0 0.0 0.09090909090909091 0.0 0.08695652173913043 0.0 0.0

rf-svmf-clust
0.1 0.0 0.0 0.0 0.0 0.0 0.0 0.0 0.0 0.11764705882352941 0.0 0.10526315789473684 0.0 0.36363636363636365 0.09523809523809523 0.0 0.17391304347826086 0.11764705882352941 0.0 0.0 0.16666666666666666 0.0 0.08695652173913043 0.0 0.0

svm-def
0.37037037037037035 0.16 0.21052631578947367 0.38461538461538464 0.0 0.16666666666666666 0.23076923076923078 0.2 0.2727272727272727 0.2 0.2222222222222222 0.10526315789473684 0.18181818181818182 0.5217391304347826 0.2962962962962963 0.08695652173913043 0.14814814814814814 0.08 0.26666666666666666 0.16 0.17391304347826086 0.09090909090909091 0.18181818181818182 0.2222222222222222 0.23076923076923078

svm-def-clust
0.35714285714285715 0.15384615384615385 0.2857142857142857 0.25 0.0 0.19047619047619047 0.16666666666666666 0.21052631578947367 0.2727272727272727 0.19047619047619047 0.2222222222222222 0.1111111111111111 0.18181818181818182 0.4 0.2962962962962963 0.07142857142857142 0.14814814814814814 0.08 0.2857142857142857 0.15384615384615385 0.23076923076923078 0.08333333333333333 0.09523809523809523 0.2222222222222222 0.23076923076923078

svm-cfs
0.375 0.1111111111111111 0.16 0.2222222222222222 0.0 0.21428571428571427 0.0 0.2727272727272727 0.1 0.2222222222222222 0.2608695652173913 0.20689655172413793 0.2962962962962963 0.25 0.14814814814814814 0.07692307692307693 0.2 0.1 0.1 0.08 0.19047619047619047 0.0 0.16 0.2222222222222222 0.14285714285714285

svm-cfs-clust
0.3333333333333333 0.1 0.16 0.2222222222222222 0.16666666666666666 0.19047619047619047 0.0 0.1111111111111111 0.10526315789473684 0.24 0.1111111111111111 0.16 0.16666666666666666 0.2608695652173913 0.09523809523809523 0.08 0.08333333333333333 0.09090909090909091 0.17391304347826086 0.07407407407407407 0.34782608695652173 0.0 0.09523809523809523 0.16 0.15384615384615385

svm-dtf
0.26666666666666666 0.2962962962962963 0.35714285714285715 0.34285714285714286 0.23255813953488372 0.42424242424242425 0.21052631578947367 0.30434782608695654 0.3076923076923077 0.125 0.21428571428571427 0.375 0.2857142857142857 0.3333333333333333 0.25806451612903225 0.18604651162790697 0.29411764705882354 0.0 0.26666666666666666 0.25806451612903225 0.3181818181818182 0.35294117647058826 0.0 0.42857142857142855 0.23076923076923078

svm-dtf-clust
0.26666666666666666 0.2962962962962963 0.35714285714285715 0.34285714285714286 0.19047619047619047 0.42424242424242425 0.21052631578947367 0.30434782608695654 0.3076923076923077 0.13333333333333333 0.21428571428571427 0.3333333333333333 0.2857142857142857 0.3333333333333333 0.25806451612903225 0.16216216216216217 0.29411764705882354 0.20512820512820512 0.26666666666666666 0.25806451612903225 0.24 0.37037037037037035 0.0 0.42857142857142855 0.23076923076923078

svm-svmf
0.21428571428571427 0.45161290322580644 0.2857142857142857 0.35294117647058826 0.3 0.4375 0.3333333333333333 0.46153846153846156 0.34782608695652173 0.09523809523809523 0.25 0.3870967741935484 0.3076923076923077 0.4827586206896552 0.2962962962962963 0.07692307692307693 0.3448275862068966 0.4166666666666667 0.27586206896551724 0.08695652173913043 0.34285714285714286 0.08695652173913043 0.19047619047619047 0.4444444444444444 0.37037037037037035

svm-svmf-clust
0.2222222222222222 0.45161290322580644 0.2857142857142857 0.35294117647058826 0.3157894736842105 0.4444444444444444 0.3333333333333333 0.48 0.34782608695652173 0.4444444444444444 0.25 0.3870967741935484 0.32 0.4827586206896552 0.2962962962962963 0.07142857142857142 0.3448275862068966 0.4166666666666667 0.27586206896551724 0.08695652173913043 0.34285714285714286 0.08695652173913043 0.19047619047619047 0.4444444444444444 0.37037037037037035
