rand-def
0.4610748612761608 0.5130026755801129 0.5249159914303627 0.46542671542664826 0.5249159914303627 0.5130026755801129 0.4610748612761608 0.5895148071830496 0.8012223615126471 0.6577193603042876 0.5130026755801129 0.5130026755801129 0.4132594778206802 0.5895148071830496 0.4132594778206802 0.5696016005766673 0.5130026755801129 0.5249159914303627 0.5895148071830496 0.46542671542664826 0.4610748612761608 0.5696016005766673 0.5249159914303627 0.5249159914303627 0.4132594778206802

oner-def
0.5078470116655386 0.6423317115796409 0.5615936783223291 0.5618906713337901 0.5097370929960346 0.4283738497208411 0.7602029908239099 0.5156821601067993 0.6201982805268245 0.6331709168261117 0.6535752939179575 0.6258069582790454 0.5086700617474992 0.4488459913881893 0.5560017686982879 0.44463561601038076 0.39646987987862264 0.5097370929960346 0.6697470968853834 0.642618084905874 0.6296571638950209 0.516875869837183 0.7196501057132079 0.5219440379311607 0.42153969413538006

cart-def
0.6630430142767235 0.7226068535655779 0.7196501057132079 0.7234464223959012 0.7324773098847379 0.7266684879728461 0.7473406221664698 0.7196501057132079 0.7234464223959012 0.7234464223959012 0.7226068535655779 0.7266684879728461 0.6627628307963569 0.5018026105093196 0.737694273727361 0.7361368805631244 0.6685039318696695 0.7234464223959012 0.7234464223959012 0.7433660832148685 0.6685039318696695 0.7158668688808127 0.6758591676105844 0.7135339882402209 0.7196501057132079

cart-def-clust
0.7226068535655779 0.7226068535655779 0.7234464223959012 0.6468666434996401 0.7324773098847379 0.7266684879728461 0.7473406221664698 0.7196501057132079 0.7234464223959012 0.6516481919615886 0.7311812626026212 0.7190040048586447 0.6627628307963569 0.5822303198034705 0.6627628307963569 0.7361368805631244 0.6630430142767235 0.7163436908485714 0.7163436908485714 0.7630050926212488 0.5955048604177496 0.741526463347651 0.6758591676105844 0.7277249739370951 0.7234464223959012

cart-cfs
0.6685039318696695 0.7311812626026212 0.7163436908485714 0.6516481919615886 0.5958710174833844 0.7158668688808127 0.7473406221664698 0.7234464223959012 0.7433660832148685 0.6516481919615886 0.7226068535655779 0.6535752939179575 0.6831155297657837 0.49557738880991226 0.7324773098847379 0.7535695296461238 0.6630430142767235 0.7234464223959012 0.7135339882402209 0.7560324719296952 0.6685039318696695 0.7158668688808127 0.7494824121006511 0.7196501057132079 0.737694273727361

cart-cfs-clust
0.6015791776027556 0.7311812626026212 0.7234464223959012 0.7234464223959012 0.6115997338248234 0.7158668688808127 0.7473406221664698 0.7234464223959012 0.7324773098847379 0.6516481919615886 0.7226068535655779 0.7190040048586447 0.737694273727361 0.642618084905874 0.6627628307963569 0.7535695296461238 0.7266684879728461 0.6516481919615886 0.7163436908485714 0.7433660832148685 0.608162392659128 0.7190040048586447 0.737694273727361 0.7196501057132079 0.7196501057132079

cart-dtf
0.5899551605103072 0.5118268838218348 0.5420399623960837 0.35656788157050995 0.5895148071830496 0.516875869837183 0.4978624669635986 0.6198892167310202 0.5420399623960837 0.6389131488814542 0.6495896851111246 0.456121794494346 0.6115997338248234 0.44554890769079414 0.48631035257362304 0.6949162447789069 0.5 0.6038986027067623 0.5328659383657699 0.6908245072093362 0.6015791776027556 0.6535752939179575 0.7135339882402209 0.34948556218561333 0.6758591676105844

cart-dtf-clust
0.5899551605103072 0.5118268838218348 0.5420399623960837 0.35656788157050995 0.5895148071830496 0.516875869837183 0.4978624669635986 0.6198892167310202 0.5420399623960837 0.6389131488814542 0.6495896851111246 0.456121794494346 0.6758591676105844 0.44554890769079414 0.48631035257362304 0.6949162447789069 0.5 0.6038986027067623 0.5328659383657699 0.6908245072093362 0.6015791776027556 0.6535752939179575 0.7135339882402209 0.34948556218561333 0.6758591676105844

cart-svmf
0.53562814239471 0.7226068535655779 0.7163436908485714 0.7324773098847379 0.7433660832148685 0.7158668688808127 0.7473406221664698 0.7196501057132079 0.7234464223959012 0.642618084905874 0.7311812626026212 0.6630430142767235 0.7163436908485714 0.45487813898728496 0.6627628307963569 0.7361368805631244 0.608162392659128 0.6627628307963569 0.7324773098847379 0.7324773098847379 0.608162392659128 0.7190040048586447 0.6758591676105844 0.7135339882402209 0.6569510924650663

cart-svmf-clust
0.6685039318696695 0.7158668688808127 0.7163436908485714 0.7196501057132079 0.6758591676105844 0.6495896851111246 0.741526463347651 0.7196501057132079 0.7234464223959012 0.642618084905874 0.7226068535655779 0.6015791776027556 0.7196501057132079 0.6468666434996401 0.7324773098847379 0.7361368805631244 0.6685039318696695 0.6516481919615886 0.7234464223959012 0.7324773098847379 0.608162392659128 0.7158668688808127 0.6989711243712267 0.7196501057132079 0.7196501057132079

nb-def
0.5849450100820971 0.5899551605103072 0.6516481919615886 0.516154108491215 0.6331709168261117 0.53562814239471 0.5899551605103072 0.36781577126973214 0.5582113293157572 0.5582113293157572 0.6461156041771617 0.5765981043683883 0.5552592343417859 0.44554890769079414 0.5529522643566147 0.5955048604177496 0.5899551605103072 0.516154108491215 0.5617983795108551 0.52422834327842 0.38361525623982234 0.6461156041771617 0.6569510924650663 0.4900188739990058 0.5086700617474992

nb-def-clust
0.6580631363423591 0.741526463347651 0.6516481919615886 0.6758591676105844 0.6690701473457595 0.5849450100820971 0.6876532818296444 0.6690701473457595 0.6627628307963569 0.6758591676105844 0.6670832032063168 0.7226068535655779 0.6690701473457595 0.5328659383657699 0.5328659383657699 0.5976523786039585 0.7106822440989801 0.6758591676105844 0.4900188739990058 0.7324773098847379 0.5225390812300477 0.630799958194052 0.6690701473457595 0.6627628307963569 0.6292599145918832

nb-cfs
0.5453657696580171 0.6366137041489519 0.6554015355447499 0.7135339882402209 0.6468666434996401 0.5627027181651701 0.5286265065048302 0.49557738880991226 0.5582113293157572 0.7163436908485714 0.4889499178450333 0.5682504617311082 0.7081390544094 0.44554890769079414 0.4987607400240147 0.6321159997335247 0.516875869837183 0.5879293973697921 0.6908245072093362 0.5762402046839624 0.6461156041771617 0.5939328520017904 0.5618906713337901 0.5944732487576995 0.6034840692600588

nb-cfs-clust
0.5971887047077087 0.5843053502940662 0.6334165547624743 0.5835724230883476 0.7560324719296952 0.5405445084828533 0.6392516400290095 0.4978151182558 0.6445377742661553 0.5762402046839624 0.5112853825235683 0.5 0.6831155297657837 0.5249159914303627 0.4802223405665985 0.6574103479950475 0.5292156952298016 0.6516481919615886 0.642618084905874 0.5560017686982879 0.4243456752195813 0.6321159997335247 0.4948307489260296 0.45201430236459855 0.6115997338248234

nb-dtf
0.4944147887953002 0.5183074949099022 0.40894903274547 0.4848338815734214 0.7073649907190487 0.4155728949593931 0.5078470116655386 0.6879957871004246 0.5156821601067993 0.6688847930143017 0.4870198821926775 0.43311664445138914 0.43290139735978245 0.4841917480255763 0.5219440379311607 0.7100485723309722 0.5409159155551175 0.7114582486036498 0.5480994669202397 0.46542671542664826 0.7271543595440229 0.6698906348083081 0.7114582486036498 0.3608917503463895 0.48200303060884453

nb-dtf-clust
0.6026373247255389 0.6026373247255389 0.6445377742661553 0.46542671542664826 0.7163436908485714 0.5992261861439842 0.6423317115796409 0.5529522643566147 0.48631035257362304 0.654506554038789 0.6026373247255389 0.5183074949099022 0.6590274653479669 0.5615936783223291 0.48200303060884453 0.5269732735394944 0.630799958194052 0.6734832632159155 0.43290139735978245 0.43290139735978245 0.7100485723309722 0.6849591046692145 0.6870940433088302 0.45201430236459855 0.3890482820588984

nb-svmf
0.43311664445138914 0.5286265065048302 0.7091984361808341 0.6870940433088302 0.6297004436832652 0.4776732619190177 0.6146187702039212 0.52422834327842 0.7081390544094 0.38607571778767785 0.70287301194037 0.5269732735394944 0.6331709168261117 0.48200303060884453 0.5219440379311607 0.6760751158908822 0.552268050859363 0.4900188739990058 0.5499555434291002 0.5835724230883476 0.6760751158908822 0.372180071390404 0.7112268846995009 0.4848338815734214 0.6297004436832652

nb-svmf-clust
0.5895676616817029 0.5895676616817029 0.6316593925390307 0.6371216068851989 0.5618906713337901 0.5551321870981312 0.6143482910488817 0.6201982805268245 0.5618906713337901 0.6638233063871918 0.5551321870981312 0.6192771230431927 0.7457400353154874 0.6697470968853834 0.5349477095332007 0.9365241920670655 0.5409159155551175 0.5018026105093196 0.5097370929960346 0.7161296464323539 0.4610748612761608 0.732260190198528 0.5725152571465772 0.6577193603042876 0.6590274653479669

rf-def
0.5430115061809236 0.6580631363423591 0.7234464223959012 0.7196501057132079 0.7324773098847379 0.7311812626026212 0.7473406221664698 0.7196501057132079 0.737694273727361 0.6516481919615886 0.7226068535655779 0.6535752939179575 0.7234464223959012 0.5018026105093196 0.6690701473457595 0.7361368805631244 0.6685039318696695 0.7234464223959012 0.7163436908485714 0.7433660832148685 0.6580631363423591 0.6535752939179575 0.7433660832148685 0.7135339882402209 0.6758591676105844

rf-def-clust
0.6630430142767235 0.7226068535655779 0.7277249739370951 0.7196501057132079 0.737694273727361 0.7361368805631244 0.7473406221664698 0.7196501057132079 0.7324773098847379 0.5822303198034705 0.7266684879728461 0.6535752939179575 0.6516481919615886 0.44554890769079414 0.7433660832148685 0.7361368805631244 0.6744342042370591 0.7234464223959012 0.7163436908485714 0.7433660832148685 0.6685039318696695 0.7190040048586447 0.6627628307963569 0.642618084905874 0.7277249739370951

rf-cfs
0.5955048604177496 0.6685039318696695 0.7163436908485714 0.6516481919615886 0.5958710174833844 0.7226068535655779 0.741526463347651 0.7196501057132079 0.7324773098847379 0.5822303198034705 0.7226068535655779 0.5899551605103072 0.6516481919615886 0.4288410257263952 0.7324773098847379 0.7602029908239099 0.6630430142767235 0.6627628307963569 0.7196501057132079 0.7433660832148685 0.5682504617311082 0.7190040048586447 0.7324773098847379 0.7196501057132079 0.6908245072093362

rf-cfs-clust
0.4883830520607428 0.6685039318696695 0.7196501057132079 0.5822303198034705 0.5958710174833844 0.7190040048586447 0.741526463347651 0.7234464223959012 0.7324773098847379 0.5958710174833844 0.7226068535655779 0.7266684879728461 0.5822303198034705 0.4288410257263952 0.6690701473457595 0.7602029908239099 0.6744342042370591 0.7277249739370951 0.7163436908485714 0.7433660832148685 0.5509246822753234 0.7190040048586447 0.7324773098847379 0.6468666434996401 0.6989711243712267

rf-dtf
0.5899551605103072 0.5118268838218348 0.5420399623960837 0.35656788157050995 0.6038986027067623 0.43916629653364825 0.4978624669635986 0.6311487932727908 0.5420399623960837 0.642618084905874 0.6495896851111246 0.456121794494346 0.6758591676105844 0.4288410257263952 0.48631035257362304 0.5682504617311082 0.5 0.6185384361575369 0.5097768973754208 0.6908245072093362 0.6015791776027556 0.6535752939179575 0.7163436908485714 0.34948556218561333 0.6201982805268245

rf-dtf-clust
0.46327749651927125 0.5118268838218348 0.5420399623960837 0.41700132652371596 0.6038986027067623 0.516875869837183 0.4978624669635986 0.6198892167310202 0.5420399623960837 0.642618084905874 0.6685039318696695 0.456121794494346 0.6758591676105844 0.44554890769079414 0.48631035257362304 0.6026373247255389 0.5 0.6185384361575369 0.5328659383657699 0.6908245072093362 0.5430115061809236 0.6535752939179575 0.7135339882402209 0.37809823272385734 0.4978151182558

rf-svmf
0.6580631363423591 0.7226068535655779 0.7163436908485714 0.7277249739370951 0.7433660832148685 0.7226068535655779 0.6808215665944831 0.7196501057132079 0.7234464223959012 0.6468666434996401 0.7226068535655779 0.6535752939179575 0.7234464223959012 0.4288410257263952 0.7324773098847379 0.7473406221664698 0.6015791776027556 0.6627628307963569 0.7277249739370951 0.7433660832148685 0.6685039318696695 0.7158668688808127 0.6758591676105844 0.7277249739370951 0.7196501057132079

rf-svmf-clust
0.6580631363423591 0.7266684879728461 0.7163436908485714 0.7277249739370951 0.7324773098847379 0.7226068535655779 0.741526463347651 0.7196501057132079 0.7234464223959012 0.642618084905874 0.7226068535655779 0.6535752939179575 0.7163436908485714 0.4288410257263952 0.6627628307963569 0.7473406221664698 0.6015791776027556 0.642618084905874 0.7277249739370951 0.7494824121006511 0.608162392659128 0.7158668688808127 0.6758591676105844 0.7196501057132079 0.7277249739370951

svm-def
0.41816443637028167 0.6152381697685589 0.5708273485738905 0.3890482820588984 0.7234464223959012 0.608162392659128 0.5509246822753234 0.5762402046839624 0.5086700617474992 0.5762402046839624 0.5765981043683883 0.6535752939179575 0.5887800754888093 0.28094533566689506 0.47529578818504864 0.6744342042370591 0.630799958194052 0.6908245072093362 0.5552592343417859 0.6115997338248234 0.6015791776027556 0.6685039318696695 0.5887800754888093 0.5517236569045981 0.5420399623960837

svm-def-clust
0.4283900156868344 0.6227897205406335 0.5018026105093196 0.52422834327842 0.7277249739370951 0.5899551605103072 0.608162392659128 0.5708273485738905 0.5086700617474992 0.5822303198034705 0.5765981043683883 0.6495896851111246 0.5887800754888093 0.37809823272385734 0.47529578818504864 0.7106822440989801 0.630799958194052 0.6908245072093362 0.5529522643566147 0.6201982805268245 0.5509246822753234 0.6808215665944831 0.6627628307963569 0.5517236569045981 0.5420399623960837

svm-cfs
0.4106612463817086 0.6495896851111246 0.6115997338248234 0.5517236569045981 0.7433660832148685 0.5682504617311082 0.7473406221664698 0.5086700617474992 0.6569510924650663 0.5517236569045981 0.5287967840117443 0.5776180911984824 0.47529578818504864 0.52422834327842 0.6292599145918832 0.6949162447789069 0.5874259545487943 0.6569510924650663 0.6569510924650663 0.6908245072093362 0.5899551605103072 0.7746413699755276 0.6115997338248234 0.5517236569045981 0.6387649280023586

svm-cfs-clust
0.4504537570690444 0.6580631363423591 0.6115997338248234 0.5517236569045981 0.6034840692600588 0.5899551605103072 0.7473406221664698 0.6468666434996401 0.6516481919615886 0.5328659383657699 0.6495896851111246 0.6152381697685589 0.6034840692600588 0.516154108491215 0.6627628307963569 0.6876532818296444 0.6808215665944831 0.6690701473457595 0.5958710174833844 0.7075402644644692 0.456121794494346 0.7266684879728461 0.6627628307963569 0.6115997338248234 0.6201982805268245

svm-dtf
0.5183074949099022 0.4883830520607428 0.41273542458927737 0.4490518829038415 0.6371216068851989 0.36557168829078973 0.5804883797310417 0.5944732487576995 0.4648062754551958 0.6389131488814542 0.5682504617311082 0.4106612463817086 0.48631035257362304 0.44554890769079414 0.5221642829812321 0.6864437239494469 0.5 0.7112268846995009 0.5097768973754208 0.5221642829812321 0.5453657696580171 0.500539874740251 0.7112268846995009 0.3424608614188867 0.5420399623960837

svm-dtf-clust
0.5183074949099022 0.4883830520607428 0.41273542458927737 0.4490518829038415 0.6793228227547883 0.36557168829078973 0.5804883797310417 0.5944732487576995 0.4648062754551958 0.6357613394734358 0.5682504617311082 0.46327749651927125 0.48631035257362304 0.44554890769079414 0.5221642829812321 0.6666678208669602 0.5 0.6334165547624743 0.5097768973754208 0.5221642829812321 0.5430115061809236 0.41816443637028167 0.7135339882402209 0.3424608614188867 0.5420399623960837

svm-svmf
0.5682504617311082 0.3359568960612065 0.5018026105093196 0.43290139735978245 0.49557738880991226 0.35058321017643973 0.46327749651927125 0.31582969626951535 0.4368569527320167 0.6627628307963569 0.53562814239471 0.39737713479466547 0.4648062754551958 0.29396469868489605 0.47529578818504864 0.6949162447789069 0.43916629653364825 0.36781577126973214 0.4978151182558 0.6758591676105844 0.4527692569068708 0.6744342042370591 0.5822303198034705 0.3288596801521438 0.40061118075632357

svm-svmf-clust
0.5593451850253833 0.3359568960612065 0.5018026105093196 0.43290139735978245 0.4900188739990058 0.34913823469395006 0.4504537570690444 0.30344450077656376 0.4368569527320167 0.3288596801521438 0.53562814239471 0.39737713479466547 0.45487813898728496 0.29396469868489605 0.47529578818504864 0.7106822440989801 0.43916629653364825 0.36781577126973214 0.4978151182558 0.6758591676105844 0.4527692569068708 0.6744342042370591 0.5822303198034705 0.3288596801521438 0.40061118075632357
