rand-def
0.4791666666666667 0.4375 0.43478260869565216 0.4782608695652174 0.43478260869565216 0.4375 0.4791666666666667 0.391304347826087 0.2608695652173913 0.34782608695652173 0.4375 0.4375 0.5217391304347826 0.391304347826087 0.5217391304347826 0.3958333333333333 0.4375 0.43478260869565216 0.391304347826087 0.4782608695652174 0.4791666666666667 0.3958333333333333 0.43478260869565216 0.43478260869565216 0.5217391304347826

oner-def
0.5625 0.3958333333333333 0.43478260869565216 0.5217391304347826 0.45652173913043476 0.5208333333333334 0.4791666666666667 0.41304347826086957 0.5217391304347826 0.7391304347826086 0.6458333333333334 0.2916666666666667 0.6521739130434783 0.4782608695652174 0.391304347826087 0.5 0.5625 0.45652173913043476 0.41304347826086957 0.6739130434782609 0.3125 0.6875 0.6521739130434783 0.391304347826087 0.717391304347826

cart-def
0.6041666666666666 0.625 0.6521739130434783 0.6304347826086957 0.5869565217391305 0.6041666666666666 0.5208333333333334 0.6521739130434783 0.6304347826086957 0.6304347826086957 0.625 0.6041666666666666 0.5869565217391305 0.6739130434782609 0.5652173913043478 0.5625 0.5833333333333334 0.6304347826086957 0.6304347826086957 0.5434782608695652 0.5833333333333334 0.6666666666666666 0.5434782608695652 0.6956521739130435 0.6521739130434783

cart-def-clust
0.625 0.625 0.6304347826086957 0.6521739130434783 0.5869565217391305 0.6041666666666666 0.5208333333333334 0.6521739130434783 0.6304347826086957 0.6304347826086957 0.5833333333333334 0.6458333333333334 0.5869565217391305 0.6304347826086957 0.5869565217391305 0.5625 0.6041666666666666 0.6739130434782609 0.6739130434782609 0.4782608695652174 0.625 0.5416666666666666 0.5434782608695652 0.6086956521739131 0.6304347826086957

cart-cfs
0.5833333333333334 0.5833333333333334 0.6739130434782609 0.6304347826086957 0.5869565217391305 0.6666666666666666 0.5208333333333334 0.6304347826086957 0.5434782608695652 0.6304347826086957 0.625 0.6458333333333334 0.5217391304347826 0.6956521739130435 0.5869565217391305 0.5 0.6041666666666666 0.6304347826086957 0.6956521739130435 0.5 0.5833333333333334 0.6666666666666666 0.5217391304347826 0.6521739130434783 0.5652173913043478

cart-cfs-clust
0.6041666666666666 0.5833333333333334 0.6304347826086957 0.6304347826086957 0.5434782608695652 0.6666666666666666 0.5208333333333334 0.6304347826086957 0.5869565217391305 0.6304347826086957 0.625 0.6458333333333334 0.5652173913043478 0.6739130434782609 0.5869565217391305 0.5 0.6041666666666666 0.6304347826086957 0.6739130434782609 0.5434782608695652 0.5833333333333334 0.6458333333333334 0.5652173913043478 0.6521739130434783 0.6521739130434783

cart-dtf
0.6458333333333334 0.7083333333333334 0.5652173913043478 0.6304347826086957 0.391304347826087 0.6875 0.5833333333333334 0.2826086956521739 0.5652173913043478 0.6956521739130435 0.6666666666666666 0.6875 0.5434782608695652 0.6521739130434783 0.5652173913043478 0.5 0.5 0.3695652173913043 0.5869565217391305 0.5 0.6041666666666666 0.6458333333333334 0.6956521739130435 0.7391304347826086 0.5434782608695652

cart-dtf-clust
0.6458333333333334 0.7083333333333334 0.5652173913043478 0.6304347826086957 0.391304347826087 0.6875 0.5833333333333334 0.2826086956521739 0.5652173913043478 0.6956521739130435 0.6666666666666666 0.6875 0.5434782608695652 0.6521739130434783 0.5652173913043478 0.5 0.5 0.3695652173913043 0.5869565217391305 0.5 0.6041666666666666 0.6458333333333334 0.6956521739130435 0.7391304347826086 0.5434782608695652

cart-svmf
0.625 0.625 0.6739130434782609 0.5869565217391305 0.5434782608695652 0.6666666666666666 0.5208333333333334 0.6521739130434783 0.6304347826086957 0.6739130434782609 0.5833333333333334 0.6041666666666666 0.6739130434782609 0.6304347826086957 0.5869565217391305 0.5625 0.5833333333333334 0.5869565217391305 0.5869565217391305 0.5869565217391305 0.5833333333333334 0.6458333333333334 0.5434782608695652 0.6956521739130435 0.6086956521739131

cart-svmf-clust
0.5833333333333334 0.6666666666666666 0.6739130434782609 0.6521739130434783 0.5434782608695652 0.6666666666666666 0.5416666666666666 0.6521739130434783 0.6304347826086957 0.6739130434782609 0.625 0.6041666666666666 0.6521739130434783 0.6521739130434783 0.5869565217391305 0.5625 0.5833333333333334 0.6304347826086957 0.6304347826086957 0.5869565217391305 0.5833333333333334 0.6666666666666666 0.4782608695652174 0.6521739130434783 0.6521739130434783

nb-def
0.6666666666666666 0.6458333333333334 0.6304347826086957 0.6304347826086957 0.7391304347826086 0.625 0.6458333333333334 0.6956521739130435 0.7391304347826086 0.7391304347826086 0.6875 0.7083333333333334 0.7608695652173914 0.6521739130434783 0.782608695652174 0.625 0.6458333333333334 0.6304347826086957 0.717391304347826 0.6086956521739131 0.7291666666666666 0.6875 0.6086956521739131 0.717391304347826 0.6521739130434783

nb-def-clust
0.625 0.5416666666666666 0.6304347826086957 0.5434782608695652 0.5652173913043478 0.6666666666666666 0.5208333333333334 0.5652173913043478 0.5869565217391305 0.5434782608695652 0.4375 0.625 0.5652173913043478 0.5869565217391305 0.5869565217391305 0.4791666666666667 0.4583333333333333 0.5434782608695652 0.717391304347826 0.5869565217391305 0.6666666666666666 0.5208333333333334 0.5652173913043478 0.5869565217391305 0.5

nb-cfs
0.375 0.2708333333333333 0.2391304347826087 0.6956521739130435 0.6521739130434783 0.3541666666666667 0.4166666666666667 0.6956521739130435 0.7391304347826086 0.6739130434782609 0.4375 0.5416666666666666 0.7608695652173914 0.6521739130434783 0.43478260869565216 0.2708333333333333 0.6875 0.34782608695652173 0.5 0.6521739130434783 0.6875 0.3125 0.5217391304347826 0.30434782608695654 0.5652173913043478

nb-cfs-clust
0.3125 0.375 0.32608695652173914 0.4782608695652174 0.5 0.5 0.5 0.5434782608695652 0.3695652173913043 0.6521739130434783 0.4166666666666667 0.5 0.5217391304347826 0.43478260869565216 0.5 0.4583333333333333 0.5208333333333334 0.6304347826086957 0.6739130434782609 0.391304347826087 0.5625 0.2708333333333333 0.4782608695652174 0.5434782608695652 0.5434782608695652

nb-dtf
0.4375 0.5416666666666666 0.5217391304347826 0.43478260869565216 0.782608695652174 0.5208333333333334 0.5625 0.21739130434782608 0.41304347826086957 0.2391304347826087 0.5208333333333334 0.5 0.5217391304347826 0.43478260869565216 0.391304347826087 0.1875 0.4375 0.17391304347826086 0.45652173913043476 0.4782608695652174 0.16666666666666666 0.25 0.17391304347826086 0.5869565217391305 0.45652173913043476

nb-dtf-clust
0.3958333333333333 0.3958333333333333 0.3695652173913043 0.4782608695652174 0.6739130434782609 0.3541666666666667 0.3958333333333333 0.782608695652174 0.5652173913043478 0.2391304347826087 0.3958333333333333 0.5416666666666666 0.43478260869565216 0.43478260869565216 0.45652173913043476 0.4583333333333333 0.5208333333333334 0.21739130434782608 0.5217391304347826 0.5217391304347826 0.1875 0.20833333333333334 0.1956521739130435 0.5434782608695652 0.6521739130434783

nb-svmf
0.5 0.4166666666666667 0.17391304347826086 0.1956521739130435 0.782608695652174 0.4583333333333333 0.2916666666666667 0.6086956521739131 0.7608695652173914 0.5869565217391305 0.1875 0.4583333333333333 0.7391304347826086 0.45652173913043476 0.391304347826087 0.22916666666666666 0.4791666666666667 0.717391304347826 0.3695652173913043 0.4782608695652174 0.22916666666666666 0.6458333333333334 0.717391304347826 0.43478260869565216 0.782608695652174

nb-svmf-clust
0.4166666666666667 0.4166666666666667 0.391304347826087 0.2826086956521739 0.5217391304347826 0.4166666666666667 0.3333333333333333 0.5217391304347826 0.5217391304347826 0.2826086956521739 0.4166666666666667 0.4375 0.3695652173913043 0.41304347826086957 0.4782608695652174 0.10416666666666667 0.4375 0.6739130434782609 0.45652173913043476 0.32608695652173914 0.4791666666666667 0.25 0.5 0.34782608695652173 0.43478260869565216

rf-def
0.6041666666666666 0.625 0.6304347826086957 0.6521739130434783 0.5869565217391305 0.5833333333333334 0.5208333333333334 0.6521739130434783 0.5652173913043478 0.6304347826086957 0.625 0.6458333333333334 0.6304347826086957 0.6739130434782609 0.5652173913043478 0.5625 0.5833333333333334 0.6304347826086957 0.6739130434782609 0.5434782608695652 0.625 0.6458333333333334 0.5434782608695652 0.6956521739130435 0.5434782608695652

rf-def-clust
0.6041666666666666 0.625 0.6086956521739131 0.6521739130434783 0.5652173913043478 0.5625 0.5208333333333334 0.6521739130434783 0.5869565217391305 0.6304347826086957 0.6041666666666666 0.6458333333333334 0.6304347826086957 0.6521739130434783 0.5434782608695652 0.5625 0.5625 0.6304347826086957 0.6739130434782609 0.5434782608695652 0.5833333333333334 0.6458333333333334 0.5869565217391305 0.6739130434782609 0.6086956521739131

rf-cfs
0.625 0.5833333333333334 0.6739130434782609 0.6304347826086957 0.5869565217391305 0.625 0.5416666666666666 0.6521739130434783 0.5869565217391305 0.6304347826086957 0.625 0.6458333333333334 0.6304347826086957 0.6956521739130435 0.5869565217391305 0.4791666666666667 0.6041666666666666 0.5869565217391305 0.6521739130434783 0.5434782608695652 0.5416666666666666 0.6458333333333334 0.5869565217391305 0.6521739130434783 0.5

rf-cfs-clust
0.6041666666666666 0.5833333333333334 0.6521739130434783 0.6304347826086957 0.5869565217391305 0.6458333333333334 0.5416666666666666 0.6304347826086957 0.5869565217391305 0.5869565217391305 0.625 0.6041666666666666 0.6304347826086957 0.6956521739130435 0.5652173913043478 0.4791666666666667 0.5625 0.6086956521739131 0.6739130434782609 0.5434782608695652 0.5833333333333334 0.6458333333333334 0.5869565217391305 0.6521739130434783 0.4782608695652174

rf-dtf
0.6458333333333334 0.7083333333333334 0.5652173913043478 0.6304347826086957 0.3695652173913043 0.6041666666666666 0.5833333333333334 0.7608695652173914 0.5652173913043478 0.6739130434782609 0.6666666666666666 0.6875 0.5434782608695652 0.6956521739130435 0.5652173913043478 0.5416666666666666 0.5 0.34782608695652173 0.5217391304347826 0.5 0.6041666666666666 0.6458333333333334 0.6739130434782609 0.7391304347826086 0.5217391304347826

rf-dtf-clust
0.6666666666666666 0.7083333333333334 0.5652173913043478 0.5434782608695652 0.3695652173913043 0.6875 0.5833333333333334 0.2826086956521739 0.5652173913043478 0.6739130434782609 0.5833333333333334 0.6875 0.5434782608695652 0.6521739130434783 0.5652173913043478 0.3958333333333333 0.5 0.34782608695652173 0.5869565217391305 0.5 0.6041666666666666 0.6458333333333334 0.6956521739130435 0.6739130434782609 0.5434782608695652

rf-svmf
0.625 0.625 0.6739130434782609 0.6086956521739131 0.5434782608695652 0.625 0.5416666666666666 0.6521739130434783 0.6304347826086957 0.6521739130434783 0.625 0.6458333333333334 0.6304347826086957 0.6956521739130435 0.5869565217391305 0.5208333333333334 0.6041666666666666 0.5869565217391305 0.6086956521739131 0.5434782608695652 0.5833333333333334 0.6666666666666666 0.5434782608695652 0.6086956521739131 0.6521739130434783

rf-svmf-clust
0.625 0.6041666666666666 0.6739130434782609 0.6086956521739131 0.5869565217391305 0.625 0.5416666666666666 0.6521739130434783 0.6304347826086957 0.6739130434782609 0.625 0.6458333333333334 0.6739130434782609 0.6956521739130435 0.5869565217391305 0.5208333333333334 0.6041666666666666 0.6739130434782609 0.6086956521739131 0.5217391304347826 0.5833333333333334 0.6666666666666666 0.5434782608695652 0.6521739130434783 0.6086956521739131

svm-def
0.6458333333333334 0.5625 0.6739130434782609 0.6521739130434783 0.6304347826086957 0.5833333333333334 0.5833333333333334 0.6521739130434783 0.6521739130434783 0.6521739130434783 0.7083333333333334 0.6458333333333334 0.6086956521739131 0.7608695652173914 0.5869565217391305 0.5625 0.5208333333333334 0.5 0.7608695652173914 0.5434782608695652 0.6041666666666666 0.5833333333333334 0.6086956521739131 0.5434782608695652 0.5652173913043478

svm-def-clust
0.625 0.5416666666666666 0.6739130434782609 0.6086956521739131 0.6086956521739131 0.6458333333333334 0.5833333333333334 0.6739130434782609 0.6521739130434783 0.6304347826086957 0.7083333333333334 0.6666666666666666 0.6086956521739131 0.6739130434782609 0.5869565217391305 0.4583333333333333 0.5208333333333334 0.5 0.782608695652174 0.5217391304347826 0.5833333333333334 0.5416666666666666 0.5869565217391305 0.5434782608695652 0.5652173913043478

svm-cfs
0.5833333333333334 0.6666666666666666 0.5434782608695652 0.5434782608695652 0.5434782608695652 0.5416666666666666 0.5208333333333334 0.6521739130434783 0.6086956521739131 0.5434782608695652 0.6458333333333334 0.5208333333333334 0.5869565217391305 0.6086956521739131 0.5 0.5 0.5 0.6086956521739131 0.6086956521739131 0.5 0.6458333333333334 0.4375 0.5434782608695652 0.5434782608695652 0.4782608695652174

svm-cfs-clust
0.5833333333333334 0.625 0.5434782608695652 0.5434782608695652 0.5652173913043478 0.6458333333333334 0.5208333333333334 0.6521739130434783 0.6304347826086957 0.5869565217391305 0.6666666666666666 0.5625 0.5652173913043478 0.6304347826086957 0.5869565217391305 0.5208333333333334 0.5416666666666666 0.5652173913043478 0.5869565217391305 0.45652173913043476 0.6875 0.6041666666666666 0.5869565217391305 0.5434782608695652 0.5217391304347826

svm-dtf
0.5416666666666666 0.6041666666666666 0.6086956521739131 0.5 0.2826086956521739 0.6041666666666666 0.6875 0.30434782608695654 0.6086956521739131 0.6956521739130435 0.5416666666666666 0.5833333333333334 0.5652173913043478 0.6521739130434783 0.5 0.2708333333333333 0.5 0.717391304347826 0.5217391304347826 0.5 0.375 0.7708333333333334 0.717391304347826 0.6521739130434783 0.5652173913043478

svm-dtf-clust
0.5416666666666666 0.6041666666666666 0.6086956521739131 0.5 0.2608695652173913 0.6041666666666666 0.6875 0.30434782608695654 0.6086956521739131 0.717391304347826 0.5416666666666666 0.6666666666666666 0.5652173913043478 0.6521739130434783 0.5 0.3541666666666667 0.5 0.32608695652173914 0.5217391304347826 0.5 0.6041666666666666 0.6458333333333334 0.6956521739130435 0.6521739130434783 0.5652173913043478

svm-svmf
0.5416666666666666 0.6458333333333334 0.6739130434782609 0.5217391304347826 0.6956521739130435 0.625 0.6666666666666666 0.6956521739130435 0.6739130434782609 0.5869565217391305 0.625 0.6041666666666666 0.6086956521739131 0.6739130434782609 0.5869565217391305 0.5 0.6041666666666666 0.6956521739130435 0.5434782608695652 0.5434782608695652 0.5208333333333334 0.5625 0.6304347826086957 0.6739130434782609 0.6304347826086957

svm-svmf-clust
0.5625 0.6458333333333334 0.6739130434782609 0.5217391304347826 0.717391304347826 0.6875 0.5833333333333334 0.717391304347826 0.6739130434782609 0.6739130434782609 0.625 0.6041666666666666 0.6304347826086957 0.6739130434782609 0.5869565217391305 0.4583333333333333 0.6041666666666666 0.6956521739130435 0.5434782608695652 0.5434782608695652 0.5208333333333334 0.5625 0.6304347826086957 0.6739130434782609 0.6304347826086957
