rand-def
0.38924141061768464 0.6478001006593015 0.3140952961540676 0.586233827137565 0.5696137959558301 0.38924141061768464 0.6478001006593015 0.4936961072359684 0.4025722684130149 0.47303851016462223 0.6478001006593015 0.5606684514274327 0.4936961072359684 0.4936961072359684 0.47303851016462223 0.4743104618297845 0.4743104618297845 0.586233827137565 0.586233827137565 0.377307714089059 0.4743104618297845 0.4743104618297845 0.586233827137565 0.4936961072359684 0.47303851016462223 

oner-def
0.5211786823488765 0.4545626677752048 0.362215728212258 0.4745321929056857 0.4750730937913074 0.6130725798514238 0.4277365776756259 0.4837939042080309 0.5914443455719042 0.5185598528498464 0.4979543953834093 0.30304177851680325 0.4530720779726007 0.5526551507804175 0.5531196597705521 0.6363961030678927 0.6456270746542676 0.4490637658070732 0.5191911982388868 0.485912657903775 0.5760506223645864 0.5653715330773218 0.6135418753792518 0.4745321929056857 0.5531196597705521 

oner-cfs
0.564769419357511 0.4545626677752048 0.4948784375799688 0.4253800730984377 0.377307714089059 0.3923830998417492 0.6276659119638568 0.510715051074438 0.5914443455719042 0.4714045207910316 0.3339294472484345 0.6363961030678927 0.4948784375799688 0.4530720779726007 0.5776842873079283 0.4460543655670462 0.6569834236378503 0.4025722684130149 0.5499719409228703 0.41013397389537226 0.4358559557940942 0.692072609659868 0.4626450804350208 0.7091957274840682 0.4581228472908512 

oner-dtf
0.6387163532286119 0.4545626677752048 0.6285393610547089 0.4988481143165056 0.5499719409228703 0.4743104618297845 0.35684349245363706 0.40762152443283495 0.5914443455719042 0.6285393610547089 0.5838304447060639 0.38939339867916506 0.7071067811865475 0.510715051074438 0.7095577652469333 0.5682944482235041 0.6456270746542676 0.5499719409228703 0.5499719409228703 0.6312954542979728 0.5760506223645864 0.5195867725425498 0.586233827137565 0.6285393610547089 0.5531196597705521 

oner-svmf
0.4743104618297845 0.48115369243064626 0.4253800730984377 0.4253800730984377 0.5499719409228703 0.38939339867916506 0.7071067811865475 0.6285393610547089 0.6034575421573966 0.39723193461319695 0.4743104618297845 0.6618067434534596 0.7071067811865475 0.40762152443283495 0.4581228472908512 0.5682944482235041 0.6363961030678927 0.4714045207910316 0.573669203232473 0.41013397389537226 0.5760506223645864 0.3923830998417492 0.510715051074438 0.3822338423076564 0.4750730937913074 

cart-def
0.30304177851680325 0.564769419357511 0.4948784375799688 0.40762152443283495 0.3928371006591931 0.5195867725425498 0.23839949565094976 0.35410824762165116 0.4777923028845704 0.3928371006591931 0.32653823502755575 0.4840961809661748 0.40762152443283495 0.3598889448107231 0.5559026693385972 0.35684349245363706 0.30304177851680325 0.3598889448107231 0.4530720779726007 0.43077951164641176 0.4151352527869789 0.4151352527869789 0.41560790312527207 0.4478012614505892 0.3928371006591931 

cart-cfs
0.5039489032048984 0.4379889490919003 0.3598889448107231 0.24189695210401546 0.3356401659331825 0.28100622242473583 0.17842174622681853 0.3207691282870975 0.35410824762165116 0.3339115355603141 0.48115369243064626 0.4151352527869789 0.4988481143165056 0.35410824762165116 0.5270462766947298 0.4277365776756259 0.4767989913018995 0.3598889448107231 0.35410824762165116 0.2946278254943948 0.4767989913018995 0.5928818396102591 0.5442303917125928 0.4530720779726007 0.4581228472908512 

cart-dtf
0.6060835570336065 0.38939339867916506 0.362215728212258 0.4837939042080309 0.5624571314254607 0.5606684514274327 0.30304177851680325 0.4490637658070732 0.3822338423076564 0.19641855032959654 0.5406822339475459 0.30304177851680325 0.40762152443283495 0.4490637658070732 0.44139579394640843 0.5189885474902461 0.3577129853411206 0.4530720779726007 0.4490637658070732 0.4581228472908512 0.6569834236378503 0.5682944482235041 0.5442303917125928 0.28667538173074225 0.43077951164641176 

cart-svmf
0.43186673377286766 0.38939339867916506 0.586233827137565 0.4745321929056857 0.2429563289518875 0.22877342089173924 0.26763261934022775 0.4490637658070732 0.40762152443283495 0.41989490160641596 0.6478001006593015 0.5606684514274327 0.41560790312527207 0.4777923028845704 0.5665577237325315 0.30387049561697965 0.5211786823488765 0.3598889448107231 0.6689092240383986 0.3928371006591931 0.4545626677752048 0.5406822339475459 0.6395138869032588 0.5191911982388868 0.5185598528498464 

nb-def
0.4460543655670462 0.4277365776756259 0.28667538173074225 0.4745321929056857 0.4714045207910316 0.38939339867916506 0.4379889490919003 0.6378840395571039 0.4745321929056857 0.3197462342561483 0.4277365776756259 0.3577129853411206 0.2595955991194434 0.40762152443283495 0.5624571314254607 0.3699112319552182 0.5067882393333799 0.31426968052735443 0.3965848806194933 0.5034602488997738 0.4379889490919003 0.21899447454595014 0.5191911982388868 0.4745321929056857 0.4714045207910316 

nb-cfs
0.5760506223645864 0.5682944482235041 0.24189695210401546 0.33256540954433705 0.5531196597705521 0.26763261934022775 0.23839949565094976 0.6308885070095337 0.4253800730984377 0.41013397389537226 0.3699112319552182 0.5067882393333799 0.4745321929056857 0.4777923028845704 0.5776842873079283 0.5760506223645864 0.588750557481614 0.31426968052735443 0.3928371006591931 0.5034602488997738 0.5067882393333799 0.4277365776756259 0.573669203232473 0.4745321929056857 0.4750730937913074 

nb-dtf
0.5211786823488765 0.5211786823488765 0.7114582486036498 0.40762152443283495 0.5499719409228703 0.5485052307550772 0.4979543953834093 0.7071067811865475 0.4988481143165056 0.7243558228002943 0.17842174622681853 0.5067882393333799 0.6186109631304352 0.4253800730984377 0.5531196597705521 0.4545626677752048 0.7071067811865475 0.31894201977855197 0.7114582486036498 0.5034602488997738 0.5682944482235041 0.6387163532286119 0.6378840395571039 0.7114582486036498 0.5531196597705521 

nb-svmf
0.5211786823488765 0.3923830998417492 0.6186109631304352 0.4837939042080309 0.4714045207910316 0.26763261934022775 0.6387163532286119 0.5526551507804175 0.41560790312527207 0.49104637582399135 0.4979543953834093 0.5211786823488765 0.33256540954433705 0.3822338423076564 0.2832788618662658 0.7106335201775946 0.42426406871192845 0.40762152443283495 0.35410824762165116 0.5624571314254607 0.588750557481614 0.4277365776756259 0.7091957274840682 0.3965848806194933 0.5983516452371671 

rf-def
0.4151352527869789 0.3577129853411206 0.362215728212258 0.3965848806194933 0.5499719409228703 0.43186673377286766 0.30304177851680325 0.4490637658070732 0.4837939042080309 0.3605765273818658 0.4545626677752048 0.3556808622060582 0.40762152443283495 0.28667538173074225 0.4750730937913074 0.4277365776756259 0.5067882393333799 0.4936961072359684 0.35410824762165116 0.43077951164641176 0.30387049561697965 0.4767989913018995 0.4490637658070732 0.28667538173074225 0.485912657903775 

rf-cfs
0.38939339867916506 0.4545626677752048 0.3207691282870975 0.31894201977855197 0.5270462766947298 0.25949427374512307 0.21899447454595014 0.4988481143165056 0.4837939042080309 0.2635231383473649 0.32653823502755575 0.38924141061768464 0.4988481143165056 0.4490637658070732 0.5983516452371671 0.35684349245363706 0.5760506223645864 0.4530720779726007 0.2595955991194434 0.2635231383473649 0.35684349245363706 0.4767989913018995 0.6135418753792518 0.31894201977855197 0.2946278254943948 

rf-dtf
0.6530764700551115 0.4545626677752048 0.4478012614505892 0.4837939042080309 0.39723193461319695 0.43186673377286766 0.30304177851680325 0.573669203232473 0.5191911982388868 0.3928371006591931 0.48115369243064626 0.38939339867916506 0.28667538173074225 0.4777923028845704 0.3339115355603141 0.5352652386804555 0.30304177851680325 0.3822338423076564 0.35410824762165116 0.49104637582399135 0.4979543953834093 0.6244761117938646 0.6135418753792518 0.3207691282870975 0.3605765273818658 

rf-svmf
0.48115369243064626 0.4460543655670462 0.41560790312527207 0.6378840395571039 0.41013397389537226 0.3556808622060582 0.4379889490919003 0.4253800730984377 0.4837939042080309 0.2946278254943948 0.43186673377286766 0.3065362899257119 0.22653603898630034 0.24189695210401546 0.5185598528498464 0.43186673377286766 0.4545626677752048 0.4777923028845704 0.4745321929056857 0.4581228472908512 0.23839949565094976 0.5211786823488765 0.6395138869032588 0.4490637658070732 0.5983516452371671 

svm-def
0.5983211225424633 0.3872601376351346 0.5439282932204211 0.4119001969238116 0.4750730937913075 0.5983211225424633 0.49461598277269725 0.5495733141918858 0.4119001969238116 0.4124789556921527 0.6565329412592942 0.5439282932204211 0.5141364881419063 0.5439282932204211 0.49690399499995325 0.49461598277269725 0.3339294472484345 0.5439282932204211 0.4958001713597666 0.5944704044175749 0.3807498052542948 0.49461598277269725 0.566170774758263 0.489535463898379 0.47790695928014587 

svm-cfs
0.6024849920790337 0.4358559557940942 0.5439282932204211 0.4119001969238116 0.4249182927993987 0.49461598277269725 0.4575468417834785 0.489535463898379 0.4478012614505892 0.4124789556921527 0.5485052307550772 0.5439282932204211 0.3356809724214612 0.4421786425554816 0.5270462766947298 0.43514263457633695 0.3556808622060582 0.5495733141918858 0.3887714671980909 0.5361183073782995 0.43514263457633695 0.5335212933090873 0.4948784375799688 0.5439282932204211 0.36217791140014716 

svm-dtf
0.3923830998417492 0.3556808622060582 0.5439282932204211 0.26838151227534324 0.5034602488997738 0.48115369243064626 0.4743104618297845 0.3887714671980909 0.3822338423076564 0.3339115355603141 0.4460543655670462 0.4575468417834785 0.3207691282870975 0.362215728212258 0.5361183073782995 0.4743104618297845 0.26763261934022775 0.4119001969238116 0.3598889448107231 0.5034602488997738 0.4151352527869789 0.5189885474902461 0.5367630245506865 0.5191911982388868 0.3928371006591931 

svm-svmf
0.3923830998417492 0.5067882393333799 0.7082164952433023 0.4988481143165056 0.39723193461319695 0.4840961809661748 0.4460543655670462 0.4253800730984377 0.6308885070095337 0.24845199749997662 0.35684349245363706 0.4151352527869789 0.3207691282870975 0.33256540954433705 0.4750730937913074 0.5039489032048984 0.565685424949238 0.4421786425554816 0.4837939042080309 0.4249182927993987 0.4545626677752048 0.6456270746542676 0.5470753164377866 0.3887714671980909 0.2946278254943948 

