rand-def
0.2384615384615385 -0.29230769230769227 0.3931623931623931 -0.170940170940171 -0.13888888888888884 0.2384615384615385 -0.29230769230769227 0.017094017094017033 0.20512820512820507 0.05555555555555558 -0.29230769230769227 -0.11538461538461542 0.017094017094017033 0.017094017094017033 0.05555555555555558 0.06153846153846154 0.06153846153846154 -0.170940170940171 -0.170940170940171 0.25 0.06153846153846154 0.06153846153846154 -0.170940170940171 0.017094017094017033 0.05555555555555558 

oner-def
0.0692307692307692 0.1692307692307693 0.3162393162393162 0.2564102564102564 0.25 -0.1692307692307693 0.32307692307692326 0.17948717948717952 -0.0854700854700855 -0.02777777777777768 0.22307692307692317 0.4461538461538461 0.09401709401709413 0.14529914529914523 0.13888888888888884 0.10000000000000009 -0.05384615384615388 0.1367521367521367 0.02564102564102555 0.16666666666666674 0.04615384615384621 -0.09230769230769231 -0.16239316239316237 0.2564102564102564 0.13888888888888884 

oner-cfs
-0.08461538461538454 0.1692307692307693 0.05128205128205132 0.2136752136752138 0.25 0.2153846153846155 -0.18461538461538463 -0.017094017094017144 -0.0854700854700855 0.33333333333333326 0.43846153846153846 0.10000000000000009 0.05128205128205132 0.09401709401709413 -0.02777777777777779 0.11538461538461542 -0.13076923076923075 0.20512820512820507 0.22222222222222232 0.2777777777777777 0.1615384615384614 -0.2846153846153846 0.16239316239316248 -0.07692307692307687 0.11111111111111116 

oner-dtf
0.023076923076923217 0.1692307692307693 0.11111111111111116 0.10256410256410264 0.22222222222222232 0.06153846153846154 0.29230769230769216 0.29059829059829045 -0.0854700854700855 0.11111111111111116 -0.0692307692307692 0.26923076923076916 0.0 -0.017094017094017144 -0.08333333333333337 0.12307692307692308 -0.05384615384615388 0.22222222222222232 0.22222222222222232 0.02777777777777768 0.04615384615384621 -0.038461538461538436 -0.170940170940171 0.11111111111111116 0.13888888888888884 

oner-svmf
0.06153846153846154 0.038461538461538325 0.2136752136752138 0.2136752136752138 0.22222222222222232 0.26923076923076916 0.0 0.11111111111111116 0.04273504273504258 0.36111111111111116 0.06153846153846154 -0.24615384615384617 0.0 0.29059829059829045 0.11111111111111116 0.12307692307692308 0.10000000000000009 0.33333333333333326 -0.008547008547008517 0.2777777777777777 0.04615384615384621 0.2153846153846155 -0.017094017094017144 0.24786324786324787 0.25 

cart-def
0.4461538461538461 -0.08461538461538454 0.05128205128205132 0.29059829059829045 0.4444444444444444 -0.038461538461538436 0.546153846153846 0.32478632478632496 0.05982905982905984 0.22222222222222232 0.36923076923076925 0.08461538461538454 0.29059829059829045 0.28205128205128194 -0.08333333333333326 0.29230769230769216 0.4461538461538461 0.28205128205128194 0.09401709401709413 0.13888888888888884 0.1923076923076923 0.1923076923076923 0.170940170940171 0.1282051282051282 0.22222222222222232 

cart-cfs
0.01538461538461533 0.24615384615384617 0.28205128205128194 0.5897435897435899 0.38888888888888884 0.5153846153846153 0.6461538461538461 0.35897435897435903 0.32478632478632496 0.36111111111111116 0.038461538461538325 0.1923076923076923 0.10256410256410264 0.32478632478632496 0.0 0.32307692307692326 0.09230769230769242 0.28205128205128194 0.32478632478632496 0.4166666666666665 0.09230769230769242 -0.16153846153846163 -0.05128205128205132 0.09401709401709413 0.11111111111111116 

cart-dtf
-0.10769230769230775 0.26923076923076916 0.3162393162393162 0.17948717948717952 0.05555555555555558 -0.11538461538461542 0.4461538461538461 0.1367521367521367 0.24786324786324787 0.6111111111111112 -0.007692307692307665 0.4461538461538461 0.29059829059829045 0.1367521367521367 0.19444444444444442 -0.01538461538461533 0.42307692307692313 0.09401709401709413 0.1367521367521367 0.11111111111111116 -0.13076923076923075 0.12307692307692308 -0.05128205128205132 0.4358974358974359 0.19444444444444442 

cart-svmf
0.1384615384615384 0.26923076923076916 -0.170940170940171 0.2564102564102564 0.5833333333333333 0.5923076923076924 0.46923076923076934 0.1367521367521367 0.29059829059829045 0.3055555555555556 -0.29230769230769227 -0.11538461538461542 0.170940170940171 0.05982905982905984 -0.11111111111111116 0.39230769230769225 0.0692307692307692 0.28205128205128194 -0.3162393162393162 0.22222222222222232 0.1692307692307693 -0.007692307692307665 -0.23931623931623935 0.02564102564102555 -0.02777777777777768 

nb-def
0.11538461538461542 0.32307692307692326 0.4358974358974359 0.2564102564102564 0.33333333333333326 0.26923076923076916 0.24615384615384617 -0.042735042735042805 0.2564102564102564 0.4722222222222223 0.32307692307692326 0.42307692307692313 0.5128205128205128 0.29059829059829045 0.05555555555555558 0.34615384615384626 0.14615384615384608 0.5555555555555556 0.36752136752136755 0.08333333333333326 0.24615384615384617 0.6230769230769231 0.02564102564102555 0.2564102564102564 0.33333333333333326 

nb-cfs
0.04615384615384621 0.12307692307692308 0.5897435897435899 0.4017094017094016 0.13888888888888884 0.46923076923076934 0.546153846153846 0.03418803418803429 0.2136752136752138 0.2777777777777777 0.34615384615384626 0.14615384615384608 0.2564102564102564 0.05982905982905984 -0.02777777777777779 0.04615384615384621 -0.03076923076923066 0.5555555555555556 0.4444444444444444 0.08333333333333326 0.14615384615384608 0.32307692307692326 -0.008547008547008517 0.2564102564102564 0.25 

nb-dtf
0.0692307692307692 0.0692307692307692 -0.11111111111111116 0.29059829059829045 0.22222222222222232 0.13076923076923075 0.22307692307692317 0.0 0.10256410256410264 -0.2222222222222222 0.6461538461538461 0.14615384615384608 -0.06837606837606836 0.2136752136752138 0.13888888888888884 0.1692307692307693 0.0 0.4786324786324787 -0.11111111111111116 0.08333333333333326 0.12307692307692308 0.023076923076923217 -0.042735042735042805 -0.11111111111111116 0.13888888888888884 

nb-svmf
0.0692307692307692 0.2153846153846155 -0.06837606837606836 0.17948717948717952 0.33333333333333326 0.46923076923076934 0.023076923076923217 0.14529914529914523 0.170940170940171 0.02777777777777768 0.22307692307692317 0.0692307692307692 0.4017094017094016 0.24786324786324787 0.4444444444444444 -0.09999999999999998 0.3999999999999999 0.29059829059829045 0.32478632478632496 0.05555555555555558 -0.03076923076923066 0.32307692307692326 -0.07692307692307687 0.36752136752136755 -0.11111111111111116 

rf-def
0.1923076923076923 0.42307692307692313 0.3162393162393162 0.36752136752136755 0.22222222222222232 0.1384615384615384 0.4461538461538461 0.1367521367521367 0.17948717948717952 0.3055555555555556 0.1692307692307693 0.3384615384615386 0.29059829059829045 0.4358974358974359 0.25 0.32307692307692326 0.14615384615384608 0.017094017094017033 0.32478632478632496 0.19444444444444442 0.39230769230769225 0.09230769230769242 0.1367521367521367 0.4358974358974359 0.16666666666666674 

rf-cfs
0.26923076923076916 0.1692307692307693 0.35897435897435903 0.4786324786324787 0.0 0.49230769230769234 0.6230769230769231 0.10256410256410264 0.17948717948717952 0.5 0.36923076923076925 0.2384615384615385 0.10256410256410264 0.1367521367521367 -0.11111111111111116 0.29230769230769216 0.04615384615384621 0.09401709401709413 0.5128205128205128 0.5 0.29230769230769216 0.09230769230769242 -0.16239316239316237 0.4786324786324787 0.4166666666666665 

rf-dtf
-0.2615384615384615 0.1692307692307693 0.1282051282051282 0.17948717948717952 0.36111111111111116 0.1384615384615384 0.4461538461538461 -0.008547008547008517 0.02564102564102555 0.22222222222222232 0.038461538461538325 0.26923076923076916 0.4358974358974359 0.05982905982905984 0.36111111111111116 -0.06153846153846154 0.4461538461538461 0.24786324786324787 0.32478632478632496 0.02777777777777768 0.22307692307692317 -0.2384615384615385 -0.16239316239316237 0.35897435897435903 0.3055555555555556 

rf-svmf
0.038461538461538325 0.11538461538461542 0.170940170940171 -0.042735042735042805 0.2777777777777777 0.3384615384615386 0.24615384615384617 0.2136752136752138 0.17948717948717952 0.4166666666666665 0.1384615384615384 0.41538461538461546 0.5470085470085471 0.5897435897435899 -0.02777777777777768 0.1384615384615384 0.1692307692307693 0.05982905982905984 0.2564102564102564 0.11111111111111116 0.546153846153846 0.0692307692307692 -0.23931623931623935 0.1367521367521367 -0.11111111111111116 

svm-def
0.15384615384615374 0.3615384615384616 0.23076923076923084 0.23931623931623935 0.08333333333333326 0.15384615384615374 0.20769230769230784 0.11965811965811968 0.23931623931623935 0.41666666666666674 -0.023076923076922995 0.23076923076923084 0.08547008547008561 0.23076923076923084 0.11111111111111116 0.20769230769230784 0.43846153846153846 0.23076923076923084 0.19658119658119655 0.05555555555555558 0.4615384615384617 0.20769230769230784 0.008547008547008517 0.3076923076923077 0.2222222222222221 

svm-cfs
0.05384615384615388 0.1615384615384614 0.23076923076923084 0.23931623931623935 0.16666666666666652 0.20769230769230784 0.18461538461538463 0.3076923076923077 0.1282051282051282 0.41666666666666674 0.13076923076923075 0.23076923076923084 0.42735042735042716 0.2735042735042734 0.0 0.3846153846153846 0.3384615384615386 0.11965811965811968 0.3504273504273505 0.13888888888888884 0.3846153846153846 0.007692307692307665 0.05128205128205132 0.23076923076923084 0.38888888888888884 

svm-dtf
0.2153846153846155 0.3384615384615386 0.23076923076923084 0.4700854700854702 0.08333333333333326 0.038461538461538325 0.06153846153846154 0.3504273504273505 0.24786324786324787 0.36111111111111116 0.11538461538461542 0.18461538461538463 0.35897435897435903 0.3162393162393162 0.13888888888888884 0.06153846153846154 0.46923076923076934 0.23931623931623935 0.28205128205128194 0.08333333333333326 0.1923076923076923 -0.01538461538461533 -0.05982905982905984 0.02564102564102555 0.22222222222222232 

svm-svmf
0.2153846153846155 0.14615384615384608 -0.3504273504273505 0.10256410256410264 0.36111111111111116 0.08461538461538454 0.11538461538461542 0.2136752136752138 0.03418803418803429 0.5555555555555554 0.29230769230769216 0.1923076923076923 0.35897435897435903 0.4017094017094016 0.25 0.01538461538461533 0.19999999999999996 0.2735042735042734 0.17948717948717952 0.16666666666666652 0.1692307692307693 -0.05384615384615388 -0.09401709401709402 0.3504273504273505 0.4166666666666665 

