rand-def
0.6086956521739131 0.34782608695652173 0.6666666666666666 0.38095238095238093 0.4 0.6086956521739131 0.34782608695652173 0.47619047619047616 0.5714285714285714 0.5 0.34782608695652173 0.43478260869565216 0.47619047619047616 0.47619047619047616 0.5 0.5217391304347826 0.5217391304347826 0.38095238095238093 0.38095238095238093 0.6 0.5217391304347826 0.5217391304347826 0.38095238095238093 0.47619047619047616 0.5 

oner-def
0.375 0.47058823529411764 0.6363636363636364 0.46153846153846156 0.46153846153846156 0.46153846153846156 0.5333333333333333 0.42857142857142855 0.26666666666666666 0.47619047619047616 0.42857142857142855 0.6666666666666666 0.5 0.3333333333333333 0.3333333333333333 0.18181818181818182 0.15384615384615385 0.47058823529411764 0.375 0.42857142857142855 0.2857142857142857 0.48 0.25 0.46153846153846156 0.3333333333333333 

oner-cfs
0.3333333333333333 0.47058823529411764 0.5217391304347826 0.5 0.6 0.5714285714285714 0.23529411764705882 0.42105263157894735 0.26666666666666666 0.5 0.72 0.18181818181818182 0.5217391304347826 0.5 0.2857142857142857 0.5 0.14285714285714285 0.5714285714285714 0.36363636363636365 0.5333333333333333 0.5833333333333334 0.125 0.5833333333333334 0.0 0.47058823529411764 

oner-dtf
0.16666666666666666 0.47058823529411764 0.2 0.4 0.36363636363636365 0.5217391304347826 0.6 0.5333333333333333 0.26666666666666666 0.2 0.5185185185185185 0.5555555555555556 0.0 0.42105263157894735 0.0 0.3076923076923077 0.15384615384615385 0.36363636363636365 0.36363636363636365 0.18181818181818182 0.2857142857142857 0.45454545454545453 0.38095238095238093 0.2 0.3333333333333333 

oner-svmf
0.5217391304347826 0.47619047619047616 0.5 0.5 0.36363636363636365 0.5555555555555556 0.0 0.2 0.5714285714285714 0.5714285714285714 0.5217391304347826 0.4444444444444444 0.0 0.5333333333333333 0.47058823529411764 0.3076923076923077 0.18181818181818182 0.5 0.2857142857142857 0.5333333333333333 0.2857142857142857 0.5714285714285714 0.42105263157894735 0.5555555555555556 0.46153846153846156 

cart-def
0.6666666666666666 0.3333333333333333 0.5217391304347826 0.5333333333333333 0.6153846153846154 0.45454545454545453 0.7368421052631579 0.5882352941176471 0.4444444444444444 0.5555555555555556 0.631578947368421 0.56 0.5333333333333333 0.6 0.35294117647058826 0.6 0.6666666666666666 0.6 0.5 0.5263157894736842 0.5263157894736842 0.5263157894736842 0.5263157894736842 0.5454545454545454 0.5555555555555556 

cart-cfs
0.42105263157894735 0.5 0.6 0.75 0.625 0.75 0.8 0.631578947368421 0.5882352941176471 0.6666666666666666 0.47619047619047616 0.5263157894736842 0.4 0.5882352941176471 0.375 0.5333333333333333 0.4444444444444444 0.6 0.5882352941176471 0.6666666666666666 0.4444444444444444 0.3157894736842105 0.35294117647058826 0.5 0.47058823529411764 

cart-dtf
0.25 0.5555555555555556 0.6363636363636364 0.42857142857142855 0.3076923076923077 0.43478260869565216 0.6666666666666666 0.47058823529411764 0.5555555555555556 0.7777777777777778 0.35294117647058826 0.6666666666666666 0.5333333333333333 0.47058823529411764 0.6086956521739131 0.5 0.625 0.5 0.47058823529411764 0.47058823529411764 0.14285714285714285 0.3076923076923077 0.35294117647058826 0.6666666666666666 0.5 

cart-svmf
0.5454545454545454 0.5555555555555556 0.38095238095238093 0.46153846153846156 0.75 0.782608695652174 0.7 0.47058823529411764 0.5333333333333333 0.6666666666666666 0.34782608695652173 0.43478260869565216 0.5263157894736842 0.4444444444444444 0.45454545454545453 0.6666666666666666 0.375 0.6 0.2222222222222222 0.5555555555555556 0.47058823529411764 0.35294117647058826 0.23529411764705882 0.375 0.47619047619047616 

nb-def
0.5 0.5333333333333333 0.6666666666666666 0.46153846153846156 0.5 0.5555555555555556 0.5 0.16666666666666666 0.46153846153846156 0.6666666666666666 0.5333333333333333 0.625 0.7058823529411765 0.5333333333333333 0.3076923076923077 0.5882352941176471 0.4 0.7142857142857143 0.5714285714285714 0.4 0.5 0.7777777777777778 0.375 0.46153846153846156 0.5 

nb-cfs
0.2857142857142857 0.3076923076923077 0.75 0.625 0.3333333333333333 0.7 0.7368421052631579 0.18181818181818182 0.5 0.5333333333333333 0.5882352941176471 0.4 0.46153846153846156 0.4444444444444444 0.2857142857142857 0.2857142857142857 0.26666666666666666 0.7142857142857143 0.6153846153846154 0.4 0.4 0.5333333333333333 0.2857142857142857 0.46153846153846156 0.46153846153846156 

nb-dtf
0.375 0.375 0.5333333333333333 0.5333333333333333 0.36363636363636365 0.6206896551724138 0.42857142857142855 0.5806451612903226 0.4 0.5 0.8 0.4 0.5185185185185185 0.5 0.3333333333333333 0.47058823529411764 0.6060606060606061 0.6666666666666666 0.5333333333333333 0.4 0.3076923076923077 0.16666666666666666 0.16666666666666666 0.5333333333333333 0.3333333333333333 

nb-svmf
0.375 0.5714285714285714 0.5185185185185185 0.42857142857142855 0.5 0.7 0.16666666666666666 0.3333333333333333 0.5263157894736842 0.4444444444444444 0.42857142857142855 0.375 0.625 0.5555555555555556 0.7 0.5625 0.5714285714285714 0.5333333333333333 0.5882352941176471 0.3076923076923077 0.26666666666666666 0.5333333333333333 0.0 0.5714285714285714 0.26666666666666666 

rf-def
0.5263157894736842 0.625 0.6363636363636364 0.5714285714285714 0.36363636363636365 0.5454545454545454 0.6666666666666666 0.47058823529411764 0.42857142857142855 0.5882352941176471 0.47058823529411764 0.6666666666666666 0.5333333333333333 0.6666666666666666 0.46153846153846156 0.5333333333333333 0.4 0.47619047619047616 0.5882352941176471 0.5 0.6666666666666666 0.4444444444444444 0.47058823529411764 0.6666666666666666 0.42857142857142855 

rf-cfs
0.5555555555555556 0.47058823529411764 0.631578947368421 0.6666666666666666 0.375 0.7272727272727273 0.7777777777777778 0.4 0.42857142857142855 0.7058823529411765 0.631578947368421 0.6086956521739131 0.4 0.47058823529411764 0.26666666666666666 0.6 0.2857142857142857 0.5 0.7058823529411765 0.7058823529411765 0.6 0.4444444444444444 0.25 0.6666666666666666 0.6666666666666666 

rf-dtf
0.2222222222222222 0.47058823529411764 0.5454545454545454 0.42857142857142855 0.5714285714285714 0.5454545454545454 0.6666666666666666 0.2857142857142857 0.375 0.5555555555555556 0.47619047619047616 0.5555555555555556 0.6666666666666666 0.4444444444444444 0.6666666666666666 0.4 0.6666666666666666 0.5555555555555556 0.5882352941176471 0.4444444444444444 0.42857142857142855 0.3 0.25 0.631578947368421 0.5882352941176471 

rf-svmf
0.47619047619047616 0.5 0.5263157894736842 0.16666666666666666 0.5333333333333333 0.6666666666666666 0.5 0.5 0.42857142857142855 0.6666666666666666 0.5454545454545454 0.6956521739130435 0.7368421052631579 0.75 0.47619047619047616 0.5454545454545454 0.47058823529411764 0.4444444444444444 0.46153846153846156 0.47058823529411764 0.7368421052631579 0.375 0.23529411764705882 0.47058823529411764 0.26666666666666666 

svm-def
0.6451612903225806 0.6923076923076923 0.6428571428571429 0.6086956521739131 0.5454545454545454 0.6451612903225806 0.6428571428571429 0.5925925925925926 0.6086956521739131 0.72 0.5806451612903226 0.6666666666666666 0.56 0.6428571428571429 0.5833333333333334 0.6428571428571429 0.72 0.6428571428571429 0.6153846153846154 0.5925925925925926 0.7407407407407407 0.6428571428571429 0.5384615384615384 0.6666666666666666 0.64 

svm-cfs
0.6 0.5833333333333334 0.6428571428571429 0.6086956521739131 0.5714285714285714 0.6428571428571429 0.6153846153846154 0.6666666666666666 0.5454545454545454 0.72 0.6206896551724138 0.6666666666666666 0.6956521739130435 0.64 0.5217391304347826 0.7142857142857143 0.6666666666666666 0.5925925925925926 0.6666666666666666 0.6153846153846154 0.7142857142857143 0.5384615384615384 0.5217391304347826 0.6428571428571429 0.6956521739130435 

svm-dtf
0.5714285714285714 0.6666666666666666 0.6428571428571429 0.7 0.4 0.47619047619047616 0.5217391304347826 0.6666666666666666 0.5555555555555556 0.6666666666666666 0.5 0.6153846153846154 0.631578947368421 0.6363636363636364 0.6153846153846154 0.5217391304347826 0.7 0.6086956521739131 0.6 0.4 0.5263157894736842 0.5 0.45454545454545453 0.375 0.5555555555555556 

svm-svmf
0.5714285714285714 0.4 0.125 0.4 0.5714285714285714 0.56 0.5 0.5 0.18181818181818182 0.7619047619047619 0.6 0.5263157894736842 0.631578947368421 0.625 0.46153846153846156 0.42105263157894735 0.3333333333333333 0.64 0.42857142857142855 0.5714285714285714 0.47058823529411764 0.15384615384615385 0.4 0.6666666666666666 0.6666666666666666 

