rand-def
0.5929289862840704 0.6152644530786922 0.4880605751338659 0.5515445484173412 0.500039858105209 0.5309418701814035 0.4249182927993987 0.4249182927993987 0.6152644530786922 0.4344830378784442 0.40777714398206705 0.6152644530786922 0.5515445484173412 0.4249182927993987 0.6321340293976024 0.40777714398206705 0.4249182927993987 0.4880605751338659 0.4880605751338659 0.5659615711335885 0.4691890965319828 0.6152644530786922 0.4880605751338659 0.3622963987615051 0.500039858105209 

rand-def-smote
0.5929289862840704 0.6152644530786922 0.4880605751338659 0.5515445484173412 0.500039858105209 0.5309418701814035 0.4249182927993987 0.4249182927993987 0.6152644530786922 0.4344830378784442 0.40777714398206705 0.6152644530786922 0.5515445484173412 0.4249182927993987 0.6321340293976024 0.40777714398206705 0.4249182927993987 0.4880605751338659 0.4880605751338659 0.5659615711335885 0.4691890965319828 0.6152644530786922 0.4880605751338659 0.3622963987615051 0.500039858105209 

oner-def
0.0 0.10017346066809422 0.0 0.04714045207910317 0.044194173824159216 0.041594516540385144 0.044194173824159216 0.0 0.09428090415820634 0.0 0.09428090415820634 0.0 0.044194173824159216 0.0 0.0 0.0 0.0 0.04714045207910317 0.0 0.050507627227610534 0.04714045207910317 0.13258252147247765 0.0 0.04714045207910317 0.044194173824159216 

oner-def-smote
0.0 0.10017346066809422 0.0 0.04714045207910317 0.0 0.0 0.0 0.0 0.09428090415820634 0.0 0.09428090415820634 0.0 0.0 0.0 0.0 0.0 0.0 0.04714045207910317 0.0 0.050507627227610534 0.04714045207910317 0.0 0.0 0.04714045207910317 0.0 

oner-cfs
0.0 0.04714045207910317 0.04714045207910317 0.09428090415820634 0.050507627227610534 0.0 0.04714045207910317 0.0 0.04714045207910317 0.050507627227610534 0.09428090415820634 0.04714045207910317 0.0 0.0 0.10101525445522107 0.04714045207910317 0.0 0.04714045207910317 0.04714045207910317 0.0 0.09428090415820634 0.0 0.0 0.09428090415820634 0.050507627227610534 

oner-cfs-smote
0.0 0.04714045207910317 0.04714045207910317 0.09428090415820634 0.050507627227610534 0.0 0.04714045207910317 0.0 0.04714045207910317 0.050507627227610534 0.09428090415820634 0.04714045207910317 0.0 0.0 0.10101525445522107 0.04714045207910317 0.0 0.04714045207910317 0.04714045207910317 0.0 0.09428090415820634 0.0 0.0 0.09428090415820634 0.050507627227610534 

oner-dtf
0.04714045207910317 0.06461692674696176 0.0 0.04714045207910317 0.0 0.041594516540385144 0.0 0.0 0.09428090415820634 0.0 0.09428090415820634 0.0 0.0 0.044194173824159216 0.0 0.0 0.0 0.10017346066809422 0.04714045207910317 0.050507627227610534 0.04714045207910317 0.13258252147247765 0.0 0.04714045207910317 0.044194173824159216 

oner-dtf-smote
0.04714045207910317 0.06461692674696176 0.0 0.04714045207910317 0.0 0.041594516540385144 0.0 0.0 0.09428090415820634 0.0 0.09428090415820634 0.0 0.0 0.044194173824159216 0.0 0.0 0.0 0.10017346066809422 0.04714045207910317 0.050507627227610534 0.04714045207910317 0.13258252147247765 0.0 0.04714045207910317 0.0 

oner-svmf
0.04714045207910317 0.06461692674696176 0.04714045207910317 0.09428090415820634 0.050507627227610534 0.0 0.04714045207910317 0.0 0.18856180831641267 0.050507627227610534 0.09428090415820634 0.04714045207910317 0.0 0.04714045207910317 0.0 0.04714045207910317 0.09428090415820634 0.10017346066809422 0.04714045207910317 0.0 0.09428090415820634 0.06461692674696176 0.0 0.09428090415820634 0.044194173824159216 

oner-svmf-smote
0.04714045207910317 0.06461692674696176 0.04714045207910317 0.09428090415820634 0.050507627227610534 0.0 0.04714045207910317 0.0 0.18856180831641267 0.050507627227610534 0.09428090415820634 0.04714045207910317 0.0 0.04714045207910317 0.0 0.04714045207910317 0.09428090415820634 0.10017346066809422 0.04714045207910317 0.0 0.09428090415820634 0.06461692674696176 0.0 0.09428090415820634 0.044194173824159216 

cart-def
0.041594516540385144 0.10017346066809422 0.0 0.04714045207910317 0.044194173824159216 0.041594516540385144 0.04714045207910317 0.0 0.09428090415820634 0.0 0.09428090415820634 0.0 0.044194173824159216 0.0 0.0 0.041594516540385144 0.0 0.04714045207910317 0.0 0.050507627227610534 0.04714045207910317 0.08838834764831843 0.0 0.04714045207910317 0.06711293026059333 

cart-def-smote
0.041594516540385144 0.10017346066809422 0.0 0.04714045207910317 0.0 0.0 0.0 0.0 0.09428090415820634 0.0 0.09428090415820634 0.0 0.044194173824159216 0.0 0.0 0.041594516540385144 0.0 0.04714045207910317 0.0 0.050507627227610534 0.04714045207910317 0.0 0.0 0.04714045207910317 0.0 

cart-cfs
0.0 0.04714045207910317 0.0 0.044194173824159216 0.044194173824159216 0.0 0.0 0.0 0.04714045207910317 0.06711293026059333 0.04714045207910317 0.0 0.044194173824159216 0.0 0.10101525445522107 0.06286752761522116 0.0 0.06461692674696176 0.044194173824159216 0.0 0.0 0.044194173824159216 0.0 0.04714045207910317 0.044194173824159216 

cart-cfs-smote
0.0 0.04714045207910317 0.0 0.044194173824159216 0.044194173824159216 0.0 0.0 0.0 0.04714045207910317 0.06711293026059333 0.04714045207910317 0.0 0.044194173824159216 0.0 0.10101525445522107 0.06286752761522116 0.0 0.06461692674696176 0.044194173824159216 0.0 0.0 0.044194173824159216 0.0 0.04714045207910317 0.044194173824159216 

cart-dtf
0.0 0.06461692674696176 0.0 0.04714045207910317 0.0 0.041594516540385144 0.0 0.0 0.09428090415820634 0.0 0.09428090415820634 0.044194173824159216 0.044194173824159216 0.044194173824159216 0.0 0.0 0.0 0.10017346066809422 0.04714045207910317 0.0 0.04714045207910317 0.08838834764831843 0.0 0.04714045207910317 0.044194173824159216 

cart-dtf-smote
0.0 0.06461692674696176 0.0 0.04714045207910317 0.0 0.041594516540385144 0.0 0.0 0.09428090415820634 0.0 0.09428090415820634 0.044194173824159216 0.044194173824159216 0.044194173824159216 0.0 0.0 0.0 0.10017346066809422 0.04714045207910317 0.0 0.04714045207910317 0.08838834764831843 0.0 0.04714045207910317 0.044194173824159216 

cart-svmf
0.0 0.06461692674696176 0.04714045207910317 0.06461692674696176 0.050507627227610534 0.041594516540385144 0.04714045207910317 0.0 0.09428090415820634 0.044194173824159216 0.09428090415820634 0.04714045207910317 0.044194173824159216 0.04714045207910317 0.0 0.0 0.04714045207910317 0.10017346066809422 0.044194173824159216 0.0 0.0 0.06461692674696176 0.0 0.09428090415820634 0.044194173824159216 

cart-svmf-smote
0.0 0.06461692674696176 0.04714045207910317 0.06461692674696176 0.050507627227610534 0.041594516540385144 0.04714045207910317 0.0 0.09428090415820634 0.044194173824159216 0.09428090415820634 0.04714045207910317 0.044194173824159216 0.04714045207910317 0.0 0.0 0.04714045207910317 0.10017346066809422 0.044194173824159216 0.0 0.0 0.06461692674696176 0.0 0.09428090415820634 0.044194173824159216 

nb-def
0.041594516540385144 0.10017346066809422 0.044194173824159216 0.0 0.0 0.041594516540385144 0.044194173824159216 0.08838834764831843 0.04714045207910317 0.0 0.04714045207910317 0.0 0.08838834764831843 0.044194173824159216 0.044194173824159216 0.0 0.08838834764831843 0.06461692674696176 0.0 0.044194173824159216 0.08318903308077029 0.044194173824159216 0.0 0.04714045207910317 0.044194173824159216 

nb-def-smote
0.041594516540385144 0.10017346066809422 0.044194173824159216 0.0 0.0 0.041594516540385144 0.044194173824159216 0.08838834764831843 0.04714045207910317 0.0 0.04714045207910317 0.0 0.08838834764831843 0.044194173824159216 0.044194173824159216 0.0 0.08838834764831843 0.06461692674696176 0.0 0.044194173824159216 0.08318903308077029 0.044194173824159216 0.0 0.04714045207910317 0.044194173824159216 

nb-cfs
0.0 0.06461692674696176 0.0 0.10017346066809422 0.0 0.041594516540385144 0.0 0.0 0.04714045207910317 0.044194173824159216 0.13339099099368587 0.0 0.044194173824159216 0.044194173824159216 0.08838834764831843 0.041594516540385144 0.0 0.08838834764831843 0.13258252147247765 0.06711293026059333 0.04714045207910317 0.13258252147247765 0.044194173824159216 0.04714045207910317 0.044194173824159216 

nb-cfs-smote
0.0 0.06461692674696176 0.0 0.10017346066809422 0.0 0.041594516540385144 0.0 0.0 0.04714045207910317 0.044194173824159216 0.13339099099368587 0.0 0.044194173824159216 0.044194173824159216 0.08838834764831843 0.041594516540385144 0.0 0.08838834764831843 0.13258252147247765 0.06711293026059333 0.04714045207910317 0.13258252147247765 0.044194173824159216 0.04714045207910317 0.044194173824159216 

nb-dtf
0.0 0.10017346066809422 0.0 0.0 0.0 0.041594516540385144 0.044194173824159216 0.0 0.04714045207910317 0.0 0.04714045207910317 0.0 0.0 0.044194173824159216 0.0 0.0 0.044194173824159216 0.13258252147247765 0.044194173824159216 0.044194173824159216 0.0 0.08838834764831843 0.0 0.04714045207910317 0.044194173824159216 

nb-dtf-smote
0.0 0.10017346066809422 0.0 0.0 0.0 0.041594516540385144 0.044194173824159216 0.0 0.04714045207910317 0.0 0.04714045207910317 0.0 0.0 0.044194173824159216 0.0 0.0 0.044194173824159216 0.13258252147247765 0.044194173824159216 0.044194173824159216 0.0 0.08838834764831843 0.0 0.04714045207910317 0.044194173824159216 

nb-svmf
0.0 0.044194173824159216 0.04714045207910317 0.14071370658973567 0.13258252147247765 0.0 0.08838834764831843 0.13258252147247765 0.09428090415820634 0.050507627227610534 0.2949530619054708 0.0 0.0 0.0 0.0 0.04714045207910317 0.04714045207910317 0.08838834764831843 0.08838834764831843 0.050507627227610534 0.09561713992342437 0.10017346066809422 0.0 0.09428090415820634 0.044194173824159216 

nb-svmf-smote
0.0 0.044194173824159216 0.04714045207910317 0.14071370658973567 0.13258252147247765 0.0 0.08838834764831843 0.13258252147247765 0.09428090415820634 0.050507627227610534 0.2949530619054708 0.0 0.0 0.0 0.0 0.04714045207910317 0.04714045207910317 0.08838834764831843 0.08838834764831843 0.050507627227610534 0.13339099099368587 0.10017346066809422 0.0 0.09428090415820634 0.044194173824159216 

rf-def
0.0 0.04714045207910317 0.0 0.0 0.0 0.041594516540385144 0.0 0.0 0.04714045207910317 0.0 0.04714045207910317 0.0 0.0 0.0 0.0 0.0 0.0 0.04714045207910317 0.0 0.0 0.0 0.0 0.0 0.04714045207910317 0.050507627227610534 

rf-def-smote
0.0 0.06461692674696176 0.0 0.04714045207910317 0.0 0.041594516540385144 0.0 0.0 0.04714045207910317 0.0 0.04714045207910317 0.0 0.044194173824159216 0.0 0.0 0.0 0.0 0.04714045207910317 0.0 0.0 0.0 0.0 0.0 0.04714045207910317 0.0 

rf-cfs
0.04714045207910317 0.06461692674696176 0.04714045207910317 0.0 0.0 0.041594516540385144 0.04714045207910317 0.0 0.1414213562373095 0.0 0.09428090415820634 0.0 0.044194173824159216 0.0 0.10101525445522107 0.04714045207910317 0.04714045207910317 0.044194173824159216 0.0 0.0 0.0 0.0 0.0 0.09428090415820634 0.0 

rf-cfs-smote
0.04714045207910317 0.06461692674696176 0.09428090415820634 0.04714045207910317 0.044194173824159216 0.041594516540385144 0.04714045207910317 0.0 0.1414213562373095 0.0 0.09428090415820634 0.09428090415820634 0.044194173824159216 0.04714045207910317 0.0 0.04714045207910317 0.04714045207910317 0.0 0.0 0.0 0.0 0.0 0.0 0.09428090415820634 0.044194173824159216 

rf-dtf
0.0 0.04714045207910317 0.0 0.04714045207910317 0.0 0.0 0.06461692674696176 0.0 0.09428090415820634 0.0 0.09428090415820634 0.0 0.0 0.0 0.0 0.0 0.0 0.06461692674696176 0.04714045207910317 0.050507627227610534 0.04714045207910317 0.044194173824159216 0.0 0.04714045207910317 0.044194173824159216 

rf-dtf-smote
0.0 0.04714045207910317 0.0 0.04714045207910317 0.0 0.0 0.044194173824159216 0.0 0.09428090415820634 0.0 0.09428090415820634 0.0 0.0 0.04714045207910317 0.0 0.0 0.0 0.04714045207910317 0.06461692674696176 0.050507627227610534 0.04714045207910317 0.044194173824159216 0.0 0.04714045207910317 0.044194173824159216 

rf-svmf
0.04714045207910317 0.06461692674696176 0.04714045207910317 0.0 0.0 0.0 0.04714045207910317 0.0 0.1414213562373095 0.06711293026059333 0.1414213562373095 0.09428090415820634 0.0 0.04714045207910317 0.10101525445522107 0.04714045207910317 0.09428090415820634 0.04714045207910317 0.04714045207910317 0.0 0.04714045207910317 0.06461692674696176 0.0 0.09428090415820634 0.044194173824159216 

rf-svmf-smote
0.04714045207910317 0.06461692674696176 0.04714045207910317 0.044194173824159216 0.0 0.0 0.0 0.0 0.1414213562373095 0.06711293026059333 0.1414213562373095 0.09428090415820634 0.0 0.0 0.10101525445522107 0.04714045207910317 0.09428090415820634 0.04714045207910317 0.044194173824159216 0.0 0.04714045207910317 0.06461692674696176 0.0 0.09428090415820634 0.044194173824159216 

svm-def
0.6128258770283411 0.37712361663282534 0.37712361663282534 0.6128258770283411 0.40406101782088427 0.565685424949238 0.42426406871192845 0.42426406871192845 0.5185449728701348 0.656599153958937 0.5185449728701348 0.42426406871192845 0.565685424949238 0.37712361663282534 0.5050762722761053 0.565685424949238 0.4714045207910316 0.4714045207910316 0.4714045207910316 0.6060915267313264 0.5185449728701348 0.5185449728701348 0.4714045207910316 0.565685424949238 0.6060915267313264 

svm-def-smote
0.6128258770283411 0.5745242597140698 0.44194173824159216 0.6128258770283411 0.40406101782088427 0.565685424949238 0.42426406871192845 0.42426406871192845 0.5185449728701348 0.656599153958937 0.5185449728701348 0.42426406871192845 0.565685424949238 0.5745242597140698 0.5050762722761053 0.565685424949238 0.4714045207910316 0.4714045207910316 0.4714045207910316 0.6060915267313264 0.5185449728701348 0.5185449728701348 0.4714045207910316 0.565685424949238 0.6060915267313264 

svm-cfs
0.08318903308077029 0.22097086912079608 0.044194173824159216 0.13258252147247765 0.17677669529663687 0.20797258270192573 0.044194173824159216 0.08838834764831843 0.30935921676911454 0.08838834764831843 0.20797258270192573 0.08838834764831843 0.08838834764831843 0.17677669529663687 0.22097086912079608 0.16637806616154058 0.0 0.08838834764831843 0.17677669529663687 0.0 0.08318903308077029 0.17677669529663687 0.13258252147247765 0.044194173824159216 0.2651650429449553 

svm-cfs-smote
0.08318903308077029 0.22097086912079608 0.044194173824159216 0.13258252147247765 0.17677669529663687 0.20797258270192573 0.044194173824159216 0.08838834764831843 0.30935921676911454 0.08838834764831843 0.20797258270192573 0.08838834764831843 0.08838834764831843 0.17677669529663687 0.22097086912079608 0.16637806616154058 0.0 0.08838834764831843 0.17677669529663687 0.0 0.08318903308077029 0.17677669529663687 0.13258252147247765 0.044194173824159216 0.2651650429449553 

svm-dtf
0.16637806616154058 0.2651650429449553 0.37712361663282534 0.6128258770283411 0.13258252147247765 0.565685424949238 0.42426406871192845 0.22097086912079608 0.5185449728701348 0.656599153958937 0.5185449728701348 0.13258252147247765 0.565685424949238 0.2651650429449553 0.5050762722761053 0.12478354962115544 0.13258252147247765 0.2651650429449553 0.13258252147247765 0.6060915267313264 0.5185449728701348 0.4861359120657514 0.17677669529663687 0.17677669529663687 0.6060915267313264 

svm-dtf-smote
0.16637806616154058 0.35355339059327373 0.35355339059327373 0.6128258770283411 0.22097086912079608 0.565685424949238 0.42426406871192845 0.2651650429449553 0.5185449728701348 0.08838834764831843 0.5185449728701348 0.13258252147247765 0.565685424949238 0.30935921676911454 0.5050762722761053 0.16637806616154058 0.13258252147247765 0.2651650429449553 0.13258252147247765 0.6060915267313264 0.41594516540385146 0.4861359120657514 0.22097086912079608 0.17677669529663687 0.6060915267313264 

svm-svmf
0.0 0.08838834764831843 0.04714045207910317 0.044194173824159216 0.044194173824159216 0.041594516540385144 0.044194173824159216 0.13258252147247765 0.04714045207910317 0.044194173824159216 0.10304849681153656 0.0 0.0 0.0 0.0 0.0 0.04714045207910317 0.17677669529663687 0.08838834764831843 0.0 0.0 0.1829541533341679 0.13258252147247765 0.09428090415820634 0.044194173824159216 

svm-svmf-smote
0.0 0.08838834764831843 0.04714045207910317 0.044194173824159216 0.08838834764831843 0.041594516540385144 0.044194173824159216 0.13258252147247765 0.04714045207910317 0.044194173824159216 0.10304849681153656 0.0 0.0 0.0 0.0 0.0 0.04714045207910317 0.17677669529663687 0.08838834764831843 0.0 0.0 0.1829541533341679 0.13258252147247765 0.09428090415820634 0.044194173824159216 

